,time,gait,r,p,y,x,yy,z,wx,wy,wz,vx,vy,vz
0,1625451591.5209424,0.0,0.0,0.0,0.0,0.0,0.0,0.0,0.0,0.0,0.0,0.0,0.0,0.0
1,1625451591.597135,0.0,-0.05503465235233307,-0.010861869901418686,0.007139203604310751,2.7546799154648527e-06,7.96716616187354e-07,0.08679050267623939,-0.000697641575243324,0.0009629845153540373,-0.0029358691535890102,0.00018467843370608488,0.00022612019910937575,-0.00023387224247929515
2,1625451591.607187,0.0,-0.05504143238067627,-0.010875402018427849,0.007138772401958704,9.96425626800801e-07,2.358689341910858e-06,0.08679038882274233,0.000367622880730778,-0.0022328088525682688,0.00771677540615201,-1.8293632300214028e-05,0.00016304701991514555,-7.33613700835959e-05
3,1625451591.6174135,0.0,-0.05502700433135033,-0.01085167657583952,0.007154493127018213,3.271673790022911e-06,2.0674817015342573e-07,0.08679058606053484,-0.001762906089425087,-0.006493866443634033,0.0002599241561256349,5.1570594935166096e-05,-6.123229387019983e-05,-3.2015934747041195e-05
4,1625451591.6274235,0.0,-0.05502645671367645,-0.01086414698511362,0.007155044469982386,3.2086988386650916e-06,1.1722776903852483e-06,0.08678759687281955,-0.004958699457347393,-0.004363337531685829,-0.005066398065537214,6.220613233821354e-05,-8.446513366046286e-05,-6.692878280786915e-05
5,1625451591.637616,0.0,-0.055025145411491394,-0.010843382216989994,0.007155860308557749,3.3358395714125355e-06,-8.855723293565987e-08,0.086789377459685,0.003563416190445423,0.0030935134273022413,0.003455717582255602,-3.165617198240907e-05,-2.6462303681224754e-05,9.191654103932329e-07
6,1625451591.6472502,0.0,-0.05500805377960205,-0.010850632563233376,0.007148596923798323,2.7684209278552863e-06,-1.582976230506128e-06,0.08678944444002164,-0.001762906089425087,-0.005428601987659931,-0.0029358691535890102,2.7988549964355127e-05,-0.000134756753639533,7.945591730459783e-05
7,1625451591.6581733,0.0,-0.055026575922966,-0.010847555473446846,0.007149335462599993,2.7611685418718612e-06,-1.9024995875638329e-06,0.08678620738617807,-0.001762906089425087,-0.00968965981155634,0.0023904531262815,7.634662561509792e-06,-3.9975374101118664e-05,-9.85658749462167e-05
8,1625451591.6673226,0.0,-0.05502701178193092,-0.010824878700077534,0.007176484912633896,6.469761853207523e-06,3.507598342819551e-07,0.0867901947415795,-0.003893435001373291,0.0020282489713281393,-0.005066398065537214,0.00011253620305916675,0.00016488925121374651,0.00011555296401659026
9,1625451591.6771524,0.0,-0.05501995608210564,-0.010809856466948986,0.00716155581176281,6.041893469560522e-06,6.270816901507437e-07,0.0867876292397333,0.006759209558367729,0.009485100395977497,0.004520982038229704,0.0001257630138436924,0.00018374091804493052,0.00015198598556159006
10,1625451591.6872435,0.0,-0.055028170347213745,-0.01078755035996437,0.007168665528297424,6.856332375369811e-06,1.9460007144589397e-07,0.0867880716340029,0.001432887278497219,0.008419835940003395,-0.0018706046976149082,2.499712007999679e-05,1.7075800403426448e-05,-9.307843580020592e-05
11,1625451591.6983054,0.0,-0.055038001388311386,-0.010765858925879002,0.007170423865318298,9.565302745033477e-06,1.1668727174091176e-07,0.0867876815213153,0.003563416190445423,0.0009629845153540373,0.0023904531262815,0.00012491162273970855,-4.495584128476378e-05,-0.00021204867419252632
12,1625451591.7070434,0.0,-0.055033400654792786,-0.010754575952887535,0.0071749091148376465,1.2705185500408445e-05,6.931664955286965e-07,0.08678934566999678,0.000367622880730778,0.0030935134273022413,-0.0008053402998484671,0.00020000220741801325,-1.5960886528582708e-05,-0.0001824856227192345
13,1625451591.7170362,0.0,-0.055034562945365906,-0.010745455510914326,0.007164540700614452,1.249952462036713e-05,9.732390281597114e-07,0.08678885832767629,-0.002828170545399189,-0.003298073308542371,0.006651510950177908,0.0002039607435590234,6.544030566737536e-07,6.611570500822847e-05
14,1625451591.7268553,0.0,-0.05504467710852623,-0.010762146674096584,0.007194084115326405,1.0151195594353124e-05,1.6970606693395007e-06,0.08678755706031166,-0.001762906089425087,-0.006493866443634033,0.0023904531262815,-0.00011314458261807939,3.115264677342026e-05,-2.702171801288787e-05
15,1625451591.7392154,0.0,-0.05502250790596008,-0.010758431628346443,0.007193516939878464,1.1175612135261304e-05,-1.2526583840488659e-06,0.08678653808913839,0.002498151734471321,0.004158778116106987,-0.004001133609563112,-0.0001203358554077511,-4.981357108199356e-05,-0.00014679566232404982
16,1625451591.7516403,0.0,-0.055019862949848175,-0.010731530375778675,0.00721018947660923,1.3493978043233046e-05,-2.4750390274913547e-06,0.08679089610498342,-0.000697641575243324,0.008419835940003395,-0.0029358691535890102,5.9651319197671775e-05,-0.00016394046423494642,1.5117348718124463e-05
17,1625451591.769922,0.0,-0.055008769035339355,-0.010719732381403446,0.007214474491775036,1.540228836858365e-05,-1.4373496513772621e-06,0.08678948478809617,0.000367622880730778,0.0020282489713281393,-0.007196926977485418,7.343066492429022e-05,-6.465577645514954e-05,0.00012278047646054004
18,1625451591.7814777,0.0,-0.055018965154886246,-0.01071158517152071,0.00723030511289835,1.4091758258852338e-05,-2.6181164219721276e-06,0.08678967546843498,0.003563416190445423,-0.00010227994062006474,0.0013251886703073978,9.999543837883107e-06,-1.8998146206235e-05,6.687685209689799e-06
19,1625451591.7879791,0.0,-0.055011581629514694,-0.010706516914069653,0.0072099631652235985,1.455067511687419e-05,-1.0709458009988682e-06,0.08678790209574772,0.006759209558367729,-0.0022328088525682688,0.0013251886703073978,-8.624000109647315e-05,-3.618380304587583e-06,-0.00012308546049960255
20,1625451591.7977476,0.0,-0.05502436310052872,-0.010697754099965096,0.007200437597930431,1.7412854439437242e-05,9.695752688221315e-07,0.08678929307723579,0.002498151734471321,-0.004363337531685829,0.0023904531262815,3.0940889418980804e-06,8.43080068312129e-05,-4.59728177228855e-05
21,1625451591.8074763,0.0,-0.055013976991176605,-0.010709654539823532,0.00723703857511282,1.4053227869952056e-05,-2.013719664399616e-06,0.08678790720496303,-0.000697641575243324,-0.005428601987659931,0.0013251886703073978,-1.2226326743751075e-05,4.660917512244657e-06,-0.00017548287805031347
22,1625451591.8174007,0.0,-0.055022839456796646,-0.010703079402446747,0.007183773443102837,1.709194560595151e-05,8.368676774200834e-07,0.08678930533315989,0.002498151734471321,-0.008624395355582237,0.003455717582255602,9.291140972147253e-06,4.144974444970686e-05,-0.00024725513545657477
23,1625451591.8273997,0.0,-0.055022962391376495,-0.010728065855801105,0.007191156968474388,1.4716049083263183e-05,9.472842772556556e-07,0.08678764245197729,-0.002828170545399189,-0.003298073308542371,0.00771677540615201,-4.9588973657460816e-05,9.901543469120805e-05,-1.579773042128766e-05
24,1625451591.8375342,0.0,-0.05502142384648323,-0.010759447701275349,0.007177470251917839,1.0328974203811792e-05,6.200084735272227e-07,0.08679095869661345,-0.002828170545399189,0.0030935134273022413,-0.004001133609563112,-0.0003789094770963129,-6.456372780403412e-05,3.302958796363714e-05
25,1625451591.8473978,0.0,-0.05500652641057968,-0.010730437934398651,0.007172166369855404,1.3709451036160447e-05,-2.772703944359245e-06,0.0867883550684811,0.003563416190445423,-0.004363337531685829,0.0013251886703073978,-7.555230798083743e-05,-8.208072197776327e-05,3.252477616300621e-05
26,1625451591.8576703,0.0,-0.055001966655254364,-0.010712060146033764,0.007178003899753094,1.4541515167790231e-05,-3.947433195185257e-06,0.08679230394097313,0.001432887278497219,-0.005428601987659931,0.0013251886703073978,0.00021636796262961355,-0.00010433593231814091,6.068276743713399e-05
27,1625451591.8674595,0.0,-0.054993391036987305,-0.010748962871730328,0.0071599604561924934,1.2407249984587587e-05,-2.7099820046061485e-06,0.08679093819707379,-0.001762906089425087,-0.007559130899608135,-0.0029358691535890102,-9.373686562554264e-05,4.830390918403161e-05,4.833259878199321e-05
28,1625451591.8775425,0.0,-0.055000148713588715,-0.010739091783761978,0.007177817635238171,1.208155464894195e-05,-3.223223672674247e-06,0.08678798583253321,-0.004958699457347393,-0.00010227994062006474,-0.0029358691535890102,-0.000149015821830911,2.1028595269892558e-05,-0.0001433331930886642
29,1625451591.8873591,0.0,-0.05499052256345749,-0.01068807952105999,0.007169870659708977,1.6567393988982382e-05,-2.999490668870175e-06,0.08678793779468985,-0.000697641575243324,0.005224042572081089,-0.0029358691535890102,0.00020771946059406173,-4.893400223105135e-05,-2.8168608134152555e-05
30,1625451591.897471,0.0,-0.05500635877251625,-0.010685012675821781,0.007153946906328201,1.7862764211333537e-05,-2.46462749103199e-06,0.08678923979158633,0.002498151734471321,-0.005428601987659931,0.006651510950177908,0.00032408161005603877,3.0034938068365168e-05,6.924606405935729e-05
31,1625451591.907541,0.0,-0.0550013892352581,-0.010660133324563503,0.007159330882132053,2.104076177791847e-05,-2.020875388281107e-06,0.08678960697698114,-0.003893435001373291,-0.0011675443965941668,-0.005066398065537214,0.0002043657000869067,4.305698519564331e-05,0.00024472740713842056
32,1625451591.9175394,0.0,-0.05501703545451164,-0.010670261457562447,0.007164470851421356,1.9079256866651184e-05,-6.326720563692989e-07,0.08678655215507701,0.001432887278497219,0.0020282489713281393,0.006651510950177908,4.057715052989957e-05,0.00010605243232461546,0.00012456523279257895
33,1625451591.9274948,0.0,-0.055016256868839264,-0.0106806680560112,0.007164354436099529,1.7427991474534832e-05,-5.070740425328069e-07,0.086786139070156,0.002498151734471321,-0.0011675443965941668,0.003455717582255602,-8.178738550701304e-05,0.00011461594355031099,4.5999022489810305e-05
34,1625451591.9378126,0.0,-0.055033184587955475,-0.01073194295167923,0.007137645967304707,1.3143247861904794e-05,1.7110969193143144e-06,0.08678918600768223,-0.000697641575243324,-0.013950717635452747,0.0023904531262815,-0.00021500131856706158,6.523465349719666e-05,0.0001830877481507921
35,1625451591.9475508,0.0,-0.055046312510967255,-0.010747929103672504,0.007147599011659622,1.1524847358904133e-05,1.9177345135998336e-06,0.08678747530945949,0.001432887278497219,0.004158778116106987,0.0013251886703073978,-0.0003903197139519882,0.0001751490651208406,-6.654515888728976e-06
36,1625451591.9576192,0.0,-0.05507444217801094,-0.0107458820566535,0.0071287816390395164,1.0868055317261871e-05,5.3258083167126435e-06,0.08678592830610428,-0.006023963913321495,-0.0022328088525682688,-0.0029358691535890102,-0.00014075827421133563,0.0001357211861310894,-0.00021652885480075368
37,1625451591.9675477,0.0,-0.05506778135895729,-0.010765810497105122,0.00711984746158123,1.1131911113890225e-05,3.613154879594793e-06,0.0867860784170469,0.003563416190445423,-0.0011675443965941668,-0.004001133609563112,-4.235744212475054e-05,2.593395577037678e-05,-6.450830487818037e-05
38,1625451591.9774659,0.0,-0.05507805570960045,-0.010770335793495178,0.007110140286386013,1.151032899211063e-05,5.473832540611734e-06,0.08678882045968424,0.003563416190445423,-0.0022328088525682688,-0.0008053402998484671,-4.3505748009422974e-05,6.585820361440807e-05,6.912677520429155e-05
39,1625451591.9874876,0.0,-0.055066999047994614,-0.010749946348369122,0.007106597535312176,1.1816271681223955e-05,5.6659331571298766e-06,0.08678883108240282,0.006759209558367729,-0.007559130899608135,-0.005066398065537214,-1.4621162522739345e-05,7.90920438567425e-05,2.6018445932023696e-05
40,1625451591.997481,0.0,-0.05505139008164406,-0.010781815275549889,0.00710385013371706,9.09444702015122e-06,2.239134434950385e-06,0.08678914297578506,-0.006023963913321495,-0.0011675443965941668,0.006651510950177908,-0.00011517279315767534,-0.00023579592307544322,0.00013682079082214115
41,1625451592.0075986,0.0,-0.055065616965293884,-0.010763026773929596,0.007084358483552933,1.2426012029505273e-05,3.6159230629301264e-06,0.08678566624374848,0.001432887278497219,0.0020282489713281393,-0.0008053402998484671,3.2361483554953075e-05,-0.00012727090918261653,-2.9623591964852656e-05
42,1625451592.0175755,0.0,-0.05504758656024933,-0.010754410177469254,0.007060053758323193,1.1796634503319359e-05,4.114806707984642e-06,0.08679145871119442,0.000367622880730778,-0.005428601987659931,0.0002599241561256349,0.00018350454470476282,5.5166690386058895e-05,5.18834580656075e-05
43,1625451592.0276332,0.0,-0.05504892021417618,-0.010758920572698116,0.007070709019899368,1.2286624878968255e-05,2.997229201773255e-06,0.08678779050094045,-0.002828170545399189,-0.011820188723504543,-0.0029358691535890102,4.044025188353874e-05,-5.8803831201414195e-05,4.0931610731830395e-05
44,1625451592.038108,0.0,-0.0550423227250576,-0.010740397498011589,0.007055514492094517,1.3768781686011866e-05,5.929477864541344e-07,0.08679060726933752,-0.003893435001373291,0.005224042572081089,-0.0018706046976149082,-8.790546138974653e-06,-0.00011951766770975636,-9.837965784185534e-05
45,1625451592.0473614,0.0,-0.05504269525408745,-0.01072357501834631,0.007055433467030525,1.625252984084613e-05,6.224866729506728e-07,0.08678760709666586,-0.000697641575243324,-0.004363337531685829,-0.007196926977485418,0.00010041355900791644,-9.006282204059424e-05,8.257843458918371e-05
46,1625451592.0573587,0.0,-0.055029258131980896,-0.010731463320553303,0.007039695978164673,1.550532457890441e-05,3.467676887303206e-07,0.0867893154091686,0.002498151734471321,-0.003298073308542371,-0.004001133609563112,5.754991262847142e-05,-4.806147644569865e-05,-2.5527339104581195e-05
47,1625451592.0674727,0.0,-0.05504380166530609,-0.010728401131927967,0.007057602517306805,1.4040048678741479e-05,5.351686488963558e-07,0.08679097156103559,0.002498151734471321,0.0020282489713281393,0.004520982038229704,-0.00015532134103994722,2.5417496950758624e-05,6.01030498754691e-05
48,1625451592.0776284,0.0,-0.05504040792584419,-0.01073964312672615,0.007077297195792198,1.2958292581327635e-05,1.4458871017489217e-06,0.08679172364026495,0.002498151734471321,-0.008624395355582237,0.0002599241561256349,-7.611511588894514e-05,3.1078572357637396e-05,8.618427913438667e-05
49,1625451592.0874557,0.0,-0.055039409548044205,-0.010698268190026283,0.007060861214995384,1.7427291353754037e-05,2.3414362748455653e-06,0.0867862785543575,0.004628680646419525,-0.004363337531685829,0.0002599241561256349,0.0001381386678241588,3.4076616472966225e-05,-0.0001224225024920634
50,1625451592.0974576,0.0,-0.05503702536225319,-0.010705850087106228,0.007050343789160252,1.8757734757395006e-05,9.959090788089209e-07,0.08678631793157868,0.006759209558367729,-0.004363337531685829,0.003455717582255602,0.0001879163789690679,-8.16847072912931e-06,-0.00014452667508527695
51,1625451592.107981,0.0,-0.055024437606334686,-0.010690070688724518,0.007034284994006157,1.7663221360764148e-05,-7.300346975408489e-07,0.08679031280159374,0.000367622880730778,-0.006493866443634033,-0.0018706046976149082,0.0002129418752063176,-0.00020593973188309626,0.00038095510054032025
52,1625451592.1175408,0.0,-0.055033981800079346,-0.01068788394331932,0.0070307934656739235,1.8525805202673773e-05,9.350139346872566e-07,0.08679054645821013,-0.000697641575243324,0.0030935134273022413,-0.0018706046976149082,0.0001781986949165257,-0.00010922361319954886,0.0002637234359959113
53,1625451592.1274564,0.0,-0.0550607368350029,-0.010690633207559586,0.007021205499768257,1.844520547824441e-05,4.340617496954857e-06,0.08678858109070849,-0.002828170545399189,-0.010754924267530441,-0.008262191899120808,1.0996296285365069e-05,0.00019622477223246626,-0.0001367302958445762
54,1625451592.137373,0.0,-0.05505797266960144,-0.010666463524103165,0.007032633759081364,2.045439716974462e-05,4.0045943935779205e-06,0.08678859258515476,-0.003893435001373291,-0.00010227994062006474,-0.004001133609563112,3.977518867013035e-05,0.00010236054113060921,-1.1420177352354874e-05
55,1625451592.1474288,0.0,-0.05505497381091118,-0.010651161894202232,0.0070497989654541016,2.0873087232670118e-05,4.3541770750749054e-07,0.08678684026889108,-0.000697641575243324,-0.00010227994062006474,0.0023904531262815,8.112339051808349e-05,-0.00012152018432174218,-5.9159257443007864e-05
56,1625451592.1574368,0.0,-0.055071957409381866,-0.010696261189877987,0.0070294784381985664,1.690668112771382e-05,3.119722149440285e-06,0.08678907879516069,0.000367622880730778,-0.007559130899608135,-0.0029358691535890102,-0.00014957598608931967,2.0621813049995707e-06,3.554134935448636e-05
57,1625451592.1675541,0.0,-0.05506698042154312,-0.0107040423899889,0.007033811882138252,1.7323681970271565e-05,3.718128023189049e-06,0.08679024880218505,-0.003893435001373291,-0.006493866443634033,-0.0008053402998484671,-0.00021906642931238075,0.00010644728643896935,8.191733295645448e-05
58,1625451592.17747,0.0,-0.05506943166255951,-0.01073965709656477,0.007016116753220558,1.4384963290273167e-05,4.95105110563665e-06,0.08679018562845278,0.002498151734471321,-0.004363337531685829,-0.00932745635509491,-0.00020792277593633223,5.874914638934995e-05,1.6333341454222643e-08
59,1625451592.187506,0.0,-0.05503660440444946,-0.010736340656876564,0.00703591201454401,1.2414976587354909e-05,9.81764878178748e-07,0.08678800661493208,0.001432887278497219,-0.004363337531685829,0.0002599241561256349,-0.0002496966856177616,-8.861658941115041e-05,-7.339941576586982e-05
60,1625451592.197412,0.0,-0.05503406748175621,-0.010762402787804604,0.007033740170300007,1.2325073949534526e-05,2.0053459046306954e-06,0.08678713081981912,-0.001762906089425087,-0.00010227994062006474,0.0002599241561256349,-0.00012799365071776496,-0.00015403114177911804,-8.73616422933372e-05
61,1625451592.2075157,0.0,-0.05503992736339569,-0.010769538581371307,0.00704119261354208,1.253678563851307e-05,2.3633821043950176e-07,0.0867893516853864,0.001432887278497219,-0.003298073308542371,-0.0018706046976149082,-6.880198884593735e-05,-0.00016741107240215107,5.4933201225171174e-05
62,1625451592.2174952,0.0,-0.05503026396036148,-0.010794307105243206,0.007058190181851387,9.269066989794905e-06,2.4882565404227286e-06,0.08679206527098142,0.001432887278497219,-0.004363337531685829,-0.00932745635509491,-0.00020700353748244628,-0.00012088301703254686,7.227251954636742e-06
63,1625451592.2274516,0.0,-0.05504348501563072,-0.01080179214477539,0.007039928808808327,8.831862713401528e-06,2.516352061394944e-06,0.08678783813167419,-0.002828170545399189,-0.008624395355582237,-0.0018706046976149082,-0.00015951286237898715,3.079246321534668e-05,-0.00012568563781609917
64,1625451592.2375247,0.0,-0.055051401257514954,-0.010817323811352253,0.007026296108961105,6.423642668874907e-06,2.2989790305558144e-06,0.08678915833040868,-0.000697641575243324,-0.004363337531685829,-0.0018706046976149082,-5.1952735760802144e-05,2.5023042761437146e-05,-0.00014748464993588598
65,1625451592.24745,0.0,-0.055063001811504364,-0.010831544175744057,0.007030338980257511,7.2151488488755855e-06,4.270041093372423e-06,0.0867889518738168,-0.006023963913321495,-0.005428601987659931,0.008782039396464825,-0.00010046895159594088,0.00014675501339110183,-9.193041907413337e-06
66,1625451592.2575,0.0,-0.05505618080496788,-0.01085605937987566,0.007042849436402321,3.013747928576338e-06,3.7640346046766138e-06,0.08678731816320298,0.002498151734471321,-0.0011675443965941668,-0.004001133609563112,-0.00019140682038056166,7.542475197882276e-05,-5.4809725549474765e-05
67,1625451592.2676804,0.0,-0.05505494400858879,-0.010874337516725063,0.007048635743558407,1.2499082831102237e-06,1.5874438387963874e-06,0.0867858299019189,-0.003893435001373291,-0.0011675443965941668,0.0002599241561256349,-0.00030724928819807163,-0.0001123379890477098,-0.00010933283432553351
68,1625451592.2776074,0.0,-0.05503871664404869,-0.01090632937848568,0.00704560149461031,-1.1961818440556216e-06,-9.93609350567748e-07,0.0867894322085353,0.000367622880730778,-0.006493866443634033,-0.0018706046976149082,-0.00021753462694718725,-0.00015095668642227766,0.0001143818564081482
69,1625451592.2877958,0.0,-0.05504266545176506,-0.010917163453996181,0.007020046003162861,-2.2257322988827877e-07,6.438658776766748e-07,0.08679011402384887,-0.003893435001373291,-0.0011675443965941668,-0.007196926977485418,-0.00011590892241051796,-4.885929608490473e-05,0.00012967944600862224
70,1625451592.2985172,0.0,-0.05505266785621643,-0.010915662162005901,0.007019572891294956,-1.942894135534279e-06,1.3600092401699904e-06,0.08678753806255242,-0.000697641575243324,-0.0022328088525682688,0.0002599241561256349,-3.94543434651441e-05,0.00011192694337339265,-0.00011438620623931745
71,1625451592.3075814,0.0,-0.05503447726368904,-0.010912574827671051,0.007023380137979984,-2.4719585385926668e-06,-1.2979378365696181e-06,0.08679072180636163,0.000367622880730778,0.0009629845153540373,0.0013251886703073978,-0.00041534575563209906,-0.00028448165678896794,0.0001072744305124459
72,1625451592.3177319,0.0,-0.05503121763467789,-0.010953143239021301,0.00705313216894865,-5.423145035592103e-06,3.372557771247342e-07,0.08679093699939032,0.000367622880730778,-0.006493866443634033,0.005586246494203806,-0.00045814305393358817,-0.0003170339824973897,0.00023968537573807927
73,1625451592.3273668,0.0,-0.055034421384334564,-0.010917658917605877,0.007035856135189533,-1.3410986795664437e-06,-2.5661936372406435e-07,0.08678895891721498,0.002498151734471321,0.0020282489713281393,0.0013251886703073978,2.529987406081736e-05,2.0496958640833397e-05,-0.00012093561666064977
74,1625451592.3374362,0.0,-0.05503372848033905,-0.010893014259636402,0.007044895552098751,7.021965615569559e-07,8.315307775189074e-07,0.0867888474405741,0.002498151734471321,-0.006493866443634033,0.0002599241561256349,0.00028194866194790954,-9.237637696299201e-06,-9.910556675266947e-05
75,1625451592.3474486,0.0,-0.0550282746553421,-0.01087835244834423,0.007040585391223431,3.1043043982950658e-06,-8.413151349265235e-07,0.08678943674476264,0.002498151734471321,-0.0022328088525682688,-0.0018706046976149082,0.00015225649690402297,-1.8807334776675753e-06,-1.449524143357195e-05
76,1625451592.3574061,0.0,-0.055040523409843445,-0.010847851634025574,0.007048267871141434,5.816148920159692e-06,-7.926947069164525e-07,0.08679104849909046,0.004628680646419525,-0.00968965981155634,0.0023904531262815,0.0002607241524706198,-1.0910860912866037e-05,1.1342641755711168e-07
77,1625451592.3676155,0.0,-0.05505001172423363,-0.010874315164983273,0.007037688046693802,1.3466825899352552e-06,1.1614741021806485e-06,0.08678587147919607,-0.002828170545399189,-0.007559130899608135,0.0002599241561256349,2.8886402029591656e-05,0.00011100618489018799,-0.00010280457578959747
78,1625451592.3774712,0.0,-0.05506328120827675,-0.010868551209568977,0.007022063247859478,2.8977872095839463e-06,4.406591895038392e-06,0.08679021537835607,0.000367622880730778,-0.00968965981155634,-0.0018706046976149082,-0.00011684796517201065,0.00019967683336411437,-8.97633745748616e-05
79,1625451592.387394,0.0,-0.055066145956516266,-0.010883331298828125,0.007005359046161175,1.733880098109264e-06,2.6397525809962463e-06,0.08678703683798034,0.000367622880730778,-0.011820188723504543,-0.0029358691535890102,2.4230726643882604e-05,5.9119346784553175e-05,3.076977219377999e-05
80,1625451592.3974001,0.0,-0.055060386657714844,-0.010902016423642635,0.007014493457973003,3.1224255192530137e-07,2.001600799918235e-06,0.0867903969340062,0.004628680646419525,-0.006493866443634033,0.004520982038229704,-0.0001820510629818807,-5.8994529289569867e-05,2.2338838835037935e-05
81,1625451592.40752,0.0,-0.05508073419332504,-0.010883317328989506,0.007032264955341816,8.826925658456108e-07,4.734030675392076e-06,0.086788903814181,-0.000697641575243324,0.0020282489713281393,0.004520982038229704,-0.00016291296032039685,-0.00025079382230147455,0.00021711955702295713
82,1625451592.417507,0.0,-0.05506034940481186,-0.010900232009589672,0.00701031181961298,1.2840490228940848e-06,4.00918270027778e-06,0.08678729027011874,0.004628680646419525,0.0009629845153540373,0.0002599241561256349,-4.101355776690183e-05,-0.0002676016560363568,3.900002725187506e-05
83,1625451592.4274867,0.0,-0.05508498102426529,-0.010889907367527485,0.007028650492429733,2.0580966830080483e-07,5.184831863305761e-06,0.08679300627360079,-0.000697641575243324,-0.004363337531685829,0.005586246494203806,-4.933790474744939e-05,1.4879934745936042e-05,8.406897926845624e-05
84,1625451592.4375672,0.0,-0.05510930344462395,-0.010893059894442558,0.007023119367659092,-4.966092898017749e-08,6.290592448519872e-06,0.08678704270804725,0.001432887278497219,0.0030935134273022413,-0.0029358691535890102,-0.00011616083242002871,0.0001235125601218624,1.3696414227098422e-05
85,1625451592.4476705,0.0,-0.055096518248319626,-0.010861420072615147,0.007019957527518272,4.69249561671492e-06,7.162389847784056e-06,0.0867886655512707,-0.000697641575243324,0.0030935134273022413,-0.0008053402998484671,0.00013718705304847147,7.13974075411792e-05,-0.00016028514039073555
86,1625451592.4573457,0.0,-0.055088840425014496,-0.010905145667493343,0.0069974083453416824,1.9374247497983e-07,6.385651397891601e-06,0.08678743598628297,-0.003893435001373291,0.0009629845153540373,0.00771677540615201,-7.180329860263791e-06,-8.503967245407957e-05,9.089261695375329e-05
87,1625451592.4674916,0.0,-0.055093348026275635,-0.010912209749221802,0.00703056063503027,-1.6301458813511305e-06,6.84097571921477e-06,0.08678865664236356,0.002498151734471321,-0.00010227994062006474,0.003455717582255602,-0.000305068512232657,-1.8516657508343202e-05,-4.661278928427666e-06
88,1625451592.4774208,0.0,-0.05511467531323433,-0.010964014567434788,0.007014831528067589,-5.080235382391718e-06,9.626110373209262e-06,0.08678714938641616,0.000367622880730778,-0.003298073308542371,0.0002599241561256349,-0.00030360071026903863,0.00015419792166500892,-2.181329357006968e-05
89,1625451592.4874258,0.0,-0.0550929419696331,-0.010960280895233154,0.00698003638535738,-5.515729047479712e-06,5.8651374248708255e-06,0.08678705552910679,0.008889738470315933,-0.003298073308542371,0.0023904531262815,-0.00023556455104954417,-1.9085425317305386e-05,-4.5882345459357984e-05
90,1625451592.4974701,0.0,-0.05509708449244499,-0.010957412421703339,0.006993458606302738,-5.623174932023467e-06,7.222697865669203e-06,0.08678696322451321,0.001432887278497219,0.005224042572081089,-0.004001133609563112,-6.603578549462418e-05,-0.00012395496872511156,0.00010434249172532948
91,1625451592.5074272,0.0,-0.055102549493312836,-0.01092405803501606,0.007022339850664139,-2.593843793918804e-06,7.633847175440855e-06,0.08678857747925656,0.001432887278497219,0.0009629845153540373,-0.0029358691535890102,0.0003104141955134966,7.224432730446375e-05,-0.00014281374785524173
92,1625451592.5175266,0.0,-0.055108170956373215,-0.010926478542387486,0.006982600316405296,-2.4716084254458592e-06,8.127794302273394e-06,0.08678852974100376,0.006759209558367729,-0.007559130899608135,-0.0018706046976149082,0.0003798053012317003,0.00011386675349585365,-0.0001544846772465444
93,1625451592.5274355,0.0,-0.05509335920214653,-0.010973542928695679,0.006997784599661827,-6.812509784445697e-06,4.86280239404141e-06,0.08678716652706936,0.002498151734471321,-0.010754924267530441,0.005586246494203806,-0.00016104464593186594,-5.529496316377963e-05,1.9380254116404972e-05
94,1625451592.5374465,0.0,-0.055094849318265915,-0.010974637232720852,0.007014693692326546,-5.223906989849925e-06,5.929981899965853e-06,0.0867871059078624,-0.002828170545399189,0.0030935134273022413,-0.0008053402998484671,-0.0002878946407745091,-0.00012416442776333117,-9.881485743101903e-05
95,1625451592.547485,0.0,-0.05510477349162102,-0.010938873514533043,0.007044592872262001,-3.1186421857731794e-06,5.693727917921443e-06,0.08678755561436145,-0.004958699457347393,-0.00010227994062006474,-0.0008053402998484671,6.892473808262106e-05,1.308606292428113e-05,1.9458100691326996e-05
96,1625451592.5574696,0.0,-0.05509038269519806,-0.01092843059450388,0.007026617415249348,-2.3448527886812953e-06,5.683780197225652e-06,0.08679004194083602,-0.002828170545399189,-0.003298073308542371,-0.006131662521511316,0.0001370069733385843,-8.379433351648737e-06,9.875689086287518e-05
97,1625451592.5673945,0.0,-0.055088140070438385,-0.01095424871891737,0.007035238668322563,-5.337477463757123e-06,5.464695689287591e-06,0.08679129445972548,-0.002828170545399189,-0.006493866443634033,-0.0008053402998484671,-9.860236806655059e-05,-2.920633970887184e-05,0.00011601922489806045
98,1625451592.5775876,0.0,-0.055075306445360184,-0.010962354950606823,0.007055699825286865,-6.329411529733264e-06,5.356329537339888e-06,0.08678714305714456,-0.006023963913321495,0.0009629845153540373,0.005586246494203806,-0.00021409500717778568,-5.861506734002646e-05,-0.00012627816524861282
99,1625451592.5876024,0.0,-0.055099863559007645,-0.01094871386885643,0.00708673894405365,-5.402070651375213e-06,5.4226500938170386e-06,0.08678713578401452,-0.001762906089425087,-0.007559130899608135,-0.0018706046976149082,3.043461084899637e-05,-1.3471749400152988e-05,-7.172673109699034e-05
100,1625451592.59752,0.0,-0.055122554302215576,-0.010997043922543526,0.007047340273857117,-8.539355910795743e-06,9.509513378497259e-06,0.08678634328198367,0.001432887278497219,-0.003298073308542371,-0.007196926977485418,-9.668932002446676e-05,0.00019567462764699404,-7.906780609457448e-06
101,1625451592.6077058,0.0,-0.05509895831346512,-0.01098870113492012,0.007052982226014137,-7.755703966105809e-06,6.182431694784496e-06,0.08679160756711987,0.000367622880730778,-0.005428601987659931,0.006651510950177908,-0.0001819454300569703,-2.5826432498816678e-05,6.684163114400138e-05
102,1625451592.617516,0.0,-0.055085450410842896,-0.010994735173881054,0.007063726894557476,-8.166799680554837e-06,5.137725026492512e-06,0.08679005704059807,0.009955002926290035,0.0009629845153540373,0.004520982038229704,-4.007563871160998e-05,-0.0002933021414615401,0.00014974867243875716
103,1625451592.6275868,0.0,-0.05508387088775635,-0.011009824462234974,0.007049289532005787,-9.462062272556915e-06,4.971146566300211e-06,0.08678587262171432,0.002498151734471321,-0.005428601987659931,-0.006131662521511316,-0.00013346625419958063,-8.478808564350711e-05,-0.00020391478160878006
104,1625451592.6374166,0.0,-0.05507396161556244,-0.011008230969309807,0.007072433829307556,-8.472906038857475e-06,4.067655385277258e-06,0.08678889943434104,-0.000697641575243324,0.0009629845153540373,0.008782039396464825,-0.00011296881478729047,-0.00012603427055024564,-8.684998803373329e-05
105,1625451592.6474476,0.0,-0.05508531630039215,-0.011041955091059208,0.0070258378982543945,-1.2123090281611348e-05,6.012598078267151e-06,0.08678583187896154,0.000367622880730778,-0.005428601987659931,-0.0018706046976149082,-0.0001245151705027065,-1.649379878630386e-05,8.33330429390031e-05
106,1625451592.6575408,0.0,-0.05511723831295967,-0.011022438295185566,0.007022427394986153,-1.1293469123103972e-05,8.071575752173488e-06,0.08678357105735793,-0.002828170545399189,0.0030935134273022413,0.0002599241561256349,-0.00017208249457225587,0.0001854749234870074,-6.202896317994887e-05
107,1625451592.667554,0.0,-0.055124785751104355,-0.01102572213858366,0.00699353963136673,-1.1423545560121373e-05,8.54010658573462e-06,0.0867884546597751,-0.001762906089425087,-0.004363337531685829,0.008782039396464825,-5.117275344534016e-06,0.00010780680453660488,5.89604057396371e-05
108,1625451592.6775389,0.0,-0.05511985719203949,-0.011036448180675507,0.006998242810368538,-1.1390560732384147e-05,8.118714238600222e-06,0.08678808750947897,0.004628680646419525,-0.008624395355582237,0.0023904531262815,-4.1403598507361394e-06,6.314667116214139e-05,9.592698516113782e-05
109,1625451592.6875641,0.0,-0.055099714547395706,-0.011063838377594948,0.006991000846028328,-1.3564764057394374e-05,7.385396476107531e-06,0.08678986428767968,-0.000697641575243324,-0.004363337531685829,-0.0008053402998484671,-0.00014633342183128766,-3.5106401377412846e-05,1.9256880407127525e-05
110,1625451592.697514,0.0,-0.05509957671165466,-0.011040432378649712,0.0069937994703650475,-1.0764834275089896e-05,6.413402804376911e-06,0.08678707335993412,-0.000697641575243324,-0.0022328088525682688,0.009847303852438927,-6.267196752168737e-05,-0.00010117815460844105,-8.848597837839093e-05
111,1625451592.7075236,0.0,-0.055078379809856415,-0.011044279672205448,0.006996044889092445,-1.2839003049540387e-05,2.376622694123809e-06,0.08678913237706241,-0.001762906089425087,-0.003298073308542371,0.00771677540615201,3.6028320429422614e-05,-0.00040203715163210726,-9.803559135043757e-06
112,1625451592.717594,0.0,-0.055096305906772614,-0.011019764468073845,0.006988240405917168,-8.758300058940571e-06,3.959545390556929e-06,0.08678896095587878,0.000367622880730778,0.004158778116106987,-0.0018706046976149082,1.0250668353272815e-05,-0.00027217805356084243,0.00021516105186749794
113,1625451592.727503,0.0,-0.0551108680665493,-0.011025973595678806,0.007002419792115688,-1.059319105094908e-05,5.241331737376731e-06,0.0867900949433453,0.003563416190445423,-0.007559130899608135,-0.011457985267043114,7.607765115207465e-05,0.0001958968550169574,8.396345273194026e-05
114,1625451592.7375944,0.0,-0.055092521011829376,-0.011014320887625217,0.006996346637606621,-9.552369249224424e-06,7.805532890335642e-06,0.08678401713034595,-0.004958699457347393,-0.0022328088525682688,-0.0029358691535890102,-6.099302004772982e-05,8.36799686212373e-05,-8.426777546189442e-05
115,1625451592.7474506,0.0,-0.05509071797132492,-0.011018330231308937,0.006999686360359192,-9.840008874488493e-06,4.542872853320612e-06,0.08678600396723439,0.001432887278497219,-0.003298073308542371,-0.006131662521511316,3.2954912837667324e-06,-5.262896190043443e-05,-7.012116521866059e-05
116,1625451592.757541,0.0,-0.05509994551539421,-0.011024384759366512,0.006998843513429165,-1.1083446453008516e-05,5.28425243172953e-06,0.08678878385109612,-0.003893435001373291,0.0009629845153540373,-0.0018706046976149082,-8.175786037354287e-05,-4.581374668978799e-05,0.00010772385328152436
117,1625451592.7679389,0.0,-0.05507776513695717,-0.01103338785469532,0.007004506886005402,-1.2080246198017952e-05,4.338707211795634e-06,0.08679056432822818,0.002498151734471321,-0.011820188723504543,-0.0008053402998484671,-0.0001082602227565756,-3.6835580106890444e-05,3.054240758260588e-05
118,1625451592.7775247,0.0,-0.055094294250011444,-0.011025653220713139,0.007010224275290966,-1.0507658696569389e-05,4.8467127324036685e-06,0.08678589883543977,0.002498151734471321,-0.004363337531685829,0.0002599241561256349,-1.837994318457082e-05,-4.293708542423124e-05,-0.00020042346157939244
119,1625451592.7875304,0.0,-0.05509065091609955,-0.011039451695978642,0.007007459178566933,-1.064981430941303e-05,6.547219831974649e-06,0.08678869158373212,0.004628680646419525,0.006289307028055191,-0.0029358691535890102,-8.160684816107403e-05,5.464710358373485e-05,-0.00012375195836713252
120,1625451592.7975142,0.0,-0.05509287118911743,-0.011028805747628212,0.007032186724245548,-1.1851550322530824e-05,6.682080213107899e-06,0.08679032357103109,0.001432887278497219,-0.00010227994062006474,0.004520982038229704,-6.127955042007076e-05,-1.1478164776820961e-05,0.00018816281446775864
121,1625451592.8128684,0.0,-0.05509697645902634,-0.01104930229485035,0.007049672305583954,-1.3673021104158856e-05,5.001215431219008e-06,0.0867888053736241,0.001432887278497219,-0.006493866443634033,0.004520982038229704,-0.00020145486633063264,6.140700007399542e-05,0.00017409109512073686
122,1625451592.8226917,0.0,-0.05510798469185829,-0.011056538671255112,0.007067892700433731,-1.4473615616218682e-05,6.978014443853597e-06,0.08678857441885143,0.001432887278497219,-0.015015983022749424,-0.0008053402998484671,-0.0001759268777971354,0.0001262733482825922,9.780321843649883e-05
123,1625451592.834477,0.0,-0.05509784817695618,-0.011068461462855339,0.007034340873360634,-1.3387225972064098e-05,5.084267136953868e-06,0.08678880592147455,0.003563416190445423,-0.005428601987659931,-0.0029358691535890102,-9.162944913298994e-05,-1.3453437964066058e-05,-1.942187244147789e-05
124,1625451592.84808,0.0,-0.05507509782910347,-0.011060822755098343,0.0070360880345106125,-1.3874604208305441e-05,4.130333231017191e-06,0.08678766675015141,-0.001762906089425087,-0.0011675443965941668,0.00771677540615201,-7.512198235585739e-05,-0.00014916735372216453,-3.1887691385096596e-05
125,1625451592.8617232,0.0,-0.055042680352926254,-0.01108118612319231,0.0070547983050346375,-1.6473142936644647e-05,2.3357950600169652e-06,0.08678906063793679,0.003563416190445423,-0.00010227994062006474,-0.007196926977485418,-0.00011077857538011042,-0.0001306312776921543,-1.420892062100419e-05
126,1625451592.8759189,0.0,-0.055027205497026443,-0.011119120754301548,0.0070475367829203606,-1.9534664463902174e-05,9.68305895285293e-07,0.08678505153444593,0.007824474014341831,-0.010754924267530441,-0.004001133609563112,-0.0002693732431869423,-9.70148658227085e-05,-8.091036895460162e-05
127,1625451592.8898978,0.0,-0.05485404282808304,-0.011125204153358936,0.0070394109934568405,-2.043480660381819e-05,-1.5681037319796587e-05,0.0867807785062935,0.013150796294212341,-0.01821177639067173,-0.0008053402998484671,-0.0002278916481458461,-0.0005370118457766028,-0.00020434807217593922
128,1625451592.9045608,0.0,-0.055164143443107605,-0.01116408221423626,0.0070495037361979485,-1.7768153218064575e-05,7.898906873818334e-06,0.08676916685258018,-0.04756927862763405,0.007354571484029293,-0.0029358691535890102,-2.2309995905541946e-05,7.083279660505461e-05,-0.0005420266867269743
129,1625451592.9172044,0.0,-0.055849190801382065,-0.01093272678554058,0.007074438966810703,-5.081619974992013e-06,4.7371650728995907e-05,0.08677660822519354,-0.02945978008210659,0.0020282489713281393,0.006651510950177908,0.000653309359867915,0.002508584779019712,-0.0002473990789591668
130,1625451592.9283385,0.0,-0.05567748472094536,-0.011043660342693329,0.007065286859869957,-1.7540980621372215e-05,4.19979938245732e-05,0.08678935727697734,0.008889738470315933,-0.006493866443634033,-0.004001133609563112,0.00013540075425596624,0.001780417450044928,0.0006068670698217043
131,1625451592.9450262,0.0,-0.05504744499921799,-0.011095873080193996,0.007044997997581959,-1.7596999159638638e-05,-4.531238678905092e-06,0.08676947627431163,0.026999235153198242,0.008419835940003395,0.008782039396464825,-0.0008293574416353642,-0.0029364500010051553,-0.0002936608661612559
132,1625451592.9585261,0.0,-0.05506697669625282,-0.010999709367752075,0.007044450379908085,-9.098745263953767e-06,-1.4194916453061368e-05,0.08675007788492692,-0.010285021737217903,-0.004363337531685829,0.005586246494203806,0.00015492232040761704,-0.003690232976168713,-0.0015732900264701665
133,1625451592.9717832,0.0,-0.05526864156126976,-0.011123624630272388,0.007079155184328556,-2.2041337189568355e-05,-8.570379655750693e-06,0.08673765855387225,-0.016676606610417366,-0.004363337531685829,0.00771677540615201,3.269056762323894e-05,-0.0006120316088630968,-0.0012803054241621197
134,1625451592.989398,0.0,-0.05542130023241043,-0.010915067046880722,0.007082412950694561,-6.697017311034503e-06,4.38480364511884e-06,0.08675187009668468,-0.004958699457347393,-0.0022328088525682688,0.003455717582255602,-4.613624908364105e-05,0.0005328101999440632,0.00014576979519660533
135,1625451593.0040407,0.0,-0.05539005622267723,-0.011001428589224815,0.007063795812427998,-1.4051625708090543e-05,7.386445434257038e-07,0.08675477648126978,0.005693945102393627,-0.01288545224815607,0.004520982038229704,0.00018829131073893737,0.000383899661104871,0.0004998914042739529
136,1625451593.0198588,0.0,-0.05536584556102753,-0.01101729180663824,0.007034600712358952,-1.4241150972038596e-05,-6.801273870621349e-07,0.08674858728429725,0.005693945102393627,0.0030935134273022413,-0.0008053402998484671,-0.00037471029445952306,-5.259196566959749e-05,-0.0001925423926056316
137,1625451593.031279,0.0,-0.05535798892378807,-0.01097326073795557,0.007031743414700031,-1.2487963816650016e-05,1.7195712387688133e-06,0.08674422076353665,-0.001762906089425087,-0.003298073308542371,-0.0029358691535890102,7.587260689919815e-06,-2.2188421562745567e-06,-0.00040319588591332037
138,1625451593.0403605,0.0,-0.05540946498513222,-0.010978822596371174,0.007020148448646069,-1.3618228575720814e-05,6.134985318685671e-06,0.08674669455830251,-0.017741871997714043,0.0020282489713281393,0.0002599241561256349,5.5782461348863194e-05,0.00028686174280035,-4.261738899210193e-05
139,1625451593.048651,0.0,-0.055473048239946365,-0.010961745865643024,0.007008754648268223,-1.0365516741293879e-05,1.1813259316470481e-05,0.08674692344774354,-0.003893435001373291,-0.0011675443965941668,0.0013251886703073978,8.075261702677794e-05,0.0005878243578734596,0.0002093955596695595
140,1625451593.0585425,0.0,-0.055505428463220596,-0.010956166312098503,0.007026941515505314,-1.0826881439052194e-05,1.365408740089391e-05,0.08674967148136488,0.003563416190445423,0.0020282489713281393,0.0013251886703073978,0.0001340264420110306,0.0004531911103185141,0.00010130643601991625
141,1625451593.0727656,0.0,-0.05547028407454491,-0.010992501862347126,0.007042284123599529,-1.329051840386758e-05,8.451400554582156e-06,0.08674721146072914,0.005693945102393627,-0.0011675443965941668,0.009847303852438927,-0.0001676905000119301,-9.917625092454015e-05,4.805415961061993e-05
142,1625451593.0838795,0.0,-0.05542001500725746,-0.011013742536306381,0.007052102126181126,-1.4215508784359843e-05,3.9600408734477566e-06,0.08674973383482162,0.006759209558367729,-0.003298073308542371,-0.004001133609563112,-0.00023386243607306927,-0.00038287659504489393,-0.00013967439171483692
143,1625451593.094155,0.0,-0.05541621893644333,-0.010964661836624146,0.007055613212287426,-1.0931671966550593e-05,5.816776262483614e-06,0.08674497473589976,-0.006023963913321495,0.0020282489713281393,0.0002599241561256349,8.741531125137591e-05,-0.00011583242477838399,-0.00023269690651870262
144,1625451593.1045845,0.0,-0.055464521050453186,-0.010937696322798729,0.007063855417072773,-9.49572192959075e-06,7.759149845514013e-06,0.08674518166375098,-0.002828170545399189,0.0020282489713281393,0.003455717582255602,0.00023290654668721748,0.0002826093066052183,-0.0003166872661592683
145,1625451593.113671,0.0,-0.05548006668686867,-0.010931834578514099,0.007074791006743908,-8.356831673633769e-06,1.1259916247487178e-05,0.08674446084181395,-0.004958699457347393,-0.0011675443965941668,0.00771677540615201,1.7100681124009186e-05,0.00031235934698962465,-8.53235339553561e-05
146,1625451593.123471,0.0,-0.0554695688188076,-0.010893594473600388,0.007076065056025982,-5.828138892396972e-06,1.0422418789735044e-05,0.08674749253831057,0.000367622880730778,-0.0022328088525682688,0.004520982038229704,0.00011091280037389755,0.00010700046205576145,0.00020686322601667846
147,1625451593.1332486,0.0,-0.05547228083014488,-0.010877067223191261,0.007075942121446133,-3.4219383622524635e-06,8.681879624133915e-06,0.08674888582977507,0.004628680646419525,-0.00010227994062006474,-0.004001133609563112,0.00021379925767904518,7.54176429646637e-07,0.00020934807743568302
148,1625451593.1431522,0.0,-0.055438242852687836,-0.010898370295763016,0.007068638689815998,-6.087992186334934e-06,6.681678493360155e-06,0.0867478211387977,0.008889738470315933,-0.00010227994062006474,0.0002599241561256349,-1.5650263330026822e-05,-0.00021229850959944042,-2.785652858841497e-05
149,1625451593.1534739,0.0,-0.05541112273931503,-0.010850703343749046,0.007068813778460026,-3.229883504263231e-07,3.2606630765014133e-06,0.08674563335462154,0.003563416190445423,0.007354571484029293,-0.0008053402998484671,4.981014843710735e-05,-0.000368059909160613,-0.00020554091443766213
150,1625451593.1632957,0.0,-0.055436570197343826,-0.01086624525487423,0.007078993134200573,-2.7270988734173773e-06,4.542693479443749e-06,0.08674338206934516,-0.010285021737217903,0.0020282489713281393,0.0023904531262815,5.553183642327247e-05,-0.0001548922180087026,-0.00019534544308919382
151,1625451593.1802557,0.0,-0.055508919060230255,-0.010804085060954094,0.007069499231874943,2.8388640240933904e-06,1.2801747228737004e-05,0.08674430579095278,-0.008154492825269699,0.010550364851951599,-0.004001133609563112,0.0001364601577733986,0.00040562477068817484,-0.0001159656590192738
152,1625451593.1894288,0.0,-0.055546700954437256,-0.010778915137052536,0.007077124901115894,4.834487410017296e-06,1.6086915223555154e-05,0.0867497987136576,0.002498151734471321,-0.0011675443965941668,0.004520982038229704,0.00034354082060060096,0.0006400779191218184,0.00010548337054505831
153,1625451593.1993816,0.0,-0.05552995577454567,-0.010770337656140327,0.007062413729727268,3.963356147461405e-06,1.4586488701083533e-05,0.08674746210206626,0.000367622880730778,-0.003298073308542371,-0.0018706046976149082,0.00010746756375300686,0.0001702808972031562,0.00011195756690979259
154,1625451593.2094476,0.0,-0.05551612749695778,-0.010764759965240955,0.007052508182823658,4.39712436845624e-06,1.2477412034826718e-05,0.08674603921272625,0.005693945102393627,-0.003298073308542371,-0.0008053402998484671,-3.1153295233118806e-06,-0.00013623234040832606,-0.00011221362908984022
155,1625451593.2194264,0.0,-0.05552389472723007,-0.010758514516055584,0.0070310914888978004,6.316227704888933e-06,1.419242883429761e-05,0.08674711138629194,-0.000697641575243324,-0.005428601987659931,-0.004001133609563112,-1.6366550767389946e-06,-8.456110939783853e-05,-7.784372772746571e-05
156,1625451593.2294745,0.0,-0.05552402883768082,-0.010763225145637989,0.007014564238488674,5.97798506594277e-06,1.4208051309604064e-05,0.08674711988679207,0.000367622880730778,-0.004363337531685829,0.003455717582255602,5.6712239846102455e-06,3.870788245872551e-05,-1.2507801674593045e-05
157,1625451593.2394943,0.0,-0.05555068328976631,-0.010735646821558475,0.007048462517559528,9.023595163207276e-06,1.6596679001626424e-05,0.08674810661076932,0.004628680646419525,-0.004363337531685829,0.003455717582255602,7.767996646231714e-05,0.00010361379802237455,2.4019507075325106e-06
158,1625451593.2494154,0.0,-0.05556154251098633,-0.010734685696661472,0.00703743752092123,8.078473509587347e-06,1.5482202010870527e-05,0.0867469472225543,0.002498151734471321,-0.0011675443965941668,-0.0008053402998484671,9.643280776121324e-05,8.14608764640422e-05,-9.0818838007262e-06
159,1625451593.259511,0.0,-0.05555877462029457,-0.01077935378998518,0.007048944942653179,3.3754473174052446e-06,1.7127541535745527e-05,0.08674558755632616,0.002498151734471321,0.0009629845153540373,0.004520982038229704,-0.00027057190611019154,3.1197420808972845e-05,-2.7437761441296573e-05
160,1625451593.269505,0.0,-0.05554050952196121,-0.010735712014138699,0.007078888826072216,7.64386330346506e-06,1.4679756438457092e-05,0.0867470636644993,-0.001762906089425087,0.0020282489713281393,0.0023904531262815,-4.765156712663093e-05,-6.668055031329655e-05,-3.009623312672621e-05
161,1625451593.285627,0.0,-0.05554163083434105,-0.01072357315570116,0.007064203731715679,9.698017805016834e-06,1.588641617186054e-05,0.08674820397301657,-0.004958699457347393,0.0030935134273022413,0.0023904531262815,0.0002765701629111624,-0.00014263703617038202,0.00012075693986757017
162,1625451593.2953026,0.0,-0.05557866767048836,-0.01073488313704729,0.0070653269067406654,6.9324721579736015e-06,1.8985717025944704e-05,0.08674370279088112,-0.001762906089425087,0.0020282489713281393,0.0013251886703073978,-5.701284720735853e-05,0.00013616259359612657,7.030700070901229e-07
163,1625451593.30546,0.0,-0.05560898408293724,-0.01073473785072565,0.007068307138979435,7.875064766585393e-06,2.1693057271947314e-05,0.08674473857923701,0.000367622880730778,0.0030935134273022413,0.006651510950177908,-0.00015754773351128905,0.00030008516720694535,-8.412572003904973e-05
164,1625451593.3153934,0.0,-0.05561123415827751,-0.010694713331758976,0.0070757558569312096,1.1414681050932185e-05,2.282159773163428e-05,0.08674624604272528,-0.000697641575243324,-0.00010227994062006474,-0.005066398065537214,0.0001659591073261755,0.00015473805122204223,0.00010510932710477107
165,1625451593.3254392,0.0,-0.05560847744345665,-0.010656560771167278,0.007097470574080944,1.54530656044094e-05,2.062763406317225e-05,0.08674776293734276,0.001432887278497219,-0.00010227994062006474,-0.0008053402998484671,0.0002945313988005336,-4.1762045710836284e-05,0.00014396767165842555
166,1625451593.335354,0.0,-0.05560486018657684,-0.010659544728696346,0.007094769738614559,1.4085446842428129e-05,2.122729353734587e-05,0.08674639584888966,0.000367622880730778,-0.0011675443965941668,-0.0018706046976149082,7.102649950232052e-05,-5.477876923894046e-05,9.738715156357478e-06
167,1625451593.3455024,0.0,-0.05562151223421097,-0.010648760944604874,0.007087859325110912,1.5319564841097255e-05,2.0657425973347188e-05,0.08674643126067079,-0.001762906089425087,-0.0011675443965941668,-0.005066398065537214,-4.752175484768242e-05,3.1438355261870474e-07,-0.00013262202948783992
168,1625451593.355557,0.0,-0.05564311519265175,-0.010656928643584251,0.007069903425872326,1.5484186484407414e-05,2.4778259463925645e-05,0.08674574275569613,0.000367622880730778,-0.006493866443634033,0.006651510950177908,7.084451088363203e-05,0.0001696004014083527,-1.5934996725538317e-05
169,1625451593.365309,0.0,-0.05568024888634682,-0.01060240063816309,0.007055618800222874,1.8466367025037067e-05,2.6857347977152224e-05,0.08674299503581884,-0.003893435001373291,0.007354571484029293,0.0013251886703073978,0.00012234549662477775,0.00031234983844211355,-0.00013674718031143454
170,1625451593.3755379,0.0,-0.05570323020219803,-0.010608257725834846,0.0070808203890919685,1.902324444407605e-05,2.9957017288216592e-05,0.08674389586167637,-0.001762906089425087,-0.0011675443965941668,0.006651510950177908,0.00012854144903280164,0.0002505972282057792,-8.472695513508672e-05
171,1625451593.3900738,0.0,-0.05574287846684456,-0.010632066987454891,0.007034649141132832,1.6896232755254925e-05,3.33304903619297e-05,0.08674529515078144,-0.000697641575243324,0.0030935134273022413,-0.004001133609563112,-6.016180947662554e-05,0.0003378388957155665,-5.437486577961467e-05
172,1625451593.4001503,0.0,-0.05576404929161072,-0.01062101125717163,0.007043919526040554,1.787171253486014e-05,3.419127888435597e-05,0.08674351078199558,-0.000697641575243324,0.0009629845153540373,0.0023904531262815,-6.955542927490864e-05,0.0002303999752666238,-0.00022622841630934594
173,1625451593.4102588,0.0,-0.05578809604048729,-0.010603650473058224,0.007024071179330349,1.8714025969986114e-05,3.610032061126395e-05,0.08674373058402271,-0.004958699457347393,-0.0022328088525682688,0.0023904531262815,0.00011418306282332856,0.0001831561716965267,-8.669959383739926e-05
174,1625451593.4201186,0.0,-0.055795662105083466,-0.01061834953725338,0.007044748403131962,1.900669062517707e-05,3.584047867764145e-05,0.08674204801003835,0.005693945102393627,-0.0011675443965941668,-0.004001133609563112,5.15567392747275e-05,0.0001768633103538615,-6.539162220208229e-06
175,1625451593.430177,0.0,-0.05581993982195854,-0.01065921876579523,0.0070264218375086784,1.5593903873838133e-05,3.987506200176655e-05,0.08674169169158934,0.005693945102393627,-0.00968965981155634,0.0002599241561256349,-0.00015921612138160624,0.00014514154787542916,-0.00013583668606148444
176,1625451593.4402564,0.0,-0.05584533140063286,-0.010665000416338444,0.007010565139353275,1.4282992899981861e-05,4.224258269446002e-05,0.08674268219309739,-0.004958699457347393,-0.005428601987659931,-0.004001133609563112,-0.00024048116846788335,0.00024327311668891725,-0.00011495265007141213
177,1625451593.4501433,0.0,-0.05586451664566994,-0.010630360804498196,0.00703208614140749,1.616718672696471e-05,4.257676843801017e-05,0.08674469306574231,-0.000697641575243324,0.0030935134273022413,0.004520982038229704,-2.126662737529134e-05,0.00015141099496807027,6.344529723259231e-05
178,1625451593.4601493,0.0,-0.055880047380924225,-0.010607073083519936,0.007038096897304058,1.897016542163482e-05,4.421729336591407e-05,0.08674420696022184,-0.004958699457347393,-0.003298073308542371,-0.0008053402998484671,0.00019562296155591598,0.00011460336098916818,6.069435441092843e-05
179,1625451593.4701793,0.0,-0.05590693652629852,-0.010559209622442722,0.007015855051577091,2.344177169798234e-05,4.64672458875201e-05,0.08674564154507104,0.000367622880730778,0.0009629845153540373,-0.004001133609563112,0.0002975247960302525,0.00015674611649722816,3.3728079645703315e-05
180,1625451593.4799924,0.0,-0.055908072739839554,-0.01054775808006525,0.007017119787633419,2.4509954469342787e-05,4.763955107611739e-05,0.08674382069407349,0.000367622880730778,0.0030935134273022413,0.006651510950177908,0.00025991552229488523,0.00015983430775704587,-1.0173663059620682e-05
181,1625451593.4945242,0.0,-0.055922627449035645,-0.010528964921832085,0.006999625824391842,2.7214846421097505e-05,4.782978967114021e-05,0.08674257991991888,-0.001762906089425087,-0.004363337531685829,0.004520982038229704,0.0001630785849605848,0.0001606528297373675,-9.046457601807847e-05
182,1625451593.5059805,0.0,-0.0559234656393528,-0.010498608462512493,0.006989422254264355,2.9752616231733253e-05,4.920551094033526e-05,0.08674338647188823,0.004628680646419525,-0.004363337531685829,0.0023904531262815,0.00022915898612963314,0.0001448553473577476,-6.224893643550327e-05
183,1625451593.518235,0.0,-0.05591990426182747,-0.010507669299840927,0.006987013854086399,2.809089259834391e-05,4.881026115498288e-05,0.08674206723568859,-0.000697641575243324,-0.003298073308542371,0.004520982038229704,4.752502654449523e-05,3.7690079243638595e-05,-6.315882674293515e-05
184,1625451593.530304,0.0,-0.05590931698679924,-0.010516030713915825,0.007001024670898914,2.7404362770995505e-05,4.673930804005577e-05,0.08674387478228374,-0.001762906089425087,0.007354571484029293,0.0013251886703073978,-0.00015630327786764813,-0.00012231447271636748,-4.627011004018457e-07
185,1625451593.540559,0.0,-0.05590356886386871,-0.010479527525603771,0.006976176984608173,2.98108669179592e-05,4.825276000421097e-05,0.08674252197573197,0.002498151734471321,-0.00010227994062006474,0.0013251886703073978,-1.301067024306394e-05,-5.14142651905674e-05,5.242055680612467e-06
186,1625451593.5504391,0.0,-0.05588475987315178,-0.010510225780308247,0.006944944150745869,2.916459993836107e-05,4.5702661502923514e-05,0.08674110794204357,0.006759209558367729,-0.003298073308542371,-0.0008053402998484671,1.4273402978022093e-05,-6.199363797865844e-05,-0.00010079079149915464
187,1625451593.5604908,0.0,-0.05588129907846451,-0.010504147969186306,0.006967225112020969,2.9516175844152004e-05,4.437633294632204e-05,0.08674126622704864,0.006759209558367729,-0.00010227994062006474,0.010912568308413029,-7.537869902066585e-05,-0.00016745272769026054,-2.2492727100293508e-05
188,1625451593.5704541,0.0,-0.05585772171616554,-0.010490365326404572,0.006967528723180294,3.15179375095509e-05,4.226685890928311e-05,0.08674441285277264,0.003563416190445423,-0.00010227994062006474,0.0013251886703073978,4.595303930196318e-05,-0.00011374247116310652,0.00011428671607060465
189,1625451593.580376,0.0,-0.05585616081953049,-0.010507673025131226,0.00700374785810709,2.705165088509598e-05,4.334285928179332e-05,0.08674386229274807,-0.002828170545399189,-0.003298073308542371,0.0023904531262815,-0.00010321411372010964,-0.00011167868880586801,0.00015883089125330905
190,1625451593.590282,0.0,-0.05583780258893967,-0.010494103655219078,0.006980434991419315,2.927324259338615e-05,4.165697747213898e-05,0.08674450617391032,0.001432887278497219,-0.0022328088525682688,0.0002599241561256349,-0.00014243755095719152,-0.00011507651928613438,1.630512343865069e-05
191,1625451593.6110158,0.0,-0.05578825995326042,-0.010511692613363266,0.006994315423071384,2.7616439366190404e-05,3.740309313361029e-05,0.0867415267019593,0.002498151734471321,-0.007559130899608135,0.0013251886703073978,-3.859666809093701e-05,-0.00023553306167526286,-2.5135883768676157e-05
192,1625451593.6202722,0.0,-0.055777657777071,-0.010514022782444954,0.0069945501163601875,2.848181204592043e-05,3.537652990733692e-05,0.08674214281086473,0.005693945102393627,-0.003298073308542371,0.009847303852438927,-0.0001045671014423553,-0.00021884850915081458,-9.931076528221082e-05
193,1625451593.6301746,0.0,-0.055745769292116165,-0.01056740153580904,0.006992288865149021,2.2866575767270525e-05,3.3632678080958156e-05,0.08674523271381451,0.004628680646419525,-0.010754924267530441,0.003455717582255602,-0.0001851026629212305,-0.00022387784779833187,7.547574575199236e-05
194,1625451593.6402626,0.0,-0.05572997406125069,-0.010594449006021023,0.007005552761256695,2.052272416293993e-05,3.11491221064511e-05,0.08674378385279899,0.005693945102393627,-0.011820188723504543,0.005586246494203806,-0.00035208258428785246,-0.00024491889420404496,8.57570602830987e-05
195,1625451593.6503296,0.0,-0.055705826729536057,-0.010623330250382423,0.007015601731836796,1.7121216000913486e-05,2.895434867644653e-05,0.0867444337115282,0.000367622880730778,-0.01821177639067173,-0.0008053402998484671,-0.00027603351603927475,-0.0002422526749879936,-1.368783711960149e-06
196,1625451593.660356,0.0,-0.05566474795341492,-0.010656197555363178,0.006983042694628239,1.4698763113461799e-05,2.7426196177210427e-05,0.08674625238399225,-0.000697641575243324,-0.006493866443634033,0.003455717582255602,-0.00032920167790121644,-0.0002532681921369188,0.0001662684980864873
197,1625451593.6701958,0.0,-0.05565691739320755,-0.010652548633515835,0.0069505600258708,1.631344477562302e-05,2.5942514547398765e-05,0.08674434750667116,-0.002828170545399189,0.0030935134273022413,0.0013251886703073978,-0.00021293304845832202,-0.00018752175216785134,-3.1943749257853395e-05
198,1625451593.6803548,0.0,-0.05562859773635864,-0.010690162889659405,0.006962078623473644,1.4635667525700335e-05,2.2171026501704993e-05,0.08674379968520857,0.002498151734471321,-0.0011675443965941668,0.003455717582255602,-0.00012182556930331554,-0.00024790658374870144,-9.969609962910881e-05
199,1625451593.6903305,0.0,-0.05561232566833496,-0.01068142894655466,0.006969858892261982,1.427885361238862e-05,1.989301987131986e-05,0.08674946729376662,-0.001762906089425087,-0.003298073308542371,-0.0029358691535890102,-0.00013878256890791963,-0.0002689593146171958,9.337805818119414e-05
200,1625451593.7002492,0.0,-0.0556185282766819,-0.010690854862332344,0.006996861658990383,1.229326751526344e-05,2.0504464941124845e-05,0.08674479438046317,-0.007089228369295597,0.004158778116106987,-0.0018706046976149082,-0.00013736486565806238,-9.734165831632913e-05,2.4973899057232263e-05
201,1625451593.7150888,0.0,-0.05561424791812897,-0.010721921920776367,0.006960826925933361,9.65846883146243e-06,2.1112072045532948e-05,0.08674476715755042,-0.006023963913321495,0.0009629845153540373,-0.00932745635509491,-0.0004148811148119034,-1.4270684280500297e-05,-0.00018640104724290644
202,1625451593.7265513,0.0,-0.055604562163352966,-0.0107829999178648,0.006971358321607113,4.661448990112005e-06,2.0156110480347433e-05,0.08674649746707472,0.003563416190445423,-0.005428601987659931,-0.004001133609563112,-0.0005013587750353475,-7.268547378372452e-05,-9.62812292247528e-05
203,1625451593.7398927,0.0,-0.055608585476875305,-0.01079024188220501,0.006955630145967007,5.054979958556138e-06,2.0580723716377702e-05,0.08674774620838187,-0.000697641575243324,-0.004363337531685829,-0.0029358691535890102,-0.00024808448885574677,-6.497722137180489e-05,4.341471194222629e-05
204,1625451593.7520845,0.0,-0.05559176579117775,-0.010791092179715633,0.006983772851526737,4.637412500306526e-06,1.909070467413093e-05,0.08674369063397488,-0.002828170545399189,0.0009629845153540373,0.0023904531262815,-6.759816436345102e-05,-5.0226176856282653e-05,-3.41482964695631e-05
205,1625451593.7622817,0.0,-0.05558823049068451,-0.010805443860590458,0.007001412101089954,2.1797653130123384e-06,1.987357079146629e-05,0.08674318475038412,0.000367622880730778,0.004158778116106987,-0.0018706046976149082,-0.0001047447111661689,-1.0093690925421273e-05,-0.00018777847863769858
206,1625451593.7716203,0.0,-0.055605918169021606,-0.010810211300849915,0.006996422074735165,1.930499910041128e-06,2.139056761408381e-05,0.08674468998624794,-0.000697641575243324,-0.004363337531685829,0.005586246494203806,-0.0001527475982202574,0.00014768389865241118,-8.277911600179575e-05
207,1625451593.7801986,0.0,-0.055633433163166046,-0.010838526301085949,0.006997209973633289,2.993270108164747e-07,2.1489133553508066e-05,0.08674505418306525,-0.002828170545399189,-0.007559130899608135,-0.0008053402998484671,-0.0001257676927581187,0.000117432369507056,-2.0079476638069696e-05
208,1625451593.7900424,0.0,-0.055650342255830765,-0.01083417609333992,0.0069593219086527824,1.5145727545740062e-07,2.5244953174477502e-05,0.08674433163632315,-0.003893435001373291,-0.006493866443634033,-0.00932745635509491,-0.0001299563627913449,0.00019424279401992255,-9.089087333972835e-05
209,1625451593.7993526,0.0,-0.055666759610176086,-0.010840481147170067,0.006956168450415134,6.061563636097778e-07,2.541026003125696e-05,0.086746390453417,-0.000697641575243324,-0.004363337531685829,0.004520982038229704,-3.0702438417981815e-05,0.00020202826383048766,5.907791638178398e-06
210,1625451593.809336,0.0,-0.0556785874068737,-0.010836862958967686,0.006980163045227528,-1.7279968953648472e-07,2.6396414887545905e-05,0.0867433092555506,-0.004958699457347393,-0.0011675443965941668,-0.0029358691535890102,-3.0676162237970294e-05,4.214809007566889e-05,2.842389888495116e-05
211,1625451593.8254948,0.0,-0.055736225098371506,-0.01080227829515934,0.006953016854822636,2.8808252136372503e-06,3.143609800641822e-05,0.08674704578274384,-0.002828170545399189,-0.0011675443965941668,-0.0018706046976149082,2.9067996403732097e-05,0.0002673848271683582,0.00011262628407208698
212,1625451593.8355317,0.0,-0.05576726421713829,-0.01076721865683794,0.006967670284211636,5.878311488551058e-06,3.423411829854561e-05,0.08674680055481683,-0.007089228369295597,0.0030935134273022413,-0.0029358691535890102,0.00021702262713341067,0.0003723536839026697,0.00020598120122131898
213,1625451593.8455818,0.0,-0.055773355066776276,-0.010768109001219273,0.006971579976379871,6.6623286174641305e-06,3.3808567198777284e-05,0.08674809560391117,0.000367622880730778,-0.00010227994062006474,0.003455717582255602,0.00016614066488233165,0.00020864019315690546,-1.5367647466055776e-05
214,1625451593.8556023,0.0,-0.05579530820250511,-0.010782381519675255,0.006958163343369961,4.515220892800653e-06,3.671329890628933e-05,0.08674326603596055,-0.006023963913321495,0.004158778116106987,-0.007196926977485418,-0.0001344553323359359,0.0001644997757918383,-0.0001434235378131445
215,1625451593.8655303,0.0,-0.055787354707717896,-0.010766997933387756,0.006962352432310581,6.95950888309621e-06,3.492866791784954e-05,0.08674376026745595,-0.003893435001373291,-0.008624395355582237,-0.0008053402998484671,4.139292676396728e-06,3.965636399671371e-05,-0.00021190720084619198
216,1625451593.8755066,0.0,-0.0558008998632431,-0.010716809891164303,0.006962337531149387,1.0246541836157752e-05,3.6314030395626085e-05,0.0867433238638178,-0.000697641575243324,0.0009629845153540373,0.0002599241561256349,0.0002710753748955763,-1.1421779287237316e-05,-5.264753117444603e-05
217,1625451593.8856497,0.0,-0.055813781917095184,-0.010736809112131596,0.006969393230974674,8.425892358714104e-06,3.947347005040652e-05,0.0867430061067431,-0.000697641575243324,0.0009629845153540373,0.005586246494203806,6.692048285135542e-05,0.0001523109468936156,-2.5915433801685345e-06
218,1625451593.8956826,0.0,-0.05581244081258774,-0.010720314458012581,0.006986173801124096,9.56810103992789e-06,3.93704063452599e-05,0.08674127865958373,0.003563416190445423,-0.006493866443634033,0.0013251886703073978,-2.8373783735320736e-05,0.00013365409074208301,-3.7879573103112837e-06
219,1625451593.90595,0.0,-0.055831413716077805,-0.010706992819905281,0.007010686211287975,1.2468332268637805e-05,4.092137279147756e-05,0.08674287258454141,-0.004958699457347393,-0.00968965981155634,0.006651510950177908,0.0001331816298692876,5.2582702681106036e-05,1.8961615228492595e-05
220,1625451593.916029,0.0,-0.055837783962488174,-0.010720832273364067,0.006984344683587551,9.824299697522298e-06,4.0421129999315686e-05,0.08674453246068592,0.003563416190445423,-0.00010227994062006474,0.0013251886703073978,-6.279940427347505e-05,6.28265002248133e-05,2.6631752044679253e-05
221,1625451593.9328911,0.0,-0.05585377663373947,-0.010684776119887829,0.006977939046919346,1.3773805266167893e-05,4.188226293846964e-05,0.08674148724356524,-0.004958699457347393,-0.0011675443965941668,-0.005066398065537214,1.4083485589868792e-05,4.3048202629787974e-05,-0.0001289977092793922
222,1625451593.9447095,0.0,-0.05586057901382446,-0.010694856755435467,0.006962374784052372,1.2202402127445278e-05,4.257883199118573e-05,0.08674101952242641,0.004628680646419525,-0.00010227994062006474,0.003455717582255602,8.232420470219848e-05,0.0001152986205684394,-1.2337502515638678e-05
223,1625451593.9546015,0.0,-0.05587706342339516,-0.010697128251194954,0.006983322091400623,1.2660600265300415e-05,4.3784853033503046e-05,0.08674127616172386,-0.006023963913321495,-0.003298073308542371,0.0013251886703073978,-6.94458063333789e-05,0.000177755099555913,0.00015305290410346962
224,1625451593.962757,0.0,-0.05585920810699463,-0.010666160844266415,0.007004338316619396,1.527733996277425e-05,4.238657641266602e-05,0.08674564089917776,0.007824474014341831,-0.0011675443965941668,0.0023904531262815,0.0001483735017522869,3.515376995964421e-05,0.00010101155149374307
225,1625451593.9743252,0.0,-0.055825427174568176,-0.010628082789480686,0.0069967759773135185,1.7671269212087004e-05,3.9358397429439806e-05,0.08674632452693143,0.005693945102393627,-0.00010227994062006474,-0.0008053402998484671,0.00022877946731494564,-0.00017583555543260572,0.00012300295055752447
226,1625451593.9843864,0.0,-0.05582132562994957,-0.010609198361635208,0.007008609361946583,1.931732959325333e-05,3.802701880627202e-05,0.08674474584686248,0.001432887278497219,0.008419835940003395,0.008782039396464825,0.00017605586072359875,-0.00019497268373978266,2.2151555459677025e-05
227,1625451593.9944417,0.0,-0.05581638589501381,-0.010616225190460682,0.007009576074779034,1.962313531878035e-05,3.7529906480628095e-05,0.08674353196847362,-0.000697641575243324,-0.0011675443965941668,0.005586246494203806,0.0001036568221736288,-0.00016434137186713076,-8.582456539448889e-05
228,1625451594.0035925,0.0,-0.05582771077752113,-0.010638135485351086,0.007022722624242306,1.6489249927142957e-05,3.956726207536565e-05,0.08674048664413558,0.009955002926290035,-0.013950717635452747,0.003455717582255602,-6.974379935860998e-05,2.871597085092685e-05,-0.0003216589737669368
229,1625451594.0128038,0.0,-0.055818866938352585,-0.010659641586244106,0.007026824168860912,1.4782254964838815e-05,3.881000308843252e-05,0.08674469975217311,-0.000697641575243324,-0.0022328088525682688,0.0023904531262815,-0.0003327580128292225,7.752600103567486e-05,3.4842909619391145e-05
230,1625451594.0240276,0.0,-0.0558161661028862,-0.010668070055544376,0.007018464617431164,1.3973986132342908e-05,3.971825997874795e-05,0.08674294896991984,0.003563416190445423,-0.00968965981155634,0.004520982038229704,-0.0002611491871686695,-2.6842828406735396e-05,0.00011475297669580717
231,1625451594.0532196,0.0,-0.05580616369843483,-0.010717825964093208,0.007027407176792622,1.0511085847153545e-05,3.7719566377360236e-05,0.08674187930066811,-0.001762906089425087,-0.0022328088525682688,0.0023904531262815,-0.00020938597522740106,-8.273069866047782e-05,-0.00025049512727580957
232,1625451594.0621655,0.0,-0.05581020936369896,-0.010747602209448814,0.007019118405878544,7.081774471992541e-06,3.801255033922257e-05,0.08674307800954259,0.008889738470315933,-0.005428601987659931,0.003455717582255602,-0.00030708339995929755,-1.988486986433533e-05,-9.955237168662948e-05
233,1625451594.0720847,0.0,-0.05580953136086464,-0.010725178755819798,0.007020766846835613,1.087018972242143e-05,3.6918556177066575e-05,0.08674066748320756,-0.000697641575243324,-0.004363337531685829,0.003455717582255602,-5.157669204260547e-05,-2.2668844953479506e-05,1.36119060875748e-05
234,1625451594.0820973,0.0,-0.05579839274287224,-0.010751446709036827,0.007028420455753803,7.73707471213303e-06,3.691366763346887e-05,0.08674360747499639,-0.001762906089425087,0.0009629845153540373,-0.0029358691535890102,-3.2206016394298547e-05,-0.00011184438641501545,5.584873694841789e-05
235,1625451594.0921211,0.0,-0.05576289817690849,-0.010761307552456856,0.007052290253341198,6.811902782288826e-06,3.288258352041745e-05,0.0867439959007136,-0.001762906089425087,0.0030935134273022413,0.0023904531262815,-0.00021061546831220828,-0.00023045413759354707,0.00013336762510380264
236,1625451594.1022127,0.0,-0.05575615540146828,-0.010746498592197895,0.0070586735382676125,7.806780851639383e-06,3.2333374014599514e-05,0.08674237330320848,0.001432887278497219,0.009485100395977497,0.0002599241561256349,-9.910071436920147e-05,-0.00020793938590590443,5.228743360313517e-05
237,1625451594.112118,0.0,-0.055743858218193054,-0.010749279521405697,0.007076731882989407,6.4736558372593955e-06,3.2351741842163995e-05,0.08674359786797983,0.009955002926290035,-0.006493866443634033,0.010912568308413029,-7.81995979477468e-06,-1.1347206916764074e-05,-6.968899572228112e-05
238,1625451594.1222785,0.0,-0.055751409381628036,-0.010709326714277267,0.007078525610268116,1.1002079708548329e-05,3.294078759896735e-05,0.08674988782812398,-0.003893435001373291,0.0030935134273022413,0.00771677540615201,0.0001132334153668684,8.029457027374804e-06,0.00019348030860461013
239,1625451594.1322296,0.0,-0.05575493723154068,-0.010718977078795433,0.007095572538673878,8.816633198176216e-06,3.303904219013887e-05,0.08674275762771153,-0.002828170545399189,-0.003298073308542371,0.0002599241561256349,7.463533022388318e-05,8.481082220417268e-06,9.370470892480868e-05
240,1625451594.1421072,0.0,-0.055778421461582184,-0.010691136121749878,0.007111796177923679,1.2141154678034505e-05,3.531930906230246e-05,0.08674213020033525,0.004628680646419525,-0.00010227994062006474,-0.0029358691535890102,2.6940225381214908e-05,0.00010495133502229191,-0.0001972700216313008
241,1625451594.158179,0.0,-0.055798113346099854,-0.010688803158700466,0.007122178561985493,1.1463074960416098e-05,3.594521131283085e-05,0.08674493335484688,0.000367622880730778,-0.0022328088525682688,0.003455717582255602,0.0001339276804896005,0.000119305930753925,-7.121476227973624e-05
242,1625451594.1680465,0.0,-0.0557861365377903,-0.01070412714034319,0.007131778635084629,1.0992978677050458e-05,3.4831417514376295e-05,0.08674378193704768,0.001432887278497219,0.004158778116106987,-0.0018706046976149082,-4.790432399467096e-05,-5.457850974922545e-05,-5.783468581435578e-05
243,1625451594.1779842,0.0,-0.05576557293534279,-0.010713732801377773,0.007107176817953587,1.1021209002676224e-05,3.411489848086785e-05,0.08674517847784896,0.004628680646419525,-0.0011675443965941668,-0.0029358691535890102,-7.432337447353087e-05,-9.847342068286439e-05,-7.690830187033559e-05
244,1625451594.1882238,0.0,-0.055773667991161346,-0.010698910802602768,0.007101607508957386,1.0614745435393036e-05,3.6008798875407366e-05,0.0867433549378746,0.000367622880730778,-0.006493866443634033,0.0002599241561256349,-3.8264786706573006e-05,3.275520063282455e-05,-2.547743143780092e-05
245,1625451594.1981697,0.0,-0.055785421282052994,-0.010670488700270653,0.007123229093849659,1.3834378797657199e-05,3.591792687496209e-05,0.08674794191231253,-0.001762906089425087,-0.0022328088525682688,0.0023904531262815,0.00012309643481750172,8.070598326969775e-05,4.662851614871414e-05
246,1625451594.2080708,0.0,-0.05579037591814995,-0.010660293512046337,0.007123428396880627,1.392290039091415e-05,3.632153586637099e-05,0.08674494085915083,-0.000697641575243324,-0.003298073308542371,0.0013251886703073978,0.00013615450421476503,2.6916640405096714e-05,4.79325709244538e-05
247,1625451594.2180457,0.0,-0.05578278750181198,-0.010666177608072758,0.007142660208046436,1.4187770418137846e-05,3.559258493152084e-05,0.08674375339075685,-0.001762906089425087,-0.006493866443634033,0.0013251886703073978,-4.375620810543517e-05,-2.4445578294652918e-05,-0.00017309669046236718
248,1625451594.2281866,0.0,-0.05578587204217911,-0.010703963227570057,0.007116557098925114,9.224518184219876e-06,3.6859874972344775e-05,0.08674367670774943,-0.000697641575243324,-0.006493866443634033,-0.0018706046976149082,-0.00016700734194307164,1.0862903069754314e-05,-5.254216967799879e-05
249,1625451594.237982,0.0,-0.05578560382127762,-0.010712645016610622,0.007119921036064625,9.301102930986405e-06,3.6852963191620625e-05,0.08674651643187153,-0.003893435001373291,-0.0022328088525682688,0.008782039396464825,-0.000259022672847907,2.0425185242951036e-05,6.980310682483259e-05
250,1625451594.2482657,0.0,-0.05579297989606857,-0.010689727030694485,0.007137632928788662,1.1102991291415953e-05,3.6642146317197866e-05,0.08674325814727918,0.001432887278497219,-0.00010227994062006474,0.0002599241561256349,-2.009049055031244e-05,-8.37686822303346e-06,-8.670791559351421e-05
251,1625451594.264173,0.0,-0.05577781796455383,-0.010722974315285683,0.007145595736801624,7.351515452121149e-06,3.30574949090473e-05,0.08674398768964695,-0.001762906089425087,-0.00968965981155634,0.0013251886703073978,-8.484804564852818e-05,-9.78530826391315e-05,-4.264940212828008e-06
252,1625451594.2740767,0.0,-0.055776651948690414,-0.010728221386671066,0.007153014652431011,7.794232420747782e-06,3.405375138586242e-05,0.086745110327431,0.003563416190445423,-0.0011675443965941668,0.0002599241561256349,-0.00020016719824005665,-0.00010209179800439841,0.00020019444942745692
253,1625451594.28412,0.0,-0.05576447769999504,-0.010761422105133533,0.007157663814723492,4.727742581714378e-06,3.504223229201103e-05,0.08674340215063978,0.006759209558367729,-0.004363337531685829,0.003455717582255602,-0.00015877703430519974,8.585104427720959e-05,-3.579457296012238e-05
254,1625451594.2941632,0.0,-0.05574748292565346,-0.010784993879497051,0.007178853265941143,3.550687764551641e-06,3.259118377576392e-05,0.08674657258594291,0.001432887278497219,-0.004363337531685829,0.009847303852438927,-0.0002665112314027228,-5.7646013689541285e-05,-1.7018988871988965e-05
255,1625451594.3041198,0.0,-0.05575128272175789,-0.01081322692334652,0.0071820830926299095,3.450671700461205e-08,3.386097375240871e-05,0.08674350733912135,0.002498151734471321,-0.007559130899608135,-0.0018706046976149082,-0.000249595742642723,-6.964617455785561e-05,1.363764961691827e-05
256,1625451594.3141468,0.0,-0.0557582825422287,-0.01084986887872219,0.007179335691034794,-3.105342180717563e-06,3.322636587591715e-05,0.08674438843512366,-0.001762906089425087,-0.006493866443634033,-0.0008053402998484671,-0.0003818705050224749,-3.54426608354156e-06,-0.00012529309800897863
257,1625451594.3240907,0.0,-0.055765945464372635,-0.010830219835042953,0.007175588048994541,-1.3430541055958756e-06,3.311714496202073e-05,0.08674687032205809,0.002498151734471321,0.0030935134273022413,-0.0018706046976149082,-0.0001979390560025748,2.774401089372107e-05,4.385378409043638e-05
258,1625451594.3343203,0.0,-0.05574981868267059,-0.010843991301953793,0.0071780020371079445,-1.754562669646631e-06,3.2625834273089516e-05,0.08674815871781835,0.002498151734471321,-0.010754924267530441,0.0013251886703073978,5.500349905035209e-05,1.2712008273745212e-05,0.000164115651133408
259,1625451594.344268,0.0,-0.0557524748146534,-0.010863124392926693,0.007160442881286144,-4.149204815992458e-06,3.2768692707789426e-05,0.08674107232737836,-0.000697641575243324,-0.007559130899608135,-0.0008053402998484671,-0.0001551349287188027,-2.214183230516295e-05,-0.0002645175232510116
260,1625451594.3541534,0.0,-0.055762361735105515,-0.010876276530325413,0.007171592675149441,-5.202424195376032e-06,3.272164327986632e-05,0.08674526460788476,-0.002828170545399189,0.0009629845153540373,0.004520982038229704,-0.000262772236382758,-1.4897846220294195e-05,-0.00018803514497257303
261,1625451594.3704722,0.0,-0.055750954896211624,-0.010876736603677273,0.007131914608180523,-5.047886409127733e-06,3.2882293906660864e-05,0.08674359049385126,0.000367622880730778,0.006289307028055191,0.0002599241561256349,-0.00016078447153493956,-6.271382615001183e-05,0.00023176112441060238
262,1625451594.3803725,0.0,-0.05572577938437462,-0.010885686613619328,0.007137584500014782,-5.8072834111105864e-06,2.9501172388653185e-05,0.086747197517605,0.001432887278497219,-0.00010227994062006474,0.0002599241561256349,-7.530909137702335e-05,-0.0001623627870928661,7.983322383434062e-05
263,1625451594.390369,0.0,-0.05573635920882225,-0.010892004705965519,0.007117352448403835,-7.158688040485861e-06,3.13742665192171e-05,0.08674581915483029,0.003563416190445423,0.0030935134273022413,-0.004001133609563112,-0.00011248503963061271,-5.8766285673126444e-05,-6.498534171492041e-06
264,1625451594.400454,0.0,-0.05574340373277664,-0.010930336080491543,0.007117100991308689,-8.606181050634099e-06,3.40255577089138e-05,0.08674547777049163,-0.006023963913321495,-0.007559130899608135,0.003455717582255602,-0.00021030521700268369,0.00011149056925157884,-0.0001413244317309357
265,1625451594.4105031,0.0,-0.05574702471494675,-0.010912293568253517,0.007096565328538418,-6.764909066696301e-06,3.234676545615239e-05,0.08674402163036002,0.000367622880730778,-0.0022328088525682688,-0.0018706046976149082,-6.236205701724177e-05,-3.083637472393953e-05,-6.592429983608287e-05
266,1625451594.4204967,0.0,-0.055736325681209564,-0.010937688872218132,0.007081613875925541,-9.757044538427628e-06,3.147008961663922e-05,0.08674536332706902,-0.000697641575243324,-0.004363337531685829,-0.0008053402998484671,-9.77721100254333e-05,-0.00014332035353363556,-1.4228287307122065e-06
267,1625451594.430385,0.0,-0.055716484785079956,-0.010973306372761726,0.007065071724355221,-1.1868413026618063e-05,2.859124073236602e-05,0.0867460094979273,0.002498151734471321,-0.008624395355582237,-0.0018706046976149082,-0.00032609811328749547,-0.00013556141742042066,-3.351691208238414e-06
268,1625451594.4403822,0.0,-0.05571383237838745,-0.01095442846417427,0.007057190872728825,-1.1228959932690907e-05,2.8553913956126664e-05,0.08674563186059527,0.004628680646419525,-0.00010227994062006474,-0.0008053402998484671,-0.00013297060737339368,-0.00012825325563602197,9.571750808193124e-05
269,1625451594.450324,0.0,-0.05571090802550316,-0.01090971753001213,0.007069223560392857,-6.542651086474671e-06,2.928331692555325e-05,0.08674427078296723,0.006759209558367729,-0.005428601987659931,0.0002599241561256349,0.00022753497149048202,2.2785460817239998e-06,-1.668869447520788e-05
270,1625451594.460324,0.0,-0.05572228878736496,-0.01091376505792141,0.007029362954199314,-7.4773206281825155e-06,3.034783591020218e-05,0.08674550476132022,0.005693945102393627,0.0020282489713281393,-0.005066398065537214,0.00018644859526799988,7.17223152353269e-05,-6.623280365191193e-05
271,1625451594.4773295,0.0,-0.05572814866900444,-0.010932703502476215,0.007033525966107845,-8.913611683841749e-06,3.077335199075382e-05,0.0867454331810727,-0.008154492825269699,0.0009629845153540373,-0.0008053402998484671,-0.0001901091589180432,3.016916486719197e-05,8.340414713815201e-05
272,1625451594.4871478,0.0,-0.05572006106376648,-0.010932202450931072,0.007057833485305309,-8.150180474987556e-06,3.0003313038005908e-05,0.08674424701515682,0.000367622880730778,-0.00010227994062006474,0.0023904531262815,-0.0001695756971457536,-1.264810963331184e-05,2.2885233334004064e-05
273,1625451594.4972923,0.0,-0.055726587772369385,-0.010924714617431164,0.0070754485204815865,-8.8149353569128e-06,2.967408945612343e-05,0.08674558035338531,-0.001762906089425087,-0.0011675443965941668,0.006651510950177908,-1.8176577919057103e-05,-2.043529384471138e-05,-4.675300074823624e-05
274,1625451594.507151,0.0,-0.05571135878562927,-0.010979997925460339,0.0070527540519833565,-1.3220931046824258e-05,3.017525831233714e-05,0.08674301841801485,0.004628680646419525,-0.007559130899608135,0.003455717582255602,-0.0002518340560957164,-2.2859836110044094e-05,-5.496432700571855e-05
275,1625451594.5171168,0.0,-0.055701736360788345,-0.01099419966340065,0.00704056303948164,-1.4287254516652526e-05,2.7413318824900945e-05,0.08674570911376517,0.003563416190445423,-0.003298073308542371,0.0002599241561256349,-0.00027108456030671633,-0.00011278060950100345,2.9964734979266443e-05
276,1625451594.5272238,0.0,-0.05569380521774292,-0.011002651415765285,0.007060096599161625,-1.5345837834190856e-05,2.8884097755796367e-05,0.08674392106644542,0.001432887278497219,0.005224042572081089,0.0013251886703073978,-0.0001314957119286595,-0.00010103572958973121,3.1617401996815846e-05
277,1625451594.5372329,0.0,-0.055694784969091415,-0.010996672324836254,0.007036981172859669,-1.5628010093908518e-05,2.6602592399740943e-05,0.08674620427225045,-0.001762906089425087,-0.003298073308542371,-0.0008053402998484671,-4.955528655142359e-05,-6.107790362940677e-05,2.1674815882550474e-05
278,1625451594.5471158,0.0,-0.05570269376039505,-0.010986956767737865,0.007009281776845455,-1.349507616202339e-05,2.7461888226422426e-05,0.08674737878316227,-0.003893435001373291,0.0030935134273022413,-0.004001133609563112,2.793801585523651e-05,-9.140088376067044e-05,0.00010927960151619022
279,1625451594.5572124,0.0,-0.05570241063833237,-0.010992172174155712,0.007005958817899227,-1.3042377689648221e-05,2.75314759921666e-05,0.08674278993499047,0.001432887278497219,0.0020282489713281393,-0.004001133609563112,2.3808625377484454e-05,4.5406417702937565e-05,-0.0001645927106468795
280,1625451594.5671818,0.0,-0.055714961141347885,-0.010981986299157143,0.007001872174441814,-1.2918268552486456e-05,2.960811111981515e-05,0.08674558057675424,0.003563416190445423,-0.0011675443965941668,-0.0029358691535890102,2.947033694536949e-05,0.00013986050720231469,-6.138858592917142e-05
281,1625451594.5839758,0.0,-0.055706512182950974,-0.010958868078887463,0.007006858475506306,-1.1233854599307369e-05,2.983582017370562e-05,0.08674300791080478,-0.001762906089425087,-0.0011675443965941668,0.003455717582255602,0.00013515501409977666,5.666959570986161e-05,0.00020565734964655296
282,1625451594.5939162,0.0,-0.05569307133555412,-0.01095588132739067,0.007012815214693546,-9.796395922405388e-06,2.7656441155987643e-05,0.08674446656549946,-0.003893435001373291,-0.004363337531685829,-0.0029358691535890102,0.0002098117042380483,-0.00014457850980974867,0.00012402389488102493
283,1625451594.6039083,0.0,-0.05570172145962715,-0.010945999063551426,0.00700222235172987,-8.927474750786146e-06,2.8418062329629845e-05,0.0867444609379339,0.003563416190445423,0.005224042572081089,0.006651510950177908,3.828982004246149e-05,-6.779245147748729e-05,6.910006483948963e-05
284,1625451594.6139364,0.0,-0.05569269135594368,-0.010898387059569359,0.007053733803331852,-5.198593877396573e-06,2.779209604542726e-05,0.08674702142834105,-0.001762906089425087,-0.0011675443965941668,0.0023904531262815,0.00015919639859733958,1.2203878116100674e-06,9.654060021914625e-06
285,1625451594.6239707,0.0,-0.055681388825178146,-0.010931342840194702,0.0070615848526358604,-9.142043701663993e-06,2.5689065747104556e-05,0.08674421450382609,-0.001762906089425087,-0.004363337531685829,0.004520982038229704,4.653439156589076e-06,-0.00011601805519639903,-2.6506923396863726e-05
286,1625451594.634024,0.0,-0.055702149868011475,-0.01093836035579443,0.00704015139490366,-8.518927747717953e-06,2.741933993490736e-05,0.08674445881330738,-0.007089228369295597,-0.003298073308542371,0.0013251886703073978,-0.0001877694475879972,-1.4838111328967842e-05,-0.00013191636808147883
287,1625451594.6440008,0.0,-0.05568491667509079,-0.010946352034807205,0.007061596028506756,-1.03123574664854e-05,2.700898366245208e-05,0.08674578759700538,-0.004958699457347393,-0.0011675443965941668,0.003455717582255602,-3.019644080919308e-05,2.5967993710150736e-05,-1.4107122419366994e-05
288,1625451594.6538734,0.0,-0.055705420672893524,-0.01090931799262762,0.007087024860084057,-7.325686209362636e-06,2.8805751819203917e-05,0.08674562859184318,0.001432887278497219,0.0009629845153540373,0.0013251886703073978,3.488962264699593e-05,5.789055719203792e-05,5.1078607154023165e-05
289,1625451594.6640444,0.0,-0.05570286512374878,-0.010884790681302547,0.0070907073095440865,-5.392606818449552e-06,2.752597731530554e-05,0.08674745014367892,-0.002828170545399189,0.006289307028055191,-0.0008053402998484671,0.00019528146816832884,5.349459616131139e-05,4.8002827427742234e-05
290,1625451594.6739511,0.0,-0.055706873536109924,-0.010863572359085083,0.00708917248994112,-4.340585092410532e-06,2.88848237438577e-05,0.0867443955736032,-0.006023963913321495,-0.0011675443965941668,-0.004001133609563112,0.00017236699398290515,-2.123105705955085e-05,-8.628280094287555e-05
291,1625451594.6921258,0.0,-0.05571025237441063,-0.01085527241230011,0.007075822912156582,-2.588251135741959e-06,2.912155270037159e-05,0.08674311338243307,0.005693945102393627,-0.0022328088525682688,-0.0018706046976149082,-4.8525115463781535e-05,7.492453500579093e-05,-0.0001749279653728755
292,1625451594.7021816,0.0,-0.055717211216688156,-0.010848664678633213,0.007076195441186428,-3.076703912065215e-06,2.876946578978662e-05,0.08674269587101963,0.001432887278497219,-0.003298073308542371,-0.005066398065537214,-7.586357995407501e-05,2.363340804229882e-05,-6.868445819063074e-05
293,1625451594.7120914,0.0,-0.055714596062898636,-0.010859291069209576,0.007087192498147488,-3.7691296603317714e-06,2.968272791358667e-05,0.08674260397984898,-0.001762906089425087,-0.00010227994062006474,-0.0008053402998484671,-3.6631054848193325e-05,-8.00598182600062e-06,6.5792488849165755e-06
294,1625451594.7221107,0.0,-0.05572527274489403,-0.010877542197704315,0.007080418057739735,-4.6985113834607795e-06,3.0525694758261335e-05,0.0867413299712029,-0.002828170545399189,-0.005428601987659931,-0.005066398065537214,-0.00013675110166842515,3.970862746285251e-05,-3.3213843672162434e-05
295,1625451594.7320118,0.0,-0.05571118742227554,-0.010891598649322987,0.007090496830642223,-5.825213818588804e-06,3.0346987428875316e-05,0.08674546691624073,0.001432887278497219,-0.00010227994062006474,-0.007196926977485418,-0.0001667681806086146,4.1796541186059675e-05,1.122958863013523e-05
296,1625451594.7419724,0.0,-0.055709876120090485,-0.010917015373706818,0.0071012163534760475,-7.332693455444628e-06,3.0262443513041914e-05,0.0867426115006632,0.001432887278497219,0.004158778116106987,-0.0008053402998484671,-0.00018572839552959093,-6.055986373218472e-05,2.817000287082546e-05
297,1625451594.752132,0.0,-0.0556909516453743,-0.010934378020465374,0.00709757674485445,-9.587671623970118e-06,2.8562771181163404e-05,0.08674567706992606,0.004628680646419525,-0.011820188723504543,0.005586246494203806,-0.00016135291218434729,-7.37734592483099e-05,5.970116735828638e-07
298,1625451594.762078,0.0,-0.05568133294582367,-0.010982425883412361,0.0071213869377970695,-1.4083254192963357e-05,2.5750045573792735e-05,0.08674422596789345,-0.000697641575243324,-0.01288545224815607,0.0013251886703073978,-0.00032852436142074485,-0.0001756425326405087,5.169775415165062e-05
299,1625451594.7720847,0.0,-0.055680837482213974,-0.010996801778674126,0.007093020714819431,-1.4975075398500348e-05,2.5450029008861064e-05,0.08674340774349786,0.002498151734471321,0.0009629845153540373,0.008782039396464825,-0.0003283164761846645,-0.0001694046484026811,-8.63815608665195e-05
300,1625451594.7819734,0.0,-0.055668652057647705,-0.010991781949996948,0.0071224020794034,-1.4758738267908744e-05,2.5558559794497393e-05,0.08674592801372598,-0.000697641575243324,0.0030935134273022413,0.006651510950177908,-0.0001002043680839735,-1.6707023759951117e-05,-4.204067201254541e-05
301,1625451594.8002021,0.0,-0.05565063655376434,-0.01091250404715538,0.00710804108530283,-8.067208386204616e-06,2.4120760106847994e-05,0.08674616762640283,0.002498151734471321,-0.006493866443634033,0.003455717582255602,0.00022308738720597221,1.7585972174391518e-05,0.00016881725995709305
302,1625451594.8102462,0.0,-0.05566515401005745,-0.010931769385933876,0.007111980579793453,-9.456442674873888e-06,2.4264193472747775e-05,0.08674602710518259,-0.001762906089425087,0.0020282489713281393,-0.0008053402998484671,0.00010948014022167963,-5.258074351721032e-05,0.00015974633169722117
303,1625451594.8202245,0.0,-0.05565638095140457,-0.010933687910437584,0.007100044749677181,-1.0626071692575179e-05,2.4571761820073312e-05,0.08674322124451564,0.002498151734471321,-0.0022328088525682688,-0.0018706046976149082,-0.0001238082366682618,1.401946225863598e-05,-1.7234306602545986e-05
304,1625451594.8302035,0.0,-0.05568169057369232,-0.01093275472521782,0.007070866413414478,-9.354306951391e-06,2.6847567531115835e-05,0.08674415964629839,-0.001762906089425087,0.0009629845153540373,-0.0018706046976149082,-4.928839238476543e-06,7.628451651217037e-05,-8.710193087946543e-05
305,1625451594.8404424,0.0,-0.055692221969366074,-0.010937785729765892,0.007048475556075573,-9.462259809009388e-06,2.7651004663585554e-05,0.08674573631203843,-0.002828170545399189,-0.007559130899608135,-0.005066398065537214,2.1768363755302998e-05,0.0001345541068043151,-4.311775433862892e-06
306,1625451594.8501692,0.0,-0.055704087018966675,-0.010962910018861294,0.007027295418083668,-1.1372514288551794e-05,2.8714844310107068e-05,0.08674396687433822,0.000367622880730778,-0.00010227994062006474,0.0023904531262815,-0.00016016148784349455,0.00014804816596446886,-4.102765297976969e-05
307,1625451594.860412,0.0,-0.05570467188954353,-0.010950303636491299,0.007029828615486622,-8.584797484383067e-06,2.8740220370720992e-05,0.08674565844839253,-0.001762906089425087,-0.0022328088525682688,-0.0029358691535890102,-6.314958782273191e-05,4.388102435865711e-05,-9.691744716069876e-05
308,1625451594.8702068,0.0,-0.05567193403840065,-0.010971743613481522,0.007048309780657291,-1.147456246392703e-05,2.580650234008941e-05,0.08674464849930927,0.006759209558367729,-0.0011675443965941668,0.0023904531262815,-7.515782175750266e-05,-0.00011139858858580135,1.0522246192031715e-05
309,1625451594.880191,0.0,-0.05568708851933479,-0.01096854917705059,0.007062279619276524,-1.1316828312298022e-05,2.609008570342991e-05,0.08674458197628168,0.005693945102393627,-0.016081247478723526,0.005586246494203806,-0.00014682574200526014,-8.529535612602421e-05,-2.611134005293367e-06
310,1625451594.8900254,0.0,-0.05568872019648552,-0.010971004143357277,0.007062732242047787,-1.072172583426595e-05,2.8173223605501563e-05,0.08674479538495916,-0.003893435001373291,-0.005428601987659931,-0.004001133609563112,-7.894880137333282e-05,5.3338211781855585e-05,9.037176108633725e-06
311,1625451594.9091237,0.0,-0.055706899613142014,-0.010966462083160877,0.0070866672322154045,-1.2418387434480482e-05,2.798449278954701e-05,0.08674401206385207,0.001432887278497219,-0.004363337531685829,0.0013251886703073978,-3.9528471803968254e-05,6.381080707036838e-05,0.00012608121794378235
312,1625451594.9188776,0.0,-0.05571969971060753,-0.010964560322463512,0.007089884020388126,-1.1251921811269994e-05,2.90571894406913e-05,0.08674684704776034,0.004628680646419525,-0.006493866443634033,0.003455717582255602,3.2134718647880273e-05,3.6178218413312e-05,8.387739415543806e-05
313,1625451594.928899,0.0,-0.055729690939188004,-0.010963047854602337,0.007092905230820179,-1.1220700674517692e-05,3.086836280716265e-05,0.08674583811131081,0.002498151734471321,-0.006493866443634033,0.004520982038229704,-9.931778110980114e-06,0.00010582840280111307,6.358393063451147e-05
314,1625451594.93874,0.0,-0.055682096630334854,-0.010993700474500656,0.0070975227281451225,-1.393846029785345e-05,2.5750108207121813e-05,0.08674296146103914,0.007824474014341831,-0.006493866443634033,-0.0008053402998484671,-0.00014090794388473194,-0.00010545529317081072,-9.343969868077895e-05
315,1625451594.9489343,0.0,-0.055693481117486954,-0.010999361053109169,0.007073878310620785,-1.4378248866228627e-05,2.8611348491337785e-05,0.08674193391751403,0.000367622880730778,0.0030935134273022413,-0.0008053402998484671,-0.00016049308410619003,-0.00015883283884000275,-0.00010321812313270187
316,1625451594.958859,0.0,-0.05569404363632202,-0.010977169498801231,0.007074286229908466,-1.3077859052398888e-05,2.5720071896856433e-05,0.08674591240402715,-0.000697641575243324,-0.007559130899608135,0.0002599241561256349,1.3400881070113144e-05,2.6070138141768325e-05,6.619496418414439e-05
317,1625451594.9690428,0.0,-0.05571888014674187,-0.010993433184921741,0.0070713600143790245,-1.4874763580460804e-05,2.897140173994256e-05,0.08674390822703204,-0.003893435001373291,-0.00010227994062006474,0.0013251886703073978,-6.938559957124504e-08,3.102013693980179e-05,4.704942719183416e-05
318,1625451594.9787693,0.0,-0.0557297021150589,-0.010991635732352734,0.0070470841601490974,-1.3348849436954635e-05,3.0921931772801003e-05,0.08674244963338243,-0.001762906089425087,-0.0011675443965941668,-0.0029358691535890102,-8.958057799166777e-05,0.00020627371726472728,-0.00010853910471695979
319,1625451594.9921405,0.0,-0.055726584047079086,-0.01097699161618948,0.007051101885735989,-1.3045560848634619e-05,2.9695450348074526e-05,0.08674389614618672,-0.002828170545399189,-0.0022328088525682688,0.005586246494203806,4.788028950059345e-05,5.914093341560197e-05,5.67255465321324e-06
320,1625451595.0038633,0.0,-0.0557330921292305,-0.01098419725894928,0.007058984600007534,-1.3762563066919975e-05,3.332915176224027e-05,0.08674352111017751,0.001432887278497219,0.0030935134273022413,0.006651510950177908,-1.5218625056433455e-05,9.463401492530413e-05,5.613591482238143e-05
321,1625451595.021387,0.0,-0.05575072020292282,-0.010955448262393475,0.007023884914815426,-1.2027654280398481e-05,3.374571494699219e-05,0.08674391442046361,0.005693945102393627,-0.004363337531685829,-0.0008053402998484671,-4.942888902093794e-05,0.00022986204776492177,7.851173177007488e-05
322,1625451595.0311844,0.0,-0.05574365332722664,-0.010972793214023113,0.007038666866719723,-1.2536099283179392e-05,3.1017529925563e-05,0.08674703439313669,0.001432887278497219,-0.00010227994062006474,-0.0029358691535890102,-0.0001255191548957931,1.5972127157780767e-05,0.00013144176322694369
323,1625451595.0414522,0.0,-0.05574888736009598,-0.010967802256345749,0.007054288871586323,-1.3115044290634703e-05,3.350153991424354e-05,0.08674395542879736,0.001432887278497219,-0.01288545224815607,-0.005066398065537214,-5.8765238489532306e-05,-2.917963151026536e-05,-0.0001048685477339918
324,1625451595.0511913,0.0,-0.05575382336974144,-0.010977137833833694,0.0070449309423565865,-1.2913808765474544e-05,3.3862066963805115e-05,0.08674266160469031,0.000367622880730778,-0.005428601987659931,-0.0018706046976149082,-2.4719880009733966e-05,0.00011591790956315019,-0.00014448717256047231
325,1625451595.0613217,0.0,-0.0557842031121254,-0.010988912545144558,0.00703780073672533,-1.3847954743177737e-05,3.4570287020689594e-05,0.08674501230099335,-0.003893435001373291,-0.0022328088525682688,-0.004001133609563112,-0.0001275774993316135,0.00011045124875709647,4.451501574593135e-05
326,1625451595.0712392,0.0,-0.055629365146160126,-0.011038053780794144,0.007065721787512302,-6.0353505914122196e-05,-8.457849063968348e-06,0.08753582033618723,0.08771930634975433,0.004158778116106987,0.00771677540615201,-0.001720883320567359,-0.001031943914818659,0.021755431110537505
327,1625451595.0812037,0.0,-0.05542263016104698,-0.010392962023615837,0.006964747793972492,1.687020531513511e-05,-0.0005912029814036865,0.09496661224822998,-0.059287186712026596,0.12346839159727097,-0.029567480087280273,0.0013573187714294626,-0.02592898761943968,0.35038232854584894
328,1625451595.0914857,0.0,-0.05475633218884468,-0.011055933311581612,0.006322699598968029,2.5540997281268962e-05,-0.0018797176755121145,0.10401608054648058,0.3806670308113098,-0.12473821640014648,-0.16592133045196533,0.0066582689239489705,-0.08546705096895948,0.8110766830400763
329,1625451595.1011798,0.0,-0.05161343514919281,-0.009328690357506275,0.0029954640194773674,0.0002476969833680731,-0.00249901934714003,0.1053641919752917,0.07813192903995514,0.5506394505500793,-0.3885616064071655,0.010143572738666682,-0.1031952952890084,0.597755855302218
330,1625451595.1116424,0.0,-0.050429511815309525,-0.005255231633782387,-0.0010944120585918427,0.0006422200039722173,-0.0018650388123733486,0.10370910809766792,0.18998469412326813,0.41535085439682007,-0.33210259675979614,0.029544601132555953,-0.01413535611136848,0.03131015741211386
331,1625451595.131206,0.0,-0.044744864106178284,-0.0013476386666297913,-0.00246176915243268,0.0010334969336476957,-0.0024000703955671943,0.10704195537124582,0.15696150064468384,0.1170768067240715,0.05565367639064789,0.04167478370437003,-0.0031294648654012036,0.007643065040178
332,1625451595.1415787,0.0,-0.04168851673603058,-0.0019434329587966204,-0.00186847522854805,0.0010255282256557974,-0.0029022835420440263,0.10915013149492449,0.42540815472602844,-0.1055634617805481,0.056718938052654266,0.02236998212378258,-0.05793184116734001,0.21151246788765612
333,1625451595.1511462,0.0,-0.03845527395606041,-0.0024479241110384464,-0.0013827597722411156,0.0010174468785769733,-0.0031307425264260128,0.110234135247543,0.3955807387828827,0.06061779335141182,0.05884946882724762,-0.0009196423872799843,-0.04085844466026339,0.1754323559271422
334,1625451595.1612558,0.0,-0.03571075573563576,-0.0008236989378929138,-0.001064646989107132,0.0012273111141455767,-0.0033076087700969967,0.11147123525961299,0.37321019172668457,0.23425589501857758,0.04180523753166199,0.00743114920357085,-0.023246479860499197,0.12191560733079772
335,1625451595.1712966,0.0,-0.03264085575938225,0.0022536201868206263,-0.0007615191861987114,0.0016201485819128114,-0.0038201930714976753,0.11335482819598963,0.2379215955734253,0.3770013451576233,0.02369574084877968,0.028387464813590713,-0.033828713758290066,0.1576001659125001
336,1625451595.180989,0.0,-0.03066515177488327,0.005876748822629452,-0.0004367595538496971,0.0020844598553455135,-0.004366041277439746,0.11527856833670036,0.21128998696804047,0.29923704266548157,0.07589370012283325,0.04295283123848064,-0.05348991089692238,0.1947710942409216
337,1625451595.1913333,0.0,-0.02835020422935486,0.007213373202830553,0.0005102967843413353,0.002269095797601421,-0.004857822266742175,0.11684357110030272,0.21128998696804047,-0.0544307641685009,0.1525927484035492,0.036135397341692535,-0.05440409553857229,0.1838068416375723
338,1625451595.2011902,0.0,-0.026134885847568512,0.005434095393866301,0.002461956813931465,0.0020996202580843837,-0.005215034428466846,0.11806136503025538,0.22726894915103912,-0.342052161693573,0.2037254422903061,0.004751957070349232,-0.0448498127958838,0.14789746421902059
339,1625451595.211155,0.0,-0.02396273985505104,0.0014213512185961008,0.0044026002287864685,0.001680108722343386,-0.005592337426106403,0.11938608995967806,0.18998469412326813,-0.5018417835235596,0.12170007079839706,-0.028277947834059073,-0.037493069902030204,0.12812183223255147
340,1625451595.2213073,0.0,-0.022336218506097794,-0.001536490977741778,0.004673107527196407,0.0013905885948825164,-0.006023965149978855,0.1208369376772507,0.11861197650432587,-0.2909194827079773,-0.07217805832624435,-0.03875169181426543,-0.03954509104296984,0.13584219598090783
341,1625451595.2411375,0.0,-0.01862698793411255,-0.00020187621703371406,0.0015862463042140007,0.001631424819157963,-0.00692969580389638,0.12313047698690399,0.11115512251853943,0.26408329606056213,-0.16592133045196533,-0.00963060737431713,-0.05342854179014274,0.1286387262036632
342,1625451595.251026,0.0,-0.01727503165602684,0.003726300084963441,0.00035181082785129547,0.002103285971646829,-0.007138508109466604,0.12388193707574616,0.0802624523639679,0.3897845149040222,-0.05832961946725845,0.03131474288287555,-0.044236732971038986,0.09623545442114392
343,1625451595.2614667,0.0,-0.016782628372311592,0.006373640149831772,0.00023750681430101395,0.0024161323163821094,-0.0072962897877714705,0.12491886887173273,-0.007089228369295597,0.09683678299188614,0.027956798672676086,0.04183570621542545,-0.01876703733425281,0.08652218365558978
344,1625451595.2713282,0.0,-0.01581389270722866,0.004182911012321711,0.0010991189628839493,0.0021405803296312906,-0.007661895779645017,0.126183901007816,0.08878457546234131,-0.48266708850860596,0.12383060157299042,0.009035065426729312,-0.024321698056492196,0.1119336623505735
345,1625451595.2812324,0.0,-0.015263707377016544,-0.001676807994954288,0.002142316661775112,0.0014000264892841674,-0.007973821054159738,0.12724694263389194,-0.01348081510514021,-0.6690883040428162,0.031152591109275818,-0.0462723012568908,-0.03487894734670059,0.12273052526086739
346,1625451595.2908897,0.0,-0.014556203968822956,-0.008140051737427711,0.001925918273627758,0.0005756595525610586,-0.008140565008599887,0.12777095496467508,0.1356562077999115,-0.6435219645500183,-0.07643911987543106,-0.07958787170491972,-0.0253412084840627,0.08605765904572256
347,1625451595.3013215,0.0,-0.014048459008336067,-0.01075065042823553,0.0005106134340167046,0.0002284836801916615,-0.008272612325226927,0.12831977478434592,-0.059287186712026596,-0.08958449959754944,-0.21492348611354828,-0.06555884262980025,-0.015435220060728238,0.05540347377221738
348,1625451595.3114316,0.0,-0.013297118246555328,-0.009687899611890316,-0.002133050002157688,0.00032758234473285325,-0.008511504567289566,0.12904100724088202,0.07813192903995514,0.29604125022888184,-0.31399309635162354,-0.019686072696176293,-0.017486951423374683,0.0632382982233529
349,1625451595.32102,0.0,-0.012915498577058315,-0.004040477331727743,-0.00601026089861989,0.0010223713748799337,-0.008647647899695729,0.12961882429511515,-0.1285293698310852,0.6539701223373413,-0.3885616064071655,0.03530411003887423,-0.020170674457680237,0.0680786768581088
350,1625451595.330975,0.0,-0.013641741126775742,0.0010134174954146147,-0.008495347574353218,0.0016407269525859428,-0.008562204698813039,0.13012125781383432,-0.01880713738501072,0.3812623918056488,-0.070047527551651,0.06756274225481569,-0.0045956877139680255,0.05799171976330781
351,1625451595.3512251,0.0,-0.014330131933093071,-0.0018158266320824623,-0.004712838213890791,0.001192198782408671,-0.008782805967391671,0.13168370957797226,0.005693945102393627,-0.611564040184021,0.3794940710067749,0.020141602312590327,0.003688334125081444,0.06363477636977666
352,1625451595.3609703,0.0,-0.014656814746558666,-0.008147967047989368,-0.0008956603705883026,0.00034678182214323283,-0.008733642131726616,0.13203220547178307,-0.1146809384226799,-0.5433871150016785,0.25698864459991455,-0.05840722156048327,-0.0008970632710405335,0.058071910397067376
353,1625451595.371168,0.0,-0.01519818790256977,-0.012980492785573006,0.00044806767255067825,-0.0003420662033244634,-0.008585031742266547,0.13226890816182374,0.024868706241250038,-0.43259966373443604,0.0876116082072258,-0.07968498814744578,0.00893840451908321,0.031506887724211056
354,1625451595.3810153,0.0,-0.01432529091835022,-0.01333003118634224,-0.00017613079398870468,-0.0004494534654569532,-0.008648125220533154,0.13266041697419947,0.002498151734471321,0.31841179728507996,-0.1488770991563797,-0.0481639070726829,0.006318449255271356,0.030211479091905222
355,1625451595.3911805,0.0,-0.014945672824978828,-0.007755620405077934,-0.002324654720723629,0.00022102796775917005,-0.008628122705939531,0.13328303547783638,-0.08485353738069534,0.5794016122817993,-0.17550870776176453,0.01875355095397765,-0.0018521149796434336,0.05019430961807234
356,1625451595.401049,0.0,-0.015079734846949577,-0.0020606149919331074,-0.0036063436418771744,0.0009381586734870939,-0.008558070279561847,0.13366510051251101,-0.10296303033828735,0.6039026975631714,-0.028502216562628746,0.0668726038129765,0.002765312259246617,0.05403171447994612
357,1625451595.4113243,0.0,-0.016302453354001045,0.002167375758290291,-0.0034569893032312393,0.0014466451583430157,-0.008227449734397527,0.13383536401418586,-0.15516099333763123,0.27793174982070923,0.07482843846082687,0.06787078038015129,0.018557000126104492,0.03137522655654012
358,1625451595.4211125,0.0,-0.01691569946706295,0.001230830093845725,-0.0017968574538826942,0.0012917823592701327,-0.008027447911757885,0.134198154045156,-0.01880713738501072,-0.2547004818916321,0.22076967358589172,0.028623691932139133,0.028857031017967258,0.02686213098199177
359,1625451595.4310756,0.0,-0.01744655892252922,-0.0026485719718039036,-6.275065243244171e-05,0.0007558053091710551,-0.007942449382213876,0.13456498656763954,-0.048634544014930725,-0.5124944448471069,0.1568538099527359,-0.0275952572071832,0.01656942566931874,0.0363765706272811
360,1625451595.4411802,0.0,-0.01729053258895874,-0.006786436308175325,0.0005200840532779694,0.00018076139137380987,-0.007950340854552762,0.1347739440800791,0.05256558209657669,-0.24724364280700684,-0.03063274547457695,-0.05777908862242871,0.0049523386687955525,0.02997731190935677
361,1625451595.4609938,0.0,-0.01751887798309326,-0.004786979407072067,-0.0006026895716786385,0.0004069474761829034,-0.007863442783067845,0.13538129395451345,0.006759209558367729,0.38765397667884827,-0.05513382703065872,-0.024822491652185856,0.0031171754752114143,0.02775111667905665
362,1625451595.4707763,0.0,-0.01766555942595005,3.182062937412411e-05,-0.000971098430454731,0.0010264216324582381,-0.007775730570917586,0.13564848559115922,-0.0731356292963028,0.5527700185775757,-0.005066398065537214,0.03416907691102882,0.006229022031085038,0.030294196384408556
363,1625451595.4810543,0.0,-0.018856676295399666,0.0042106350883841515,-0.0007931115105748177,0.0015889474345935073,-0.007520745540596757,0.13575307329100827,-0.062482982873916626,0.26301804184913635,0.05245788395404816,0.061244736453113416,0.016589534498020624,0.01982150841698923
364,1625451595.4910126,0.0,-0.01869804784655571,0.00412426982074976,1.2747012078762054e-05,0.0016076465617145819,-0.007537911419979615,0.13598784779796028,0.03552135080099106,-0.17587092518806458,0.0876116082072258,0.03880286944356247,0.014697654316715745,0.015249835167797697
365,1625451595.5006638,0.0,-0.0189271941781044,0.0022809242364019156,0.0006842361763119698,0.0013709978847808238,-0.007542626608834313,0.13626861463307907,-0.030525045469403267,-0.27813631296157837,0.042870502918958664,-0.00633309300402481,-0.00016064467473269714,0.025013988889307896
366,1625451595.511661,0.0,-0.018666863441467285,-0.0010827449150383472,0.0008635437116026878,0.0009232221673208876,-0.007554601357474516,0.13637767175151727,0.024868706241250038,-0.2632226049900055,-0.00932745635509491,-0.03279031650942859,-0.001966235580479268,0.021551774779076962
367,1625451595.5205557,0.0,-0.01900636963546276,-0.002026212401688099,0.0007123900577425957,0.000801539700128695,-0.00747173124253217,0.13646619605870927,-0.04330822080373764,-0.015015983022749424,-0.029567480087280273,-0.03067990749517329,0.0024077755205218847,0.011202818456474582
368,1625451595.5307395,0.0,-0.019245797768235207,-0.0007522554369643331,0.0004103798419237137,0.0009900091638092023,-0.007441649469542441,0.13663435355135356,-0.011350286193192005,0.16927476227283478,-0.03063274547457695,-0.0014287831048153319,0.005953823756898233,0.012389997561266675
369,1625451595.5407271,0.0,-0.019665727391839027,0.0015121502801775932,7.80392438173294e-05,0.0013113982934693097,-0.007380240677842306,0.13676151961912894,-0.04756927862763405,0.22253799438476562,-0.021045364439487457,0.023789967373903334,0.004690399593252838,0.01570914436356158
370,1625451595.5506532,0.0,-0.019934557378292084,0.002957239281386137,-4.572421312332153e-05,0.0015199048147819666,-0.007326355086813466,0.13682568271351891,-0.027329253032803535,0.09790204465389252,0.0013251886703073978,0.027656985572171725,0.0057502377966566565,0.010916116260807358
371,1625451595.5750644,0.0,-0.020316462963819504,-0.0002810698642861098,0.00015469081699848175,0.0011209288158943523,-0.007307440334000673,0.137196689462099,-0.019872400909662247,-0.2216772884130478,0.0002599241561256349,-0.00917989637780645,0.003947418117587924,0.011787218435499751
372,1625451595.5847929,0.0,-0.02040119282901287,-0.0016312111401930451,0.00012850388884544373,0.0009521406227849319,-0.007295410303262903,0.13739391672255447,-0.019872400909662247,-0.08745396882295609,-0.00932745635509491,-0.030508454335381168,0.0010323136566289355,0.01974092871961151
373,1625451595.5949461,0.0,-0.020737970247864723,-0.0016824157210066915,2.3913569748401642e-05,0.0009513363919849485,-0.007224067275518567,0.13746747301485923,-0.04330822080373764,0.022268272936344147,-0.018914837390184402,-0.011013464626987317,0.003754232719599579,0.014810206740244072
374,1625451595.605173,0.0,-0.02089335396885872,-0.0009951788233593106,-8.74008983373642e-05,0.001048177926478551,-0.007199364945211298,0.13752719390620358,-0.02626398764550686,0.09151045978069305,-0.007196926977485418,0.0032623834193592507,0.005202187846314833,0.007386127798163828
375,1625451595.6150224,0.0,-0.021261820569634438,-0.0004065514949616045,-0.00015758536756038666,0.0011280166886973794,-0.007130520722480965,0.13756704140735385,-0.016676606610417366,0.023333536460995674,-0.0018706046976149082,0.009181468283923397,0.00496186029534064,0.005632456849693234
376,1625451595.6251187,0.0,-0.02140306495130062,-0.0007488884730264544,-0.00013461988419294357,0.0010843604523282022,-0.00709046629153505,0.13762976001766947,-0.017741871997714043,-0.07360552996397018,0.0023904531262815,0.003380798349699462,0.005583635063613077,0.005206712909403695
377,1625451595.6348927,0.0,-0.021569641306996346,-0.0016467429231852293,-7.834658026695251e-05,0.0009529585392214213,-0.0070676820017325365,0.1377202164974441,0.003563416190445423,-0.09917187690734863,0.003455717582255602,-0.007766080439720052,0.003500986620468948,0.007383118162244124
378,1625451595.644769,0.0,-0.021563101559877396,-0.0025378183927387,-0.00010812375694513321,0.0008156135954757587,-0.007069517497673636,0.13785562177834315,-0.007089228369295597,-0.04697391390800476,-0.0029358691535890102,-0.013601408046477503,0.001205190500916816,0.010724228892485196
379,1625451595.6550376,0.0,-0.02166023664176464,-0.002833471866324544,-0.00017642322927713394,0.0007615374959701465,-0.007066192373282043,0.13796651934371892,0.001432887278497219,0.005224042572081089,-0.012523249723017216,-0.010315801936110156,7.224421529066383e-05,0.012671114398848639
380,1625451595.6679432,0.0,-0.021838676184415817,-0.0026462827809154987,-0.00023404695093631744,0.0007748855118651643,-0.007049282733472606,0.1380256571326961,-0.025198722258210182,0.05422620847821236,-0.004001133609563112,-0.0027372702438351847,0.0009091514342057385,0.009306621995956457
381,1625451595.6902044,0.0,-0.022277863696217537,-0.002448188839480281,-0.00028797518461942673,0.0007716707328701625,-0.00699146849046739,0.13815324145140398,-0.002828170545399189,-0.00010227994062006474,0.006651510950177908,0.0013106678206283944,0.0028749940336111716,0.006350976798271696
382,1625451595.700195,0.0,-0.02234002761542797,-0.0026334156282246113,-0.0002536186948418617,0.0007308560799319172,-0.006979495809785449,0.13820778044563928,-0.012415550649166107,0.0030935134273022413,0.003455717582255602,-0.001171164729454818,0.002674283275000798,0.005870485543000837
383,1625451595.710429,0.0,-0.022349826991558075,-0.002722205361351371,-0.00022174976766109467,0.0006971559708048441,-0.006971598918242686,0.138256792544368,-0.000697641575243324,0.005224042572081089,0.0023904531262815,-0.0036333431423246567,0.0010382998065897142,0.005216200595087636
384,1625451595.7204764,0.0,-0.0223554540425539,-0.0024663025978952646,-0.00019824784249067307,0.0007184797710420784,-0.00696515900049699,0.13831617910609087,0.01208553183823824,0.037181977182626724,0.0023904531262815,-0.0007141329003310024,0.000798460784484204,0.005487949336846737
385,1625451595.7303255,0.0,-0.022341828793287277,-0.0019482825882732868,-0.00015893671661615372,0.0007775450156649599,-0.006964092416516507,0.13840658284371024,0.006759209558367729,0.06061779335141182,0.008782039396464825,0.0038316053774986626,0.0003378475399907752,0.0075779862039527315
386,1625451595.740182,0.0,-0.022314133122563362,-0.0013830395182594657,-0.00011715386062860489,0.000842040031853071,-0.006957535947741261,0.13848333301417598,0.01208553183823824,0.051030416041612625,0.015173625200986862,0.006284630988922469,0.0003426196296200998,0.00832385670461599
387,1625451595.7505465,0.0,-0.022337522357702255,-0.000937216158490628,-5.305185914039612e-05,0.0008931416482917606,-0.006948275297189305,0.1385319352790707,-0.010285021737217903,0.03931250795722008,0.004520982038229704,0.0061521976839142975,0.000733213750669864,0.006727096892460297
388,1625451595.7609577,0.0,-0.02241663634777069,-0.0006933160475455225,6.441958248615265e-06,0.0009131045127003592,-0.0069320567233351615,0.13857201935343952,-0.004958699457347393,0.013746158219873905,0.003455717582255602,0.003948922370165499,0.0013016555563543648,0.0047874707034513
389,1625451595.7704062,0.0,-0.02249503694474697,-0.0006490748492069542,5.3950585424900055e-05,0.0009077091675945351,-0.0069390715944101095,0.13868393659065215,-0.012415550649166107,-0.006493866443634033,-0.0018706046976149082,0.000979293606620877,0.0008110679903058834,0.006903817463682423
390,1625451595.7802498,0.0,-0.02267095446586609,-0.0006162896170280874,4.7623179852962494e-05,0.0009010744642870758,-0.0069263769784054935,0.13879799017756075,-0.017741871997714043,-0.006493866443634033,0.0013251886703073978,-0.0006020439322250767,0.0003309203249648836,0.011301510659377003
391,1625451595.8044035,0.0,-0.023159654811024666,3.7747740861959755e-05,-1.348741352558136e-05,0.0009574640170841447,-0.006855721483678703,0.13897548491474698,-0.01348081510514021,0.030790388584136963,0.003455717582255602,0.0032842324864610466,0.0041522592237918975,0.012033165041316289
392,1625451595.8144143,0.0,-0.023322463035583496,0.00038904420216567814,-6.537605077028275e-05,0.000998357641982528,-0.006818581654863459,0.13911238082331895,-0.034786105155944824,0.03398618474602699,-0.011457985267043114,0.005793157893566916,0.005197869790391992,0.013149176754309983
393,1625451595.82451,0.0,-0.023554235696792603,0.0007471745484508574,-8.668564260005951e-05,0.0010386542713469449,-0.006775134722968812,0.1392406879736344,-0.02945978008210659,0.025464067235589027,-0.004001133609563112,0.004071499475560135,0.003988176322158833,0.013803811905298018
394,1625451595.834517,0.0,-0.02374725230038166,0.0008661831961944699,-9.055528789758682e-05,0.0010502162643907728,-0.00671331074679174,0.13937704856794386,-0.020937664434313774,-0.020342305302619934,0.0013251886703073978,0.003096558409128782,0.005329493727944974,0.013310560509220248
395,1625451595.8444285,0.0,-0.02378799580037594,0.0006135781877674162,-0.00010778941214084625,0.0010146072314419913,-0.006648715735273161,0.1396133260774665,-0.001762906089425087,-0.045908648520708084,-0.0008053402998484671,-0.0006249140753877162,0.006808555629248686,0.018255949927051457
396,1625451595.8542418,0.0,-0.023620452731847763,0.000250456971116364,-0.00010081566870212555,0.0009608860442398073,-0.006507589562342986,0.13994987977674503,0.03126028925180435,-0.04803917929530144,-0.006131662521511316,-0.004576852535993726,0.010153809143687784,0.028478553318577734
397,1625451595.8643208,0.0,-0.0232381634414196,-9.515826241113245e-05,-5.9030018746852875e-05,0.0009058522738105007,-0.006343004031669305,0.14025066037568773,0.03765187785029411,-0.05336550250649452,0.009847303852438927,-0.0056632706648961145,0.014921739181045628,0.03348931875794999
398,1625451595.8743436,0.0,-0.02268659695982933,-0.00018900638679042459,1.9356608390808105e-05,0.0008960030395032542,-0.006171712370169183,0.14050543178697095,0.03871714323759079,-0.004363337531685829,0.005586246494203806,-0.0036789769934839514,0.016680046141030223,0.029210627386285985
399,1625451595.8841853,0.0,-0.022148847579956055,7.07250292180106e-05,6.141047924757004e-05,0.000928592164516219,-0.006023109589516351,0.1408632257116409,0.05043505132198334,0.037181977182626724,0.008782039396464825,0.00046566245435832103,0.01624445150406815,0.03090568821028933
400,1625451595.8944943,0.0,-0.021422220394015312,0.00039432861376553774,7.600989192724228e-05,0.0009760737149658305,-0.005890651228696905,0.14131687338597376,0.06854454427957535,0.023333536460995674,-0.006131662521511316,0.003777149448481194,0.01463558082822904,0.041011071460466085
401,1625451595.915612,0.0,-0.019745757803320885,0.0005705069052055478,5.3622759878635406e-05,0.0009969991897158526,-0.005524610724204487,0.14246885662174769,0.07280560582876205,-0.029929684475064278,0.0023904531262815,0.003595846222360683,0.01128680697432867,0.05184774262341388
402,1625451595.9254303,0.0,-0.019075604155659676,8.892819460015744e-05,7.114093750715256e-05,0.0009280486939991783,-0.005358895824169367,0.1430736344800629,0.036586612462997437,-0.05016971006989479,-0.007196926977485418,-0.002288637720183259,0.013102952381656227,0.062470757966086164
403,1625451595.9354358,0.0,-0.018580535426735878,-0.0004082288942299783,9.831972420215607e-05,0.0008508945613195651,-0.005056897259003164,0.14356395977030914,0.03978240489959717,-0.044843386858701706,0.0023904531262815,-0.007375295059514759,0.024710882867663264,0.058802849853031955
404,1625451595.946011,0.0,-0.01815911941230297,-0.00043328371248207986,9.05962660908699e-05,0.0008390553360989803,-0.004702997491701201,0.1442852812119431,0.0429782010614872,0.022268272936344147,0.0002599241561256349,-0.005157843768303289,0.03464851916170746,0.060953695527159735
405,1625451595.9553444,0.0,-0.0178074948489666,7.085256220307201e-05,3.2145529985427856e-05,0.0009110857400050978,-0.004466833077369517,0.14527332331743736,0.01208553183823824,0.08831466734409332,-0.0029358691535890102,0.0021913657755823286,0.030386700866824698,0.08434538813045699
406,1625451595.965596,0.0,-0.01754692755639553,0.0004829668323509395,-2.351216971874237e-05,0.0009651804422028606,-0.004108299388812235,0.14587854126706204,0.019542383030056953,0.022268272936344147,-0.006131662521511316,0.006686886233034009,0.028924493677247674,0.08513978512139056
407,1625451595.9751234,0.0,-0.01738612726330757,7.99202753114514e-05,-7.486902177333832e-06,0.0008971261909650405,-0.0036881430059937173,0.14648320169055315,0.016346590593457222,-0.09810661524534225,-0.004001133609563112,0.0007682807221778844,0.03879343802383473,0.06368796938793103
408,1625451595.9852362,0.0,-0.017406268045306206,-0.000708185019902885,1.0712072253227234e-05,0.0007717248000790461,-0.003426416299831113,0.14756685296930855,-0.045438751578330994,-0.052300237119197845,0.00771677540615201,-0.00936251807477272,0.0358046403674217,0.0804806847550539
409,1625451595.9957738,0.0,-0.017753709107637405,-0.0012323444243520498,2.8098002076148987e-05,0.0006902382173638172,-0.0032444932023082407,0.14871452868089616,-0.042242955416440964,-0.044843386858701706,-0.0029358691535890102,-0.011350218945160428,0.023001462136173264,0.11194174646803356
410,1625451596.0053017,0.0,-0.018154393881559372,-0.0014787162654101849,2.476666122674942e-05,0.0006560682718341482,-0.0030131206446381634,0.14988810532572583,-0.05396086722612381,-0.008624395355582237,0.006651510950177908,-0.006814677120779089,0.020513606187394284,0.11970494547153002
411,1625451596.026702,0.0,-0.01873302459716797,0.00022626781719736755,3.186054527759552e-06,0.0008947853940618963,-0.002240149049610375,0.15179097137640987,-0.02200292982161045,0.09044519811868668,0.0013251886703073978,0.008965097217747386,0.03286657853740019,0.11060427704871317
412,1625451596.036198,0.0,-0.0191397275775671,0.0012720992090180516,1.804344356060028e-05,0.0010361644830912883,-0.0018042576607943395,0.15306266313443198,-0.05715665966272354,0.08192308247089386,0.01197783276438713,0.01926095722074205,0.04523113889990026,0.11342000560902783
413,1625451596.0463953,0.0,-0.01967841573059559,0.0016266836319118738,6.382446736097336e-05,0.0010866669398218176,-0.001503669037036151,0.15444039787085787,-0.07420089095830917,-0.007559130899608135,0.005586246494203806,0.011403025984008865,0.04048258461916386,0.13516746196475124
414,1625451596.056447,0.0,-0.020221218466758728,0.00017786909302230924,0.0001694299280643463,0.0008654245743840022,-0.0011925077218045907,0.15583977901765922,-0.08059247583150864,-0.24830889701843262,-0.0029358691535890102,-0.0054924397602067465,0.0317152199607279,0.14557565859673363
415,1625451596.066048,0.0,-0.020679239183664322,-0.0025486350059509277,0.0002949656918644905,0.0004437480923270634,-0.0007537273896856128,0.1571868491369991,-0.03691663593053818,-0.27920156717300415,0.00771677540615201,-0.03155906579411861,0.03644220674651605,0.14451675010377132
416,1625451596.0763748,0.0,-0.021140219643712044,-0.0040459963493049145,0.0003318982198834419,0.00018270242631639177,-0.0002998736828709603,0.15847778842970495,-0.03265557438135147,-0.05869182571768761,-0.0018706046976149082,-0.03766435273296945,0.04302412332108101,0.13313805658926114
417,1625451596.086097,0.0,-0.021273044869303703,-0.0028043806087225676,0.00021424517035484314,0.00035228467154540394,3.000297304170396e-06,0.16000062724846187,-0.025198722258210182,0.27154016494750977,-0.01678430661559105,-0.009673374607158936,0.040535441927711795,0.1424568712994091
418,1625451596.0962236,0.0,-0.02151070535182953,0.0009740393725223839,0.0001683272421360016,0.0009414999772225999,0.00039137138119485493,0.16150989067724528,-0.02945978008210659,0.4590266942977905,0.03008732944726944,0.033893276966378505,0.036574936390305623,0.16010559804737626
419,1625451596.1062942,0.0,-0.022315161302685738,0.004727245774120092,0.00029671378433704376,0.0015405613620061986,0.0009294983344621255,0.1630416010867897,-0.08911459147930145,0.2513001263141632,0.038609445095062256,0.059942710030009,0.044827917564366604,0.15465707604594855
420,1625451596.1162279,0.0,-0.02283702790737152,0.004127862863242626,0.00098462775349617,0.0014292844161539267,0.0014168542881843951,0.16463393384270886,-0.0358513705432415,-0.25256994366645813,0.0876116082072258,0.033176491548108804,0.05306944861078197,0.15657083179629305
421,1625451596.1388338,0.0,-0.023662827908992767,-0.007201187312602997,0.0018688412383198738,-0.00047803125814278175,0.002153361951609041,0.16861278865550805,0.0568266361951828,-0.5721492767333984,-0.04554644972085953,-0.0876779586255788,0.04968899014262906,0.16391265034543231
422,1625451596.1487706,0.0,-0.024314912036061287,-0.009161441586911678,0.0010120272636413574,-0.0008250456058917777,0.0026944744244971203,0.17008153227072811,-0.11148514598608017,-0.00968965981155634,-0.09561387449502945,-0.11503461799776417,0.0503932205073438,0.15826971457820885
423,1625451596.158724,0.0,-0.02479582093656063,-0.006992941722273827,-7.20582902431488e-05,-0.0004816778261259036,0.00319574243230817,0.1717112311533676,-0.023068195208907127,0.3620876371860504,-0.10839705169200897,-0.012148741424360269,0.050688728572253455,0.16122846345493733
424,1625451596.1688044,0.0,-0.025085635483264923,-0.0012353855418041348,-0.0014952430501580238,0.000489214080409757,0.0034023875954912325,0.17367914860991038,-0.05822192132472992,0.7860628962516785,-0.16166026890277863,0.05808344622692076,0.03531033051471048,0.1850023311734352
425,1625451596.1785479,0.0,-0.026150532066822052,0.007034813053905964,-0.003242096398025751,0.001912817748973554,0.003733043506912455,0.17580156364116808,-0.11574620008468628,0.7945850491523743,-0.12011495977640152,0.11768099206270068,0.029696096819796063,0.2060116326744222
426,1625451596.1887047,0.0,-0.02762817032635212,0.011617139913141727,-0.003308600280433893,0.002697130060942382,0.004238831015611233,0.17791243008031568,-0.18605366349220276,0.19697163999080658,0.11956954002380371,0.11695822423158717,0.040888691149820654,0.21540646426035648
427,1625451596.1987176,0.0,-0.028354480862617493,0.0063815973699092865,0.0005727661773562431,0.0017091745851060408,0.00468165395487008,0.17991176944695375,-0.07952721416950226,-0.9439265727996826,0.5051953196525574,0.008939212957676407,0.04710460334818865,0.20572583416182497
428,1625451596.2086308,0.0,-0.029756100848317146,-0.004007359035313129,0.00466031301766634,-0.00021439669978859377,0.005443896654913176,0.1818017449538311,-0.3085590600967407,-1.2837460041046143,0.1525927484035492,-0.13210017592550613,0.05634117132970619,0.1972364274705573
429,1625451596.218807,0.0,-0.028702300041913986,-0.017040524631738663,0.004727431572973728,-0.0025806693008612464,0.00565927774069442,0.18343033210891962,0.63206946849823,-1.4776240587234497,-0.10520125925540924,-0.2164202882462239,0.059148869866299296,0.18201499494433868
430,1625451596.229036,0.0,-0.028278905898332596,-0.018617089837789536,0.0018640179187059402,-0.00287890117706624,0.006018924815833798,0.1852781947983313,-0.15303045511245728,0.3780665993690491,-0.47058698534965515,-0.1629984731817374,0.02707673127434929,0.17477702140703041
431,1625451596.2518916,0.0,-0.030921312049031258,0.011273960582911968,-0.0070350333116948605,0.0026112824885223193,0.0075758736331384136,0.1900172528614421,0.013150796294212341,1.6585144996643066,0.13235272467136383,0.2690480965032267,0.0626535764130219,0.2015267216321571
432,1625451596.2621167,0.0,-0.030970780178904533,0.02310684509575367,-0.0052819750271737576,0.004779091180496742,0.00788320816471745,0.19216262842680537,-0.062482982873916626,0.8393261432647705,0.2356833815574646,0.4375185044640352,0.07488251170511849,0.2131728552233297
433,1625451596.2716985,0.0,-0.030251821503043175,0.02531573735177517,-0.0017476249486207962,0.005185438052766056,0.007991251691913982,0.19482454936469323,0.07387086749076843,-0.1417824625968933,0.5137174129486084,0.16022378261797166,0.028859497128476515,0.22939011567401515
434,1625451596.2818406,0.0,-0.030227720737457275,0.016918659210205078,0.005836411379277706,0.0035041165038027927,0.007927433164303485,0.1977093090320464,-0.12000726163387299,-0.9332739114761353,0.6575281023979187,-0.037031060438642356,0.004768621850406677,0.27775901442238066
435,1625451596.2919881,0.0,-0.034951694309711456,0.0015372532652691007,0.0073789069429039955,0.0005156732452817128,0.009522254680107249,0.1996326212959617,0.0568266361951828,-2.1668503284454346,-0.17870450019836426,-0.21650424822853342,0.06812634535701896,0.26275315625149503
436,1625451596.3015785,0.0,-0.02991173230111599,-0.018276071175932884,0.0076873889192938805,-0.003310781975773447,0.009563052059757451,0.20108330380689995,0.6299389600753784,-2.4406232833862305,-0.005066398065537214,-0.33575606608809544,0.09245866379850799,0.18489533017556137
437,1625451596.311902,0.0,-0.029562735930085182,-0.024221530184149742,0.003930854611098766,-0.004483263395393081,0.00985760380385546,0.2031563744396562,-0.034786105155944824,0.2555611729621887,-0.6974882483482361,-0.28835844022450463,0.02436983824142049,0.17161950507691792
438,1625451596.321756,0.0,-0.02802606299519539,-0.01626821793615818,-0.005057170521467924,-0.0027610920214552748,0.009392314943142445,0.20592912697681065,0.06428349018096924,0.6635575294494629,-0.544090211391449,-0.00785489471247291,-0.002113080966279197,0.238427565933282
439,1625451596.3319592,0.0,-0.029795756563544273,0.005056930240243673,-0.003083868883550167,0.0015151666275005221,0.010252857007617001,0.20824279303767707,0.03978240489959717,2.3946120738983154,0.059914734214544296,0.2725866020449764,0.0188582368604143,0.2582553134161109
440,1625451596.341483,0.0,-0.03070601262152195,0.023429855704307556,-0.0028499560430645943,0.00529296335033471,0.010826954082048652,0.21015537657984928,-0.42254236340522766,1.9674410820007324,0.18242014944553375,0.4037180655714267,0.0655949792505615,0.21949747874145922
441,1625451596.364079,0.0,-0.03330228477716446,0.021026216447353363,0.009295172058045864,0.0046397890818297705,0.011418289883302749,0.21553564758182117,-0.17859680950641632,-1.583085298538208,0.2740328907966614,0.19249573977169362,0.05305803934546647,0.2253125687727529
442,1625451596.374266,0.0,-0.04259138181805611,0.004066533874720335,0.0070170750841498375,0.001176039544675822,0.013659122824242628,0.21767213301405897,0.0429782010614872,-2.133826971054077,-0.23835930228233337,-0.1922336234342283,0.125450227646962,0.23078399968504995
443,1625451596.3841863,0.0,-0.0351116769015789,-0.012243551202118397,0.007747850380837917,-0.0022772456119338133,0.012094760637659262,0.2195812073734631,0.4882587492465973,-1.66511070728302,-0.09135282039642334,-0.3556407375300126,0.04600647663879864,0.20789988433292866
444,1625451596.3939042,0.0,-0.03475189208984375,-0.02106834203004837,0.0034209145233035088,-0.004117741890711846,0.012096272931809336,0.22164613915347506,-0.9253471493721008,0.13305577635765076,-0.4354332387447357,-0.3109958730374371,-0.08507031845681716,0.20487877370957547
445,1625451596.404245,0.0,-0.03517981246113777,-0.01395366620272398,-0.0033463919535279274,-0.00247769001323591,0.012573923359306315,0.22379077588186627,-0.3746054768562317,0.7594313025474548,-0.7741873264312744,-0.05061070059685006,0.010198010670727287,0.21439562268206863
446,1625451596.4139664,0.0,-0.03550287336111069,0.0020434213802218437,-0.003535466268658638,0.0010548306846997826,0.013373628098055888,0.22585950242912248,-0.3682138919830322,2.1858203411102295,0.046066295355558395,0.22682077620180524,0.061884381456913,0.2130559977484526
447,1625451596.4241698,0.0,-0.036858316510915756,0.02040165103971958,-0.0042064255103468895,0.005169134856622848,0.013374546630549843,0.22773183684009027,-0.4161507785320282,1.8129777908325195,0.1014600470662117,0.38179962161611264,0.04515273014911078,0.20396974724445058
448,1625451596.4341218,0.0,-0.04000698775053024,0.03087584674358368,-0.002207268960773945,0.0074940442981241695,0.013872001041455868,0.22996560741512495,0.02806449867784977,0.23532116413116455,0.4359530806541443,0.3575325176140892,0.03887192869259438,0.2044638766810286
449,1625451596.4438245,0.0,-0.03811275586485863,0.023094236850738525,0.00839353259652853,0.0054504226048764925,0.013869499679978324,0.23212537785523946,0.2240731567144394,-0.8533790707588196,0.8950821161270142,0.05907217531859658,0.03986070627584361,0.2167905352593258
450,1625451596.4539864,0.0,-0.04585287347435951,0.009016615338623524,0.010960702784359455,0.0022374034863003947,0.015966824171633705,0.23343351102668838,-1.3226908445358276,-1.943144679069519,-0.2884267568588257,-0.24554505814105135,0.0827234538560415,0.18873673032505656
451,1625451596.4765947,0.0,-0.03757823631167412,-0.01949765533208847,0.006188415922224522,-0.003929370510122772,0.014106461739613864,0.23768485324500693,-0.20203262567520142,0.28645384311676025,-0.4034753143787384,-0.47439367204297667,0.00431990535653013,0.16640531261490243
452,1625451596.486226,0.0,-0.03968812897801399,-0.011893127113580704,-0.0011161388829350471,-0.002006884696035313,0.01516414400880494,0.2390190114815932,-0.1477041393518448,1.020421028137207,-0.6303766369819641,-0.23408296330090345,-0.047938094692593886,0.16637865442617014
453,1625451596.4966648,0.0,-0.03764241188764572,-0.001869344268925488,-0.0022317804396152496,0.0003782242407671457,0.014939809459572052,0.24065282629303672,-0.3841928541660309,1.798064112663269,0.07269790768623352,0.18510021116397465,0.03748552903489731,0.15159308193196763
454,1625451596.506498,0.0,-0.03822513669729233,0.010620763525366783,-0.002711624838411808,0.0032744845351844742,0.015459552575868694,0.24232046526664952,-0.23612108826637268,1.3229560852050781,0.10785163193941116,0.2664612417738565,0.014439807882350643,0.16488871068791003
455,1625451596.5162768,0.0,-0.039289675652980804,0.018963288515806198,-0.001078115776181221,0.005226939104096932,0.015731371276493128,0.24396145695050186,0.06108769774436951,0.2843233346939087,0.31664344668388367,0.27387121247644686,0.037175044194436145,0.16830946349246262
456,1625451596.5266116,0.0,-0.03830581158399582,0.014132795855402946,0.003764788620173931,0.003918612570805162,0.015736608242787567,0.24562426353012307,0.2922500967979431,-0.9929287433624268,0.5360879898071289,0.07715247561167093,0.025335198444475404,0.16307109228315178
457,1625451596.5365133,0.0,-0.03892018273472786,0.0031184195540845394,0.011601059697568417,0.0010669347548879424,0.015867663415849366,0.24738434815691313,-0.6451826095581055,-1.2709628343582153,0.39227724075317383,-0.1891213455182556,0.0022535187383078675,0.17526930397195778
458,1625451596.54622,0.0,-0.043536532670259476,-0.011157711036503315,0.012512662447988987,-0.0023983426941323605,0.017105516149311377,0.24850285093476498,0.49038925766944885,-1.521299958229065,-0.06898226588964462,-0.31788415506096296,0.07147021392966459,0.15040343991644886
459,1625451596.556558,0.0,-0.03690202534198761,-0.02375209331512451,0.010919804684817791,-0.005336287690191351,0.016483082617450767,0.2491087149358313,0.07174034416675568,-0.3921196162700653,-0.3065362572669983,-0.3374576228487843,0.0325570276356392,0.09110533516215469
460,1625451596.5664887,0.0,-0.038352709263563156,-0.0173797644674778,0.004149154759943485,-0.003629474826265369,0.017082004229697426,0.2500258049756022,-0.009219757281243801,0.8467829823493958,-1.0096107721328735,-0.1006119226023749,0.006778187127953269,0.06936608688201075
461,1625451596.5901456,0.0,-0.041193921118974686,0.010956315323710442,-0.0012191087007522583,0.003291703040522183,0.017076431980612587,0.2533925702754119,-0.37673598527908325,1.152513861656189,0.22396546602249146,0.41544085067536984,0.0649763104077615,0.10757541507337887
462,1625451596.5991535,0.0,-0.04233418405056,0.015014691278338432,0.0017169220373034477,0.00410031502551466,0.017480533549061497,0.2539232866734367,0.019542383030056953,0.03931250795722008,0.44660571217536926,0.4210877896762478,0.04957220363386723,0.1040089776592914
463,1625451596.6091866,0.0,-0.041813433170318604,0.011308842338621616,0.0054446132853627205,0.0029895802843964495,0.017397629062431988,0.25498520203906655,0.06641402095556259,-0.333530068397522,0.24420548975467682,0.019631525516275134,0.02325937013728233,0.08004673786236151
464,1625451596.6191847,0.0,-0.04274744167923927,0.0023786048404872417,0.011448041535913944,0.0005389465452793549,0.016757522603937036,0.25702668789742106,-0.38525810837745667,-0.8459222316741943,0.28894659876823425,-0.1679111258316904,-0.04085712073005992,0.15286858317155658
465,1625451596.6296203,0.0,-0.04491467401385307,-0.009709046222269535,0.011850777082145214,-0.002485218216296499,0.017510908533892554,0.25825692930254385,0.32846906781196594,-1.5095820426940918,-0.17337816953659058,-0.27692862305533356,0.013556706945694153,0.1726676052515584
466,1625451596.6392727,0.0,-0.03975236043334007,-0.01963978260755539,0.009638032875955105,-0.004855236327463944,0.017580516342847817,0.2582638305700691,-0.09657144546508789,0.10961996018886566,-0.31399309635162354,-0.30567437953420773,0.04719194404065387,0.0743040326893717
467,1625451596.6492438,0.0,-0.041284430772066116,-0.012528615072369576,0.002954878844320774,-0.002923436445230715,0.018693158249838845,0.25861815650905523,-0.010285021737217903,0.762627124786377,-0.8306463360786438,-0.06783691025100515,0.06265383621540364,0.017178668239220065
468,1625451596.6592479,0.0,-0.04025951400399208,-0.002206402365118265,0.0011574607342481613,-0.0002194474804878277,0.01800748523820111,0.25991549378900924,-0.3735401928424835,1.8097820281982422,0.16963697969913483,0.2017530438266667,0.028875732378763928,0.07285527182065968
469,1625451596.6688597,0.0,-0.04308537021279335,0.00892352219671011,0.0018055327236652374,0.00248507721616531,0.018062709701811522,0.2614219490484784,-0.3511696457862854,1.119490623474121,0.2740328907966614,0.27291056278021064,-0.04282136507219483,0.14262868649647706
470,1625451596.6791623,0.0,-0.0436595119535923,0.011814791709184647,0.0053560854867100716,0.003065354648603927,0.019009850224762447,0.26196383774608684,0.06641402095556259,-0.09917187690734863,0.5201089978218079,0.20635703912409029,0.03951527082179212,0.11797667484579978
471,1625451596.7028592,0.0,-0.0483415462076664,-0.004700364079326391,0.013922774232923985,-0.0014685246691514275,0.020877445861623017,0.2635468587806199,0.23685632646083832,-1.131413221359253,-0.20640137791633606,-0.16134492588857532,0.11662334144268759,0.07199274085193381
472,1625451596.7125578,0.0,-0.04209454730153084,-0.013962188735604286,0.012303394265472889,-0.0037102676994885397,0.01935007873028914,0.2645589860337641,0.5606967806816101,-1.366836667060852,-0.15952973067760468,-0.3380551137707328,0.0075565286277955975,0.08209508419183975
473,1625451596.7225006,0.0,-0.04149016737937927,-0.014825364574790001,0.008193171583116055,-0.0038353060886184426,0.019236797768222923,0.2652135315036417,-0.38525810837745667,0.44943931698799133,-0.6516819000244141,-0.15263142013156586,-0.08783462769577087,0.08519059374289445
474,1625451596.7328634,0.0,-0.041900113224983215,-0.009159762412309647,0.0027477890253067017,-0.0022507401216357234,0.01965258069574676,0.2657365180970333,0.3029027283191681,0.4196119010448456,-0.5004143714904785,0.053495732686752444,0.008044310604842505,0.062291726427361215
475,1625451596.7424073,0.0,-0.03992227092385292,-0.0009779423708096147,-0.0021509015932679176,2.9746922685230937e-06,0.019845185072872848,0.26602732254017736,-0.12959463894367218,0.7178859710693359,-0.06365594267845154,0.1910984595801957,0.026032353643913493,0.04298901472772837
476,1625451596.7524319,0.0,-0.043988101184368134,0.011575805023312569,-0.0007318109273910522,0.0031538185860644496,0.020231228611335937,0.2666678010657585,-0.21907685697078705,0.8627619743347168,0.28468552231788635,0.27038142788549147,0.030059893216698556,0.04351943240763982
477,1625451596.763298,0.0,-0.04484470188617706,0.011156179010868073,0.004634601064026356,0.0028153789862548698,0.020816565660294162,0.2672607932647267,0.1686794012784958,-0.5316691994667053,0.8077303767204285,0.17094856461974717,0.04654804264181775,0.05986664951221937
478,1625451596.7727757,0.0,-0.04360456392168999,0.0022584106773138046,0.01217928808182478,0.00018604271970582703,0.020640298781485447,0.2680881890096821,-0.4853929579257965,-1.0845415592193604,0.39653828740119934,-0.11903115900262197,0.014031092141727961,0.07045722700895754
479,1625451596.7823694,0.0,-0.047390252351760864,-0.006727513857185841,0.011428245343267918,-0.0021633597526384135,0.02149563628798354,0.26866269968754447,0.08132772147655487,-0.7543094754219055,-0.3853658139705658,-0.25404666833531947,0.03507797429303734,0.07255954097127512
480,1625451596.7926648,0.0,-0.04093943163752556,-0.014274027198553085,0.008395993150770664,-0.00392359956221356,0.020870886189865115,0.26898536038234844,0.20383313298225403,0.3727402687072754,-0.24901194870471954,-0.23085894505948995,0.013141301009992437,0.04931037938800191
481,1625451596.8163753,0.0,-0.04141271486878395,0.003037547692656517,0.00043899472802877426,0.0007713731193433881,0.021096269393280125,0.26992223310360375,-0.3788665235042572,1.1376001834869385,0.08548107743263245,0.11307759229378839,-0.03826606535969148,0.04796683627284451
482,1625451596.826356,0.0,-0.04375310242176056,0.010087165050208569,0.0015491042286157608,0.002605887445370339,0.021798273867167386,0.27039485338007685,-0.1477041393518448,0.4824625253677368,0.2122475653886795,0.33168308794208246,0.027524313779050808,0.059157739677495845
483,1625451596.836658,0.0,-0.043481990694999695,0.009646753780543804,0.0048716748133301735,0.0023103273682999192,0.022253444860497726,0.2707866283468575,0.08132772147655487,-0.3590964078903198,0.4721720814704895,0.11078610028239506,0.056648569985006905,0.046515474570022565
484,1625451596.8467038,0.0,-0.04326009005308151,0.0033598653972148895,0.008896921761333942,0.0004425686045913327,0.022359489504488503,0.27133580212104563,0.044043466448783875,-0.8182253837585449,0.49880367517471313,-0.08561434361704616,0.033099098356068286,0.043971765514899695
485,1625451596.8564906,0.0,-0.04487130045890808,-0.005266276653856039,0.013527111150324345,-0.0019268906971249694,0.022572390854806536,0.27194235903375724,-0.18179260194301605,-0.7969200611114502,0.15046222507953644,-0.21318948235386512,0.014249657758188889,0.06101937816719095
486,1625451596.8664002,0.0,-0.042278993874788284,-0.012532539665699005,0.012725255452096462,-0.0037620029818478257,0.022566725131419316,0.2721848934015075,0.19211521744728088,0.01694195158779621,-0.2788393795490265,-0.23086290533700718,0.010373846532572064,0.047562341346562266
487,1625451596.8764815,0.0,-0.042819760739803314,-0.00682873884215951,0.008258535526692867,-0.0020523488260423203,0.024032625484127358,0.2719719049797381,0.10369827598333359,0.8478482365608215,-0.48017436265945435,-0.03787461136421478,0.07658339983726702,0.003447447398883496
488,1625451596.8864448,0.0,-0.04166131094098091,0.0006870341603644192,0.0023112352937459946,0.00018147172736316525,0.023569311437870576,0.2725353895988584,-0.06567877531051636,1.057705283164978,-0.5962881445884705,0.18038520046885775,0.05920330842334211,0.011859842631293303
489,1625451596.8964157,0.0,-0.043119028210639954,0.00873163715004921,0.0008913073688745499,0.002331388081527039,0.02355868954875809,0.2731868133077081,-0.5280035138130188,1.0971200466156006,0.13767904043197632,0.22045450110857073,-0.032399373382536234,0.05751928944059499
490,1625451596.9063904,0.0,-0.0450533963739872,0.011288280598819256,0.004063628613948822,0.002815125064445159,0.025066202523674537,0.2730943405655011,0.006759209558367729,-0.38040170073509216,0.5701764225959778,0.16223199620615303,0.05512307091034473,0.03841103717985804
491,1625451596.9308043,0.0,-0.04565420746803284,-0.006370226852595806,0.013529469259083271,-0.002224623766592,0.025537697673636964,0.27419789679734413,0.5276735424995422,-0.8150295615196228,-0.21492348611354828,-0.17251143510479022,0.11685736560578812,0.017187597764739736
492,1625451596.9400353,0.0,-0.042523786425590515,-0.007721668109297752,0.010939822532236576,-0.0024426590307387933,0.0251926821467457,0.27459468319897584,-0.24783900380134583,0.4473087787628174,-0.347016304731369,-0.2710724783290907,0.0022076532324994797,0.03827314506567135
493,1625451596.9501452,0.0,-0.04322691634297371,-0.0033821570686995983,0.00704862829297781,-0.0011159430390425967,0.025359549594877358,0.2746497850617147,-0.02945978008210659,0.2278643101453781,-0.3289068043231964,0.021220081005347835,-0.025107717559224356,0.02559978592288769
494,1625451596.9603662,0.0,-0.042481012642383575,8.518301183357835e-05,0.0050790635868906975,-2.3571831189159176e-05,0.02569734530521329,0.2746362952788602,-0.07526615262031555,0.6230774521827698,-0.07111279666423798,0.11962245985729936,0.019568232863454035,0.004762428651821904
495,1625451596.9699314,0.0,-0.04305648431181908,0.0067832134664058685,0.004071224480867386,0.0017635905847805597,0.026346564515682125,0.27478723889968004,-0.10402829200029373,0.6699491143226624,0.01943468302488327,0.1426786704820355,0.046737988475083855,0.00492145407942006
496,1625451596.9809241,0.0,-0.04394019395112991,0.008553131483495235,0.005697225220501423,0.002147359693317294,0.026654806651020477,0.2750085971865159,-0.010285021737217903,-0.26961418986320496,0.27935919165611267,0.13060030483477347,0.056419795155451265,0.01660447937249149
497,1625451596.990062,0.0,-0.04366056248545647,0.0031434237025678158,0.009109622798860073,0.0004923535402795512,0.027108932377464347,0.2753078371040189,0.01528132427483797,-0.7596358060836792,0.4316920340061188,-0.04576038665121407,0.0448540682730664,0.026229021782746557
498,1625451597.000061,0.0,-0.04434667155146599,-0.003918865695595741,0.011831848882138729,-0.0015064991997895058,0.027116850479427183,0.27573275497953026,0.13778673112392426,-0.9077075719833374,0.017304155975580215,-0.18515787667640252,0.03202633347445671,0.036196498669838574
499,1625451597.0103948,0.0,-0.04204535484313965,-0.007605178747326136,0.01069879624992609,-0.002351880582599275,0.026832673454349795,0.2757178393307173,0.05363084375858307,0.22253799438476562,-0.2415550947189331,-0.1638127002226631,-0.013666591893516105,0.024566549957132294
500,1625451597.0199382,0.0,-0.04281967878341675,-0.0027012089267373085,0.006720962934195995,-0.0008801161089041568,0.028373677058313222,0.27537621247711236,-0.08591879904270172,0.5623573660850525,-0.4908269941806793,0.007778451160752231,0.055861930594032515,-0.01722060527092181
501,1625451597.0451088,0.0,-0.0434664711356163,0.008110575377941132,0.0014736950397491455,0.002211401964428851,0.028185456349786607,0.276033421471531,0.058957166969776154,-0.31115949153900146,0.31344765424728394,0.2525822360730896,0.1064974693315305,-0.0205438994360123
502,1625451597.054838,0.0,-0.042629316449165344,0.002406317973509431,0.006106349639594555,0.0004204222182836309,0.028411315652184875,0.27602385563708026,-0.07207036018371582,-0.45603546500205994,0.2772286832332611,0.10008640447731885,0.03997577256893145,-0.0029345971250615403
503,1625451597.064903,0.0,-0.042785193771123886,-0.0008597115520387888,0.00796463992446661,-0.0006023456306848904,0.028231665818444142,0.27644780958964427,-0.014546079561114311,-0.5231471061706543,0.19946438074111938,-0.13849893660665322,0.006184820503321188,0.017066203606720707
504,1625451597.0753164,0.0,-0.04168291017413139,-0.003417098196223378,0.00874497089534998,-0.0013076811702770752,0.02818754118183569,0.27657872166380953,0.07280560582876205,0.0659441128373146,-0.028502216562628746,-0.10077859886956622,-0.008380296734981845,0.02823110598326985
505,1625451597.085003,0.0,-0.0419502817094326,-0.0011310300324112177,0.008047149516642094,-0.0006550703639193189,0.028939280443666615,0.27627655950953184,-0.05183033645153046,0.35569605231285095,-0.054068565368652344,-0.01712356210380811,0.030344839690988504,-0.0033611774793540577
506,1625451597.095399,0.0,-0.04242509976029396,0.002347317524254322,0.0077490536496043205,0.0003195214809372099,0.029191809253448164,0.27617585523026517,0.019542383030056953,0.34717392921447754,0.008782039396464825,0.07804626728389354,0.05204333332423987,-0.02026112786889466
507,1625451597.1048937,0.0,-0.04295649752020836,0.0047541107051074505,0.007808067835867405,0.0009382008661084074,0.029378560796550435,0.2762969209235611,-0.11041988432407379,0.12027259916067123,0.039674706757068634,0.08579264659559559,0.024354348613915132,-0.0012939536372633558
508,1625451597.1151562,0.0,-0.043298643082380295,0.002711052307859063,0.00878478866070509,0.0003161210665975009,0.029467154673083244,0.2763569678667224,0.024868706241250038,-0.3516395390033722,0.1334179937839508,0.015644203798654298,0.015864874890549805,0.008839334229942541
509,1625451597.1250951,0.0,-0.04350157827138901,-0.0005051891203038394,0.009467541240155697,-0.0006038609749729612,0.029651238437652758,0.276304914010309,-0.012415550649166107,-0.3186163604259491,-0.028502216562628746,-0.07122427939998188,0.014126509530595919,0.001057695589063842
510,1625451597.1351254,0.0,-0.04298500716686249,-0.002181854797527194,0.008757955394685268,-0.001032402129205988,0.029605917759397353,0.27625479611727344,0.08665404468774796,-0.00968965981155634,-0.11798442900180817,-0.07558233183592218,0.008362177224434641,-0.004966207775606805
511,1625451597.1598253,0.0,-0.04315696656703949,0.0030131216626614332,0.006983875297009945,0.00045528427776280606,0.029807915914295657,0.2762059262667944,0.022738177329301834,0.030790388584136963,0.029022064059972763,0.049937545219272995,0.007599189359117635,-0.00433909231400389
512,1625451597.1695337,0.0,-0.042935892939567566,0.001857172348536551,0.007293649949133396,0.00012707675337285396,0.029784476231014607,0.27619582362217643,-0.001762906089425087,-0.1790667176246643,0.01197783276438713,0.06554616193087166,0.007385733368801917,-0.0024832568255271255
513,1625451597.1795707,0.0,-0.04285194352269173,0.00010611768811941147,0.007430211640894413,-0.00036565705383508756,0.02982255870886076,0.27613091632474324,0.001432887278497219,-0.1513698399066925,0.004520982038229704,-0.03831534739544147,0.000671607010553879,-0.003602947922984208
514,1625451597.189758,0.0,-0.04293796047568321,-0.0001770972739905119,0.007563375867903233,-0.00045208461157834195,0.029862760236680372,0.27612503332933713,0.004628680646419525,0.029725125059485435,0.01197783276438713,-0.03331278642166714,0.004187990085330881,-0.003891404967351227
515,1625451597.1995852,0.0,-0.04308706149458885,0.0009400215349160135,0.007654995657503605,-0.00014449645258510224,0.029912333136690984,0.2761072757634483,-0.02200292982161045,0.13944736123085022,0.018369419500231743,0.006611679226705408,0.004292136297590892,-0.0012722683262986288
516,1625451597.2097235,0.0,-0.04322437196969986,0.0019529318669810891,0.00785056222230196,0.00013013294898167604,0.02997131408777557,0.27610091090985434,-0.01880713738501072,0.04570409283041954,0.03328312188386917,0.02973331258477409,0.00491774227553726,-0.0008815652511939651
517,1625451597.2196774,0.0,-0.0431993305683136,0.0015446309698745608,0.008087989874184132,1.4513714845849901e-05,0.02996346727726714,0.27610037564681655,0.025933971628546715,-0.10236766934394836,0.02263047732412815,0.011825208986946884,0.003334701002632486,-0.00021439728384332722
518,1625451597.229887,0.0,-0.043191097676754,0.0006754818023182452,0.008286827243864536,-0.00023323147311131442,0.029969702343839513,0.27609637349034355,0.009955002926290035,-0.06614867597818375,0.013043097220361233,-0.016594547090381925,0.00011382883929384382,-0.00011420747423760181
519,1625451597.2396674,0.0,-0.04334207996726036,0.0006741012330166996,0.008364536799490452,-0.00024012488675240196,0.030004808984307872,0.2760951305356854,0.009955002926290035,0.026529330760240555,0.008782039396464825,-0.015176280424810448,0.0016601563728349173,-0.00023279138329891243
520,1625451597.2495842,0.0,-0.043401870876550674,0.0013086635153740644,0.008314547128975391,-6.034388211016706e-05,0.030015127970434152,0.2760978056090384,-0.003893435001373291,0.06381358951330185,-0.0018706046976149082,0.006208401794252901,0.001988356835251504,9.39725762962481e-05
521,1625451597.2736402,0.0,-0.04320530965924263,0.0009009932400658727,0.008083497174084187,-0.00016940907893332746,0.029958251922816904,0.2761103190821337,0.01208553183823824,-0.059757087379693985,-0.01465377863496542,0.003395251408518463,-0.0025547448441792958,0.0005957232210455183
522,1625451597.2834044,0.0,-0.043128371238708496,0.0006257797940634191,0.007952799089252949,-0.00023717451347264606,0.029929700196038585,0.27611282287252903,-0.002828170545399189,-0.00968965981155634,-0.008262191899120808,-0.010015047899757285,-0.0044368915536976,0.0005183658076982751
523,1625451597.293752,0.0,-0.043145034462213516,0.000895680976100266,0.0077812569215893745,-0.0001497160727419386,0.02992040432265171,0.27611202518898204,0.001432887278497219,0.02865985967218876,-0.00932745635509491,-0.0008771809167412621,-0.0018662149878174393,0.0001097346087635741
524,1625451597.303505,0.0,-0.04306042939424515,0.0010516642360016704,0.007689797319471836,-0.00010332662758121697,0.02988753659556921,0.27611785974143244,0.007824474014341831,0.0009629845153540373,-0.007196926977485418,0.006484096983382606,-0.0022475682995894593,0.00031697872342090243
525,1625451597.3138845,0.0,-0.043011683970689774,0.0009386919555254281,0.00761831272393465,-0.00013725213395472668,0.02987405264976848,0.2761243146934924,0.006759209558367729,-0.02140756882727146,-0.006131662521511316,0.0015540237450987866,-0.0024413982867374727,0.00041924081512457773
526,1625451597.3234668,0.0,-0.04291854053735733,0.0007040282362140715,0.007658033631742001,-0.00020334309526295197,0.02984377475129233,0.2761251535919669,-0.012415550649166107,-0.02140756882727146,0.003455717582255602,-0.004706359175007392,-0.0021847648352200074,0.00028823137528639654
527,1625451597.3336098,0.0,-0.04281691834330559,0.0007195933721959591,0.00772551354020834,-0.00020408107158051414,0.029813799002296082,0.27612929795834473,0.004628680646419525,0.011615629307925701,0.009847303852438927,-0.0036736636590864987,-0.002538833604177452,0.00018315499919200194
528,1625451597.3433664,0.0,-0.04283103346824646,0.0009156798478215933,0.007778537459671497,-0.0001435567534877752,0.02981617479997109,0.2761279767080122,-0.016676606610417366,0.02865985967218876,0.004520982038229704,0.002332920949732641,-0.001444506794670563,6.393265138019e-05
529,1625451597.3533995,0.0,-0.04278640076518059,0.0010173163609579206,0.007891564629971981,-0.0001312396535491575,0.02980393389235861,0.27613391100150464,-0.006023963913321495,0.019072478637099266,0.004520982038229704,0.003183917344016725,-0.0007432628342334502,0.00020564727161989708
530,1625451597.3634243,0.0,-0.04274120181798935,0.0008794167079031467,0.007993248291313648,-0.00016145019696695018,0.029798127931302883,0.27613382863746616,0.003563416190445423,-0.029929684475064278,0.008782039396464825,-0.00030011835472769165,-0.0007579752566891601,0.000278118108777252
531,1625451597.388439,0.0,-0.042620882391929626,0.0009300992824137211,0.00810489896684885,-0.0001661550329919853,0.029769898334249728,0.27614214179544805,0.000367622880730778,-0.0011675443965941668,0.004520982038229704,-0.00047759688848538016,-0.0011854697128903277,0.00011744579016185114
532,1625451597.3984745,0.0,-0.04264242202043533,0.0009924900950863957,0.008056088350713253,-0.0001353652748285819,0.029778666920161054,0.2761325940513649,-0.007089228369295597,0.009485100395977497,0.005586246494203806,0.0016925373821261851,-0.0006139342406848334,-0.00015252104236188632
533,1625451597.40836,0.0,-0.042648423463106155,0.0008981050923466682,0.008030273951590061,-0.00016332154202148425,0.029785304423953433,0.2761367959042425,-0.010285021737217903,-0.007559130899608135,-0.006131662521511316,0.0001298834302771459,0.00048157354687917677,-0.00024429301793010925
534,1625451597.418683,0.0,-0.04265914112329483,0.0007841055048629642,0.007930499501526356,-0.0001969995896062282,0.02978975978008449,0.27613494441007125,-0.001762906089425087,0.011615629307925701,-0.007196926977485418,-0.003099747009901981,0.0003045488317273169,4.559635929830381e-05
535,1625451597.4285333,0.0,-0.04267432913184166,0.0007758339052088559,0.007856081239879131,-0.00018775438813584816,0.029796832569045542,0.27613364775997845,-0.008154492825269699,-0.0022328088525682688,-0.018914837390184402,-0.00147773781570434,0.0005280348581040495,-0.000198240780113393
536,1625451597.4385939,0.0,-0.042703431099653244,0.0007946040132082999,0.0077814506366848946,-0.0001856121936104141,0.02980587625316223,0.27613273028473323,-0.010285021737217903,0.004158778116106987,-0.007196926977485418,0.000710588828075628,0.0006906328264043972,-7.345469949890437e-05
537,1625451597.4486547,0.0,-0.042741626501083374,0.0008245768258348107,0.007731272839009762,-0.00017536226106210778,0.02981753862228413,0.27613212248220653,-0.009219757281243801,-0.0022328088525682688,-0.004001133609563112,0.0008097458861680934,0.0010126892062311352,-0.0001335939075052134
538,1625451597.458477,0.0,-0.042723339051008224,0.0007251488859765232,0.0077354321256279945,-0.0001971763262881704,0.029814239494093897,0.2761337566397079,0.007824474014341831,-0.013950717635452747,-0.0029358691535890102,-0.0004993774627741613,0.0008631893427574857,-6.468293811469158e-05
539,1625451597.468416,0.0,-0.04282893240451813,0.0007392246625386178,0.007760894484817982,-0.0001972460587877714,0.029844426439321545,0.2761272448288928,-0.001762906089425087,-0.007559130899608135,-0.00932745635509491,-0.0014525721615232775,0.0014642909436529872,-0.00021240684877526272
540,1625451597.4785793,0.0,-0.04285029321908951,0.0008452050387859344,0.007808328606188297,-0.00016990546577459742,0.029843714344406275,0.27612852474985494,-0.017741871997714043,0.0020282489713281393,0.004520982038229704,0.0005407453430453135,0.0013296547668278104,-0.0002514463953556336
541,1625451597.5045507,0.0,-0.042832959443330765,0.0009876657277345657,0.007929113693535328,-0.00012947904954987294,0.02984285601619554,0.27612495396388687,0.003563416190445423,0.005224042572081089,0.009847303852438927,0.0030548486713170807,-0.0006488181854588273,8.039175738554199e-05
542,1625451597.5146396,0.0,-0.04274259880185127,0.0009409117046743631,0.007957260124385357,-0.00014308821598259247,0.02981620340084109,0.27613346703089237,0.01208553183823824,-0.005428601987659931,0.009847303852438927,0.0015016934011755907,-0.0013536640792326039,0.00030092246538967966
543,1625451597.52533,0.0,-0.04276854544878006,0.0009991299593821168,0.00796839315444231,-0.00013328694879107678,0.029812688832857086,0.2761328375123672,0.002498151734471321,-0.0011675443965941668,0.0002599241561256349,-6.632316408948605e-05,-0.0014229674650897291,0.000311109997028394
544,1625451597.5346298,0.0,-0.042700156569480896,0.001029744278639555,0.007935783825814724,-0.00011757168221351172,0.029795804904228416,0.2761362388211487,0.002498151734471321,0.0030935134273022413,-0.010392720811069012,0.0012384069725600599,-0.0011322471509472014,0.0001583337967970098
545,1625451597.5446012,0.0,-0.04269431531429291,0.0009913987014442682,0.007921266369521618,-0.00013353829360497615,0.02979800343462806,0.27613700043745487,-0.004958699457347393,-0.003298073308542371,-0.0029358691535890102,-5.1702616950311565e-05,-0.0007335744194363507,0.0001938716526515438
546,1625451597.5545769,0.0,-0.04261676222085953,0.0009705036645755172,0.00788161065429449,-0.00013155636744108246,0.029766001907242635,0.2761416852124275,0.002498151734471321,-0.016081247478723526,-0.010392720811069012,-0.0003795278488628494,-0.0011449483212717145,0.00013289759028114215
547,1625451597.5647364,0.0,-0.04260406270623207,0.0010272576473653316,0.007849282585084438,-0.00012087111073633833,0.029766442765652955,0.27614253455723625,0.004628680646419525,-0.0022328088525682688,-0.0018706046976149082,0.000855119861552506,-0.0012670257718552392,0.00015764636620098572
548,1625451597.5745358,0.0,-0.04254193976521492,0.0010092438897117972,0.007822410203516483,-0.00011552841913141376,0.029746432625954604,0.27614210486056046,-0.002828170545399189,-0.02140756882727146,-0.007196926977485418,0.0005921893215896914,-0.0011253285175306183,5.8662460471809285e-05
549,1625451597.5845528,0.0,-0.04251047596335411,0.0010244122240692377,0.007796832360327244,-0.00011340077952224498,0.02973754251586106,0.2761422146622337,0.013150796294212341,-0.00968965981155634,0.0023904531262815,0.00030217096574321466,-0.0015113304670657678,2.616032707387557e-05
550,1625451597.5946615,0.0,-0.0425037182867527,0.00102247204631567,0.007806285284459591,-0.00011719630117524443,0.029737708554889226,0.27614290984937445,-0.004958699457347393,-0.004363337531685829,-0.0008053402998484671,-8.243781087835422e-05,-0.0005342442205228926,3.727036203639489e-05
551,1625451597.6214316,0.0,-0.04242083802819252,0.0009837783873081207,0.007840975187718868,-0.00012601671453585372,0.029718758647060257,0.2761470917189454,0.006759209558367729,-0.005428601987659931,-0.0029358691535890102,-0.0010378866243981454,-0.0006023767881199511,9.654141139338385e-05
552,1625451597.6314328,0.0,-0.042468730360269547,0.0009643550147302449,0.007878652773797512,-0.00012711969506709608,0.029732753419258316,0.2761438309166644,0.001432887278497219,-0.004363337531685829,0.004520982038229704,-0.0008509364363687292,-3.291464837893811e-05,3.995527160254503e-05
553,1625451597.6412525,0.0,-0.04251577705144882,0.0010292865335941315,0.007931000553071499,-0.00012000028473418967,0.029748761555634287,0.2761427389212435,-0.017741871997714043,0.005224042572081089,0.015173625200986862,5.713866383225482e-05,0.0010994581782704698,-0.0001892298946804179
554,1625451597.6514034,0.0,-0.04255358874797821,0.0010026554809883237,0.007959303446114063,-0.00012846061173234918,0.029759292849526997,0.2761413926062771,-0.01880713738501072,-0.003298073308542371,0.003455717582255602,-6.924846180047211e-05,0.0010762639835752645,-0.0001969176771456507
555,1625451597.661319,0.0,-0.04255102202296257,0.0009996859589591622,0.007953261025249958,-0.00013205758539062973,0.029755402536755966,0.2761408299266124,-0.01348081510514021,-0.006493866443634033,0.0013251886703073978,-0.0003501641858248351,0.00044229905345463655,-0.00011727905115219904
556,1625451597.6714787,0.0,-0.042580291628837585,0.0010233831126242876,0.007945909164845943,-0.00012544860046450473,0.029770670471763683,0.2761396100571676,-0.008154492825269699,0.0030935134273022413,0.0013251886703073978,-0.00010333350841618241,0.0005378091075425634,-3.5766655976463635e-05
557,1625451597.681467,0.0,-0.042583949863910675,0.0010066945105791092,0.007902936078608036,-0.00012530571361863557,0.02976853718428367,0.2761386390075143,0.000367622880730778,-0.004363337531685829,-0.0029358691535890102,0.0003551343915727425,0.0007514423956306195,-1.3261734610091172e-05
558,1625451597.6913502,0.0,-0.04260262846946716,0.0010361757595092058,0.007893442176282406,-0.00011676227615165652,0.02977382993670258,0.27613810173861525,0.004628680646419525,-0.008624395355582237,0.0002599241561256349,0.0005156863137806192,0.0002050030577564774,4.892946249435686e-05
559,1625451597.701385,0.0,-0.04258890077471733,0.0010047336108982563,0.007829918526113033,-0.00012315152171335497,0.02976974413955858,0.2761384724570893,0.005693945102393627,-0.007559130899608135,-0.005066398065537214,0.0003478848984748912,0.00012002758333634155,-2.691195575009118e-05
560,1625451597.7119603,0.0,-0.042629919946193695,0.0010145955020561814,0.007836316712200642,-0.00012379496910847748,0.029780397630552853,0.2761395024123535,-0.003893435001373291,-0.00010227994062006474,0.0002599241561256349,-0.00027569219397171826,0.00026556152769334056,-9.328651516185453e-05
561,1625451597.7375953,0.0,-0.04261331632733345,0.001009498257189989,0.007843208499252796,-0.00012840649318408143,0.029779597996867038,0.2761394323512001,0.0174118559807539,-0.003298073308542371,0.006651510950177908,-0.0005810716640987455,0.0006528899274012512,7.414441248741568e-05
562,1625451597.7476459,0.0,-0.042594701051712036,0.0009997693123295903,0.007857714779675007,-0.0001285677394724863,0.029774159251242327,0.2761364168563798,0.000367622880730778,-0.017146511003375053,0.004520982038229704,-0.00021616751310921133,-0.0004207643150806169,4.964099953326055e-05
563,1625451597.7573366,0.0,-0.042549822479486465,0.0010094634490087628,0.007838231511414051,-0.0001248400213693865,0.029761947435694713,0.2761384526524666,0.009955002926290035,0.0020282489713281393,-0.0018706046976149082,-0.0001841883328576028,-0.0008039267673757653,-2.6323828326826362e-05
564,1625451597.7673557,0.0,-0.042576879262924194,0.0009865002939477563,0.00787146296352148,-0.0001296769823111374,0.029765454477817768,0.27613794876670583,-0.008154492825269699,-0.003298073308542371,0.0002599241561256349,-0.00016700498132456076,-0.0004333056101112816,0.0001225179419568855
565,1625451597.7773037,0.0,-0.04250457510352135,0.0010244704317301512,0.007895627059042454,-0.00011989870411013154,0.029741858908400136,0.2761450213625013,0.011020267382264137,0.005224042572081089,0.0013251886703073978,0.00015744481640541768,-0.0008679809391661523,0.0001392306421956076
566,1625451597.7875874,0.0,-0.04247520491480827,0.0010302410228177905,0.0078901881352067,-0.0001239853948743,0.029732683042678718,0.276147199118958,-0.004958699457347393,-0.005428601987659931,-0.004001133609563112,0.00016883532654896505,-0.0013473526889802915,0.0002614630696420516
567,1625451597.7973945,0.0,-0.04238544777035713,0.0010530238505452871,0.007889547385275364,-0.00010562985913070005,0.029712039031457374,0.27614896479510376,-0.012415550649166107,0.0009629845153540373,0.0023904531262815,0.0006885462474768806,-0.0015470943726276993,0.0001559380603187416
568,1625451597.807578,0.0,-0.04239930957555771,0.0010147205321118236,0.007884942926466465,-0.00012802960543684822,0.029713783453762868,0.2761497298373769,-0.009219757281243801,-0.0011675443965941668,-0.007196926977485418,-0.0002727942692672903,-0.0010567985933957233,7.968609538530361e-05
569,1625451597.8174765,0.0,-0.04234747588634491,0.0009674251195974648,0.007879366166889668,-0.00013489912716089375,0.02970326115687498,0.2761501572239643,-0.000697641575243324,-0.0022328088525682688,-0.0008053402998484671,-0.0015311965229756553,-0.00046432944403504054,-2.188093800505438e-05
570,1625451597.8275018,0.0,-0.04234033077955246,0.0009574022842571139,0.007872951216995716,-0.00013743025836351896,0.029697076533989113,0.27614751229880724,0.002498151734471321,-0.007559130899608135,-0.004001133609563112,-0.0003721761865591118,-0.0007474039602024646,-0.00010749641014024012
571,1625451597.855261,0.0,-0.04227107763290405,0.0009037343552336097,0.007861555553972721,-0.00014859889080660188,0.029683043315378778,0.27615402237098513,-0.008154492825269699,0.0020282489713281393,-0.0029358691535890102,-0.0010646965041952506,-0.0009830909567925775,-0.00027199220288847824
572,1625451597.8650692,0.0,-0.04228197783231735,0.0009109391830861568,0.007859393022954464,-0.0001552983950485476,0.029680174596666213,0.27615568125855333,-0.000697641575243324,0.009485100395977497,-0.0008053402998484671,-0.001456812394279098,-0.0006403187328064719,-6.325131715973777e-05
573,1625451597.8750339,0.0,-0.042302440851926804,0.0008830364677123725,0.007841852493584156,-0.000159295984550209,0.029687473817989155,0.2761505980031995,-0.002828170545399189,-0.01821177639067173,0.008782039396464825,-0.00027139008567370976,0.00037311254891639453,-6.725288675542191e-05
574,1625451597.8852522,0.0,-0.04231957346200943,0.000918398262001574,0.007847282104194164,-0.0001443327224202387,0.0296983242387249,0.276147092158684,-0.01348081510514021,-0.007559130899608135,0.0002599241561256349,0.0005465062626736917,0.0006574698545458058,-0.00030742913722997506
575,1625451597.895339,0.0,-0.04229338467121124,0.0008675814024172723,0.007854352705180645,-0.0001584098432529102,0.029690041493913674,0.27615205066518334,0.000367622880730778,-0.00010227994062006474,0.0013251886703073978,-6.786725440498847e-05,0.0005003793207226417,2.216573336764693e-05
576,1625451597.9050977,0.0,-0.04231615737080574,0.000903449603356421,0.007882983423769474,-0.0001525017808001461,0.029695504087051308,0.2761521780526133,0.001432887278497219,-0.005428601987659931,0.0023904531262815,-0.00022479450927369142,0.00028721340935380197,0.00017212691557802178
577,1625451597.9161186,0.0,-0.042336028069257736,0.0009366723825223744,0.007828514091670513,-0.00014142435580094537,0.029699930993362912,0.27615051591441897,-0.011350286193192005,0.0030935134273022413,-0.007196926977485418,0.0007632527345927428,0.00022352427412754413,1.558818621498362e-05
578,1625451597.9250333,0.0,-0.04232928529381752,0.000924300285987556,0.0078006284311413765,-0.00014083829451128765,0.02970097047055275,0.2761493347339607,-0.006023963913321495,-0.005428601987659931,0.0013251886703073978,0.00035127837943111793,-4.349677146071057e-05,6.205856475890858e-05
579,1625451597.935209,0.0,-0.042315348982810974,0.0008616779232397676,0.007798542268574238,-0.00016067490619461888,0.029694220795255723,0.2761511380488599,0.006759209558367729,-0.0022328088525682688,-0.008262191899120808,-0.001215374826800515,0.00022825044563458633,-0.00020069742256537777
580,1625451597.9451332,0.0,-0.042304087430238724,0.0008171595982275903,0.007787237875163555,-0.0001698236883757656,0.029695847426857276,0.27615123231153516,0.018477119505405426,-0.0022328088525682688,0.003455717582255602,-0.0014754927539568166,0.00039753572839819015,-0.00019381630357956196
581,1625451597.972516,0.0,-0.042265232652425766,0.0007924147648736835,0.00778686348348856,-0.00017066951643656542,0.029678298860502224,0.27615474772789783,0.003563416190445423,-0.006493866443634033,0.0023904531262815,-0.0009098016520890323,-0.0003397705250240462,9.515473736119648e-05
582,1625451597.9823034,0.0,-0.04226403683423996,0.0007683549192734063,0.007785948924720287,-0.0001830890342139832,0.029682577177872878,0.2761494069528256,0.003563416190445423,0.006289307028055191,0.006651510950177908,-0.0009872337091881326,-0.0001811908575304445,-9.872437491852675e-05
583,1625451597.9928837,0.0,-0.04229569807648659,0.0007632047054357827,0.007790400646626949,-0.0001876462771870091,0.02968464362265967,0.2761535689242915,-0.003893435001373291,-0.010754924267530441,-0.0029358691535890102,-0.0005227160188371574,0.0001134457020603364,-7.486899112996436e-05
584,1625451598.0023088,0.0,-0.04226875305175781,0.0007307268679141998,0.007789480499923229,-0.0001995253679526604,0.029679011052949837,0.2761545819893168,-0.011350286193192005,-0.00968965981155634,-0.0008053402998484671,-0.0006516128406609436,-0.000606866112524714,0.0003394624152345168
585,1625451598.012463,0.0,-0.042254239320755005,0.000687035673763603,0.007789186201989651,-0.00020854716784296512,0.029677775399685052,0.27615198838099847,-0.020937664434313774,-0.00010227994062006474,0.0023904531262815,-0.0013033115971328407,-0.000516073686665321,0.00014275712100487474
586,1625451598.0227919,0.0,-0.04226645454764366,0.0006282834219746292,0.007799367420375347,-0.00022512035569242916,0.02967821889963533,0.2761556767388447,-0.000697641575243324,0.0030935134273022413,0.004520982038229704,-0.0015365617438203808,0.00016511745808553508,3.6352336296875e-05
587,1625451598.032578,0.0,-0.04232541099190712,0.0006950696115382016,0.007779587991535664,-0.00020601357535475484,0.029691661268670233,0.2761538839897569,0.005693945102393627,0.0009629845153540373,0.0013251886703073978,-0.00020372891413508227,0.0009357080602263308,5.957983589036285e-05
588,1625451598.0420852,0.0,-0.04229564219713211,0.0006806199671700597,0.0078019509091973305,-0.00021391844096274593,0.029687161189960863,0.27615211490514496,-0.003893435001373291,-0.00968965981155634,0.0013251886703073978,0.0006919364315064162,0.0005308580968141155,-0.0001387271949445515
589,1625451598.052483,0.0,-0.04229942709207535,0.000724205921869725,0.007786818780004978,-0.00019232077743474435,0.029687589764198684,0.27615461920014284,0.004628680646419525,-0.003298073308542371,-0.0008053402998484671,0.0005970667188155888,-0.0002778550639658654,1.614574193643284e-05
590,1625451598.062246,0.0,-0.04230189323425293,0.0006864108727313578,0.007755189202725887,-0.00020439818370599633,0.029685245229840777,0.2761536412927055,0.01208553183823824,-0.016081247478723526,-0.008262191899120808,0.00053964007695552,0.00015880413287488153,2.457578937838539e-05
591,1625451598.0879223,0.0,-0.042278144508600235,0.0007362272590398788,0.007741610519587994,-0.00019045355958188792,0.0296786915827153,0.2761547270702621,0.009955002926290035,0.0030935134273022413,-0.004001133609563112,2.9105344538883307e-05,0.00010125412838102161,-0.00013474050805288508
592,1625451598.0976956,0.0,-0.04230857640504837,0.0007668991456739604,0.007707676850259304,-0.0001836511902950505,0.029690192215089208,0.2761543305588065,0.003563416190445423,-0.004363337531685829,-0.006131662521511316,0.0009427534962709938,0.00022340862905504574,-0.0001394285414193674
593,1625451598.1078725,0.0,-0.04230114072561264,0.0007791228708811104,0.007674326188862324,-0.00018155498308779217,0.029687160460252895,0.2761544950660726,0.000367622880730778,-0.006493866443634033,0.008782039396464825,0.000557056713039485,0.0002551499091740397,1.0396485519003792e-05
594,1625451598.1181686,0.0,-0.04233003407716751,0.0007936125039122999,0.007674728520214558,-0.00017492774869645733,0.029697113858553732,0.2761518793280859,-0.009219757281243801,-0.004363337531685829,0.004520982038229704,0.00033315642942332023,0.00021300691506614554,-4.1679942677715597e-05
595,1625451598.1276717,0.0,-0.04233692213892937,0.0008301691268570721,0.007689659483730793,-0.00016844816348274283,0.029701926557413355,0.2761502550022894,0.000367622880730778,-0.006493866443634033,0.0002599241561256349,0.0005664570536242264,0.0006470191935391885,-9.880835389785919e-05
596,1625451598.1378248,0.0,-0.0423479899764061,0.0008416541386395693,0.007688266225159168,-0.00016767064615767768,0.02970428638548446,0.27615445916669085,-0.006023963913321495,0.0009629845153540373,0.003455717582255602,0.00015311001349617334,0.00028374358043824785,4.891684365112538e-05
597,1625451598.148414,0.0,-0.04236963391304016,0.0008214837871491909,0.007680579088628292,-0.00017338896403034515,0.02970713234629587,0.27615195157044053,-0.002828170545399189,-0.01288545224815607,0.0002599241561256349,-9.348601583023672e-05,0.00023448025064373414,9.827681411631544e-05
598,1625451598.1577125,0.0,-0.04238677769899368,0.0008006245479919016,0.007706132717430592,-0.00017431116060286772,0.029712786676146068,0.2761497159720013,0.005693945102393627,-0.010754924267530441,0.005586246494203806,2.2579849100891637e-05,0.0007611610990657944,-0.00022113822812007443
599,1625451598.1677284,0.0,-0.04239711910486221,0.0007643324206583202,0.007671584375202656,-0.0001829715112172392,0.029712598510711383,0.2761496540441859,0.003563416190445423,-0.01821177639067173,0.0002599241561256349,-0.00047901032805939127,0.0003063318067766966,-0.0001375286013314571
600,1625451598.178225,0.0,-0.0423949733376503,0.0007599957170896232,0.007670030929148197,-0.00018716687177405128,0.029714900022353337,0.2761504191160059,0.002498151734471321,0.005224042572081089,-0.0018706046976149082,-0.0008925569735071446,-1.4103332820557677e-05,1.788466435134751e-05
601,1625451598.2051902,0.0,-0.04246652126312256,0.0007303777965717018,0.007676883600652218,-0.00018663884399323927,0.029731832560266812,0.2761469949288956,-0.007089228369295597,-0.010754924267530441,0.009847303852438927,-0.0006887026990218079,0.0006330063481413178,-0.00011798442336996205
602,1625451598.2150567,0.0,-0.042373329401016235,0.0007025575614534318,0.00769351702183485,-0.0001977437203219204,0.029707999981982126,0.27615262795022255,0.000367622880730778,0.007354571484029293,-0.004001133609563112,-0.0010918578227067752,-1.2179707040644472e-05,-7.31345905160787e-05
603,1625451598.2247257,0.0,-0.04242895171046257,0.0007307217456400394,0.007672023959457874,-0.00019234627549451905,0.029726364587378956,0.27614919213195355,0.008889738470315933,-0.004363337531685829,0.0023904531262815,-0.00037499008050103033,4.341744296952315e-05,-3.480153877024318e-05
604,1625451598.2344797,0.0,-0.04242342337965965,0.0007603890844620764,0.007648934610188007,-0.00018026075505018363,0.029723013298063955,0.2761518039461414,-0.007089228369295597,-0.0011675443965941668,-0.010392720811069012,0.0007161584077159414,0.0006451112963268161,-0.0001375845105171712
605,1625451598.2448332,0.0,-0.042403627187013626,0.0006830281927250326,0.007679724134504795,-0.00020857902409950058,0.02971330745470685,0.27614957996319367,0.003563416190445423,-0.008624395355582237,0.005586246494203806,-0.0006966140660311596,-0.00029168412362516995,-0.00016247129985020898
606,1625451598.2547088,0.0,-0.0423937663435936,0.0006679348880425096,0.007674603722989559,-0.00020666030489326082,0.029709612782778144,0.2761514764102692,-0.001762906089425087,0.0020282489713281393,-0.0008053402998484671,-0.0012090144001201555,-0.00044868426141092397,-9.556231878582814e-05
607,1625451598.2647016,0.0,-0.04236503690481186,0.000729828083422035,0.007688487879931927,-0.00019329124659684532,0.029704596858334036,0.2761506784507728,0.003563416190445423,-0.003298073308542371,0.00771677540615201,0.0004861961257253793,-0.0002660338974375202,0.0001752407407089943
608,1625451598.274697,0.0,-0.04236293584108353,0.0007298746495507658,0.007710139267146587,-0.0001938834678218912,0.029703071391175825,0.2761509548174034,-0.007089228369295597,0.010550364851951599,0.0013251886703073978,0.0007608510130935683,-0.00042862948200997553,5.801800106028073e-05
609,1625451598.28498,0.0,-0.042297814041376114,0.0007611908367834985,0.007724405266344547,-0.00017681593865224304,0.029685135013745194,0.27614997669457353,0.016346590593457222,-0.01821177639067173,0.006651510950177908,0.0008088703106999686,-0.0008699255479969107,4.630078414618959e-05
610,1625451598.2951736,0.0,-0.04228644818067551,0.0007628934690728784,0.00772907305508852,-0.00018839917363279446,0.02968698668419502,0.2761554838243365,0.008889738470315933,-0.005428601987659931,-0.0029358691535890102,0.00032663974402636,-0.0007093209200891948,0.00022217718200434744
611,1625451598.323713,0.0,-0.04224336892366409,0.0008237960282713175,0.007704314775764942,-0.00016771286843150768,0.02967612678741066,0.2761545552246387,0.005693945102393627,-0.006493866443634033,-0.0008053402998484671,0.00036846135390739985,-0.00048731038962271644,1.9308151654929363e-05
612,1625451598.334237,0.0,-0.042242635041475296,0.0008554327068850398,0.007704055868089199,-0.0001584776153659706,0.029672972457715566,0.27615284807298934,-0.010285021737217903,-0.0011675443965941668,-0.004001133609563112,0.00141590789914823,-0.0009462763200117706,-0.00017062703487163527
613,1625451598.3437748,0.0,-0.042245518416166306,0.0008206756319850683,0.007714814506471157,-0.0001598188716016094,0.029675682618119877,0.2761534530975659,-0.002828170545399189,-0.0022328088525682688,-0.0018706046976149082,0.00044002582072199273,-0.00035704816842732813,9.370031855723625e-05
614,1625451598.353581,0.0,-0.0422106571495533,0.0008157709962688386,0.007714520208537579,-0.0001759738327617305,0.029666137835807266,0.2761596987304248,0.003563416190445423,0.006289307028055191,0.006651510950177908,-0.0009461423525150865,-0.00036354986383621736,0.0002557177928237355
615,1625451598.3636887,0.0,-0.042207445949316025,0.0008203887846320868,0.007742646150290966,-0.00016085666700382806,0.02966144407758768,0.27615470254941604,0.003563416190445423,-0.0022328088525682688,0.003455717582255602,-0.00018444659141992546,-0.0005290843640459443,4.0806412032681915e-05
616,1625451598.3740907,0.0,-0.04215513542294502,0.0007689896738156676,0.007698127068579197,-0.0001762372120322278,0.029645079920409212,0.2761625939447247,0.016346590593457222,-0.0011675443965941668,-0.0018706046976149082,-0.0001752821357524257,-0.0008136908402150732,0.00011981101791004792
617,1625451598.3839965,0.0,-0.04222741350531578,0.0007508856942877173,0.007719368673861027,-0.0001850958607698197,0.029668759369425916,0.2761568408738635,0.025933971628546715,-0.013950717635452747,0.00771677540615201,-0.001209373575599431,0.0005506228155051585,6.425180545979285e-05
618,1625451598.3935952,0.0,-0.04218577593564987,0.0007685628952458501,0.007722924463450909,-0.00018322451041078575,0.029655460473657913,0.276160237216703,0.002498151734471321,0.0030935134273022413,0.004520982038229704,-0.0005238051517824872,0.0003528282067084939,-0.00010046920596086218
619,1625451598.4039779,0.0,-0.042229894548654556,0.0007314462563954294,0.007727610878646374,-0.00018518680634089374,0.02967133904232147,0.2761557209423043,0.013150796294212341,-0.0022328088525682688,-0.004001133609563112,-0.0001852964965820213,-9.497758316356993e-05,-2.4132413917072857e-05
620,1625451598.4140983,0.0,-0.042175229638814926,0.0006851256475783885,0.007743340916931629,-0.00020695115888094,0.029652917318770795,0.2761567227937436,0.001432887278497219,-0.007559130899608135,0.0013251886703073978,-0.0011096560442212936,7.732718843410228e-05,-0.00015217311961647446
621,1625451598.4441018,0.0,-0.042207032442092896,0.0006305223214440048,0.007706162519752979,-0.00022371196054601916,0.029664858233650192,0.2761587395635504,0.009955002926290035,-0.006493866443634033,-0.0018706046976149082,-0.002127527732255346,-0.0006292677319501544,6.527647509225393e-05
622,1625451598.4537184,0.0,-0.042256344109773636,0.000638031167909503,0.007688178680837154,-0.00021519844138674638,0.029678418204887147,0.2761570570990847,0.002498151734471321,-0.010754924267530441,0.004520982038229704,-0.0006381361208295182,0.0005990850591198189,-1.641637984276489e-07
623,1625451598.4634018,0.0,-0.042210448533296585,0.0006007333868183196,0.007673286832869053,-0.0002365264886408855,0.029660794385607682,0.27616156106471046,0.002498151734471321,-0.008624395355582237,-0.005066398065537214,-0.00031230249094464657,-0.0002938402504395534,0.0001402668340000958
624,1625451598.473771,0.0,-0.04223285987973213,0.0006112652481533587,0.007669231854379177,-0.00022783784928452622,0.029668980792480336,0.2761580211214923,-0.028394516557455063,-0.01288545224815607,0.004520982038229704,-0.0005812916358517164,-0.0007844901490084604,0.00010980690874690634
625,1625451598.48356,0.0,-0.042172279208898544,0.0006048879004083574,0.0076628318056464195,-0.0002203343965492266,0.0296503278123465,0.2761584447989132,0.007824474014341831,0.005224042572081089,0.006651510950177908,0.00042549321101398633,-0.00012799995349318144,-0.0001674196141662493
626,1625451598.4935837,0.0,-0.04216534271836281,0.0005760366329923272,0.007655554451048374,-0.00022821833146864645,0.02965122840807107,0.27615819646225176,0.006759209558367729,-0.006493866443634033,0.0023904531262815,-0.0001920896414152772,-0.00039837067862969654,-2.7062401031320432e-05
627,1625451598.5035172,0.0,-0.042158737778663635,0.000579373212531209,0.007684442214667797,-0.00023121481083113182,0.029650496883611724,0.27616208667705944,0.000367622880730778,-0.016081247478723526,0.006651510950177908,-0.00022035691884613793,-0.0004021799626221986,0.00011067246785150649
628,1625451598.5135524,0.0,-0.042232923209667206,0.0005864010308869183,0.007668209262192249,-0.00022893050280559796,0.029664158733928282,0.2761613036580801,-0.025198722258210182,-0.006493866443634033,0.0013251886703073978,2.4654953856918515e-05,5.418588226121718e-05,0.00011678297200427294
629,1625451598.5238328,0.0,-0.0421777106821537,0.0006390390335582197,0.007694809697568417,-0.00021512048465806982,0.02965546238127187,0.27615488522593057,-0.01880713738501072,0.015876686200499535,0.004520982038229704,0.00040986999092543344,3.7454080371755243e-06,-0.0002031025034155842
630,1625451598.5337765,0.0,-0.04218079149723053,0.0005644200718961656,0.007699538953602314,-0.00023877774163912763,0.02965068090474162,0.2761627535160049,-0.007089228369295597,0.0009629845153540373,0.0023904531262815,-0.00030329959682125543,-0.00020674094466906272,-0.0001291995241686055
631,1625451598.5606947,0.0,-0.04223072901368141,0.0005232328549027443,0.007701574824750423,-0.00024724763328889954,0.029661371149345007,0.276160219302058,-0.011350286193192005,-0.00968965981155634,0.003455717582255602,-0.0015288901138530689,0.00016241163116439026,0.00023924061244074506
632,1625451598.570599,0.0,-0.042212311178445816,0.0005709638935513794,0.007680949755012989,-0.00023042345947735243,0.02965929856461521,0.27615729157165503,0.009955002926290035,-0.008624395355582237,-0.0008053402998484671,-5.186432247790833e-06,0.00025938815997715147,-6.601851388817561e-05
633,1625451598.5806155,0.0,-0.042208410799503326,0.0005565889296121895,0.00767137948423624,-0.0002428147245058243,0.02966421322137163,0.27616221977568084,-0.002828170545399189,0.013746158219873905,0.006651510950177908,0.00020752556889714686,-2.222547474481754e-05,0.0001463291472869497
634,1625451598.5907667,0.0,-0.04222358763217926,0.0005472280317917466,0.0076850904151797295,-0.00024279260735260433,0.029664430842131932,0.27616241042751166,0.002498151734471321,-0.005428601987659931,0.0013251886703073978,-0.0004448845754022079,1.8621363227859774e-05,0.00024562310593272905
635,1625451598.6012845,0.0,-0.04223775118589401,0.0005508664762601256,0.007682281546294689,-0.0002419627344000877,0.02966729544924631,0.2761571434037516,-0.011350286193192005,-0.010754924267530441,0.004520982038229704,5.759901902732351e-06,3.343704608247081e-05,-7.075437248320439e-05
636,1625451598.610732,0.0,-0.042187489569187164,0.0005037671071477234,0.007665711455047131,-0.00025424618734067733,0.029656219648912005,0.2761610690253133,0.003563416190445423,0.010550364851951599,0.004520982038229704,-0.0009246857600949776,-0.00013228338213172624,-4.3996076485612233e-05
637,1625451598.6209342,0.0,-0.04222968593239784,0.00048217704170383513,0.007681393064558506,-0.00026096225333918643,0.029665813854132098,0.27615974450953673,0.004628680646419525,-0.005428601987659931,0.0013251886703073978,-0.0009038316612301503,-2.9805963970903473e-05,5.6365440443710915e-05
638,1625451598.6309485,0.0,-0.04224167391657829,0.0005277687450870872,0.007661391980946064,-0.0002504991873931717,0.02966938169643059,0.27616058636417185,0.003563416190445423,-0.010754924267530441,-0.00932745635509491,-2.0712850776622367e-05,0.00039376538246053906,6.430565010894683e-05
639,1625451598.640732,0.0,-0.04219822213053703,0.0004629130708053708,0.007646487094461918,-0.0002620492203427513,0.029660179085414337,0.27616190572992505,-0.004958699457347393,-0.0022328088525682688,-0.005066398065537214,-0.0004922678832152388,-0.00030280930135719866,0.00010104326866368302
640,1625451598.6507497,0.0,-0.04220752790570259,0.0005098040564917028,0.007634730078279972,-0.00025736533933193306,0.02965783532029758,0.2761594527626915,-0.004958699457347393,-0.0011675443965941668,-0.0029358691535890102,-0.0004603175770431934,-0.00028156228835103387,-5.2373009684505024e-05
641,1625451598.6793127,0.0,-0.042231105268001556,0.0005647101788781583,0.007563459686934948,-0.00023957291505483091,0.029663497083022808,0.2761598949354714,-0.003893435001373291,0.0009629845153540373,0.003455717582255602,0.0008370166300174781,-0.00043502594004912845,-2.051685807210541e-05
642,1625451598.6884081,0.0,-0.04217391833662987,0.0005953636136837304,0.007572387345135212,-0.00022519720108503394,0.029651789582857718,0.276162770532621,-0.009219757281243801,-0.008624395355582237,-0.0018706046976149082,0.001714255692925612,-0.0011392740511405812,0.0001911868567121958
643,1625451598.6984968,0.0,-0.04212206229567528,0.0006046426715329289,0.007590307854115963,-0.00022336364042389867,0.029635499932849807,0.27616155588113933,0.01208553183823824,0.0009629845153540373,0.010912568308413029,0.0010969009497183583,-0.0010515804679067768,4.3488981880913355e-05
644,1625451598.7088196,0.0,-0.04211323335766792,0.0006545117357745767,0.007624086923897266,-0.00021376021793696742,0.029634963781643563,0.2761615986354467,0.013150796294212341,-0.006493866443634033,0.008782039396464825,0.0004935613729852991,-0.0006512379073480211,-0.000120612158383316
645,1625451598.7185602,0.0,-0.04215022549033165,0.0006870283395983279,0.007609010674059391,-0.00019835621047298996,0.029642514060587842,0.2761628576050417,-0.003893435001373291,-0.00010227994062006474,0.005586246494203806,0.001009209111722992,-1.6900848806805662e-05,3.962344178711127e-06
646,1625451598.728598,0.0,-0.04215550422668457,0.0006550594116561115,0.007593329064548016,-0.00021244041545094572,0.02964571675474373,0.2761633845547551,-0.004958699457347393,-0.003298073308542371,0.0023904531262815,8.583369590775865e-05,0.00014688997944815467,0.0002132537175638979
647,1625451598.7385952,0.0,-0.042144775390625,0.0006968122906982899,0.00757779274135828,-0.00018854851960478647,0.029644797047112384,0.2761626369530117,-0.01348081510514021,0.004158778116106987,-0.004001133609563112,0.000219425760065665,-0.00012787497409545763,7.159879390278204e-05
648,1625451598.748834,0.0,-0.042123906314373016,0.0006757865194231272,0.007568248547613621,-0.00020580955794877176,0.029637174770343284,0.27616708989878813,-0.023068195208907127,0.0030935134273022413,-0.004001133609563112,0.000541073461191267,-0.000690036642892182,9.910579329259697e-05
649,1625451598.7583823,0.0,-0.042107950896024704,0.0006604255177080631,0.0075425440445542336,-0.0002089618597483911,0.029627679318986175,0.27616263682753417,-0.007089228369295597,-0.005428601987659931,-0.0029358691535890102,-0.0004420418610268937,-0.0008557708426908447,4.132418313046694e-06
650,1625451598.7684007,0.0,-0.04210102558135986,0.0007114812033250928,0.007540893740952015,-0.00019194726124027728,0.029632814328097883,0.2761619856988157,0.011020267382264137,0.0020282489713281393,-0.005066398065537214,0.0005854441260895807,-5.0546836824479286e-05,-0.00022961431674759145
651,1625451598.7962985,0.0,-0.042027514427900314,0.0007365308701992035,0.007547915913164616,-0.00017350921382399548,0.029612557443498604,0.2761645866362158,0.005693945102393627,0.014811422675848007,0.005586246494203806,0.0010255594323954828,-0.0005783408584382202,-6.878838016534409e-05
652,1625451598.805741,0.0,-0.04205724224448204,0.0007439209730364382,0.007540577091276646,-0.00018271478339377395,0.029619891165499464,0.2761672272687829,0.004628680646419525,-0.006493866443634033,0.0023904531262815,0.00034732296789194623,-0.0007900299939031228,0.00014680881463647534
653,1625451598.8155105,0.0,-0.04203227162361145,0.0007274330710060894,0.007533780299127102,-0.00018414987541891248,0.02961494275823595,0.2761680094316382,0.019542383030056953,-0.01288545224815607,0.005586246494203806,-0.00015492144796209968,0.00018696746033448374,0.00017998155315405276
654,1625451598.8254797,0.0,-0.04206714406609535,0.0006970534450374544,0.0075454870238900185,-0.0001989288238190695,0.029622521131264803,0.27616780962640086,-0.011350286193192005,0.0030935134273022413,-0.0008053402998484671,-0.0008128395546003703,-0.000219329232983659,0.00011262064816181836
655,1625451598.835721,0.0,-0.04202178493142128,0.0007232506177388132,0.007543214596807957,-0.0001825823981865815,0.02961585776448445,0.2761654943027636,0.001432887278497219,-0.00010227994062006474,0.006651510950177908,-0.0003768348154523781,-0.00027500642968285863,7.045615713271143e-05
656,1625451598.84539,0.0,-0.04200097918510437,0.0006921433960087597,0.007551145739853382,-0.00018853477704744437,0.02960432616325933,0.27617032545448683,0.006759209558367729,0.008419835940003395,-0.005066398065537214,-1.2266816607142937e-05,-0.0007958502631850145,9.837716259274023e-05
657,1625451598.8556619,0.0,-0.04198182746767998,0.0006802116404287517,0.007545591332018375,-0.00019451783102946568,0.02959432044692216,0.2761733688132709,0.003563416190445423,0.0030935134273022413,0.004520982038229704,-0.0006009608254124911,-0.000761439574088912,0.00020183357092833006
658,1625451598.8661366,0.0,-0.04197213053703308,0.0006679531652480364,0.0075251320376992226,-0.00019435980796837782,0.029596251142707843,0.27616931283839435,0.001432887278497219,-0.008624395355582237,0.006651510950177908,-0.00013745422687381004,-0.00027067497097812905,-5.612390506510247e-05
659,1625451598.8756783,0.0,-0.041969820857048035,0.0006891691009514034,0.007521492429077625,-0.0001913194124794279,0.029592617777671096,0.2761683756053938,-0.008154492825269699,-0.005428601987659931,0.005586246494203806,0.00011868849540139673,-0.00014831268890729048,-0.00017024230039360642
660,1625451598.8854022,0.0,-0.04196678102016449,0.0006675209733657539,0.007522839121520519,-0.00020006961621495123,0.029598604569355265,0.27616773167621017,-0.011350286193192005,-0.008624395355582237,-0.0008053402998484671,-0.00021614856740704042,-1.8049913015516e-05,-3.864313796965343e-05
661,1625451598.9154148,0.0,-0.04188878461718559,0.0005956335226073861,0.007514935918152332,-0.00021373068595563482,0.029571159233317455,0.2761752015521538,0.018477119505405426,-0.010754924267530441,-0.004001133609563112,-0.0010393043411214093,-0.0002795947086153779,-6.715672248673546e-05
662,1625451598.9251206,0.0,-0.04192535579204559,0.0006272286409512162,0.007516843266785145,-0.00020804685794951344,0.029583177817270434,0.27616982331055007,-0.007089228369295597,-0.005428601987659931,0.003455717582255602,-0.0005425992074203885,-0.0003973829224983346,-0.00014872291139144634
663,1625451598.9348974,0.0,-0.041902534663677216,0.0006160433986224234,0.007508746348321438,-0.00021366062543595743,0.02957973826973003,0.27617139720051154,0.000367622880730778,-0.004363337531685829,0.004520982038229704,4.915959904188929e-05,0.0005055499938446588,-0.00011140108352840515
664,1625451598.9449685,0.0,-0.04194074496626854,0.000586492067668587,0.007505591027438641,-0.00020993444753496238,0.029587465640190214,0.27617043425560195,-0.002828170545399189,-0.0011675443965941668,-0.0018706046976149082,-0.00047654900116644996,0.0002886377363577726,0.00011920168760901137
665,1625451598.9549136,0.0,-0.04194221273064613,0.000569492403883487,0.0074806371703743935,-0.00021958927501503078,0.029587897196662723,0.2761726577391357,0.008889738470315933,-0.007559130899608135,-0.010392720811069012,-0.0005705977797090031,0.0005167847481493189,-7.710132522822785e-05
666,1625451598.965221,0.0,-0.04194575175642967,0.0005485893925651908,0.007457106374204159,-0.00022756113392512906,0.029591525975032208,0.27616854579453387,-0.007089228369295597,-0.003298073308542371,0.0002599241561256349,-0.0007772635748248952,3.992126438878177e-05,-3.246714486904204e-05
667,1625451598.974882,0.0,-0.04193655401468277,0.0005217564757913351,0.00743927713483572,-0.0002311760650738348,0.02958532380689531,0.2761722196111893,-0.002828170545399189,0.010550364851951599,-0.004001133609563112,-0.0009452831710472295,-0.0002639594596921716,0.0001445660342503284
668,1625451598.9850578,0.0,-0.041961006820201874,0.0005024758283980191,0.007433813996613026,-0.00024245602351560813,0.02959385079664209,0.2761742176290405,0.003563416190445423,-0.00010227994062006474,0.0002599241561256349,-0.000884133273796304,4.404157307601029e-05,0.00028459913624052143
669,1625451598.9950092,0.0,-0.04195277392864227,0.000496123218908906,0.0074351513758301735,-0.0002471455465794664,0.02958956822793167,0.27617236941169254,-0.015611344017088413,-0.010754924267530441,0.0002599241561256349,-0.00041287307426334413,0.00020016603945487147,-9.613448188861218e-06
670,1625451599.0051832,0.0,-0.04190845414996147,0.0004749789659399539,0.007431774400174618,-0.0002497024284585647,0.029577352237383607,0.27617506922011315,-0.004958699457347393,0.006289307028055191,0.009847303852438927,-0.00046200932207930863,-0.0004487724367424404,1.178839620956025e-06
671,1625451599.0346522,0.0,-0.04193030670285225,0.0004083756357431412,0.007400414906442165,-0.00026390287500480114,0.029590007049343343,0.27617095417060544,0.019542383030056953,0.01800721511244774,0.0002599241561256349,-0.0017356415067419128,0.00036062445319237933,-7.083605535052246e-05
672,1625451599.0444434,0.0,-0.041978150606155396,0.00042822505929507315,0.007428319193422794,-0.0002656688501513002,0.029600350363711427,0.2761696782044585,0.004628680646419525,-0.011820188723504543,0.004520982038229704,-0.0007683295634677744,0.0007499394348204607,-0.0002306323721988699
673,1625451599.0545864,0.0,-0.041894908994436264,0.0003861993900500238,0.007409502752125263,-0.0002763984185839702,0.029577224011514233,0.2761727261527594,-0.003893435001373291,0.0009629845153540373,0.0002599241561256349,-0.00025912184442591137,-0.0010575366125192619,0.000114720949847623
674,1625451599.064437,0.0,-0.0418943427503109,0.00038543649134226143,0.0074340226128697395,-0.00027135347290113687,0.029576027229004404,0.276168218931511,0.002498151734471321,0.010550364851951599,-0.0008053402998484671,-0.0005089652148280967,-0.0011501765263033045,1.7010131488596376e-05
675,1625451599.0745647,0.0,-0.041838448494672775,0.0003778507234528661,0.007409774698317051,-0.00027879301167917786,0.02955497963917316,0.27617941329003604,0.022738177329301834,0.0030935134273022413,-0.0029358691535890102,-3.072456262978129e-05,-0.0008327219313665375,0.000337081799468691
676,1625451599.084756,0.0,-0.041952941566705704,0.0003991454723291099,0.007394029758870602,-0.0002692786460050667,0.029590407746568542,0.27616994190907634,-0.008154492825269699,-0.015015983022749424,0.0013251886703073978,0.0003158029446177073,9.708154587991347e-05,0.0001253911330297621
677,1625451599.0942423,0.0,-0.04186050966382027,0.00041143360431306064,0.00741072092205286,-0.0002661258170028047,0.02956499363860656,0.2761756828037625,-0.017741871997714043,-0.004363337531685829,-0.006131662521511316,0.00041666234871341333,-0.00011325674747055576,-0.0001617576323014337
678,1625451599.104566,0.0,-0.04189569875597954,0.00032157805981114507,0.007411354221403599,-0.0002912461746964537,0.029574536259841404,0.27617457475102103,0.003563416190445423,-0.0022328088525682688,-0.0029358691535890102,-0.0015747395598061222,-0.000657504690402047,0.00021632632357530696
679,1625451599.1147585,0.0,-0.04188631474971771,0.0003320000250823796,0.007406813092529774,-0.00028535363076745424,0.029572848902712008,0.2761735616154228,0.006759209558367729,-0.011820188723504543,-0.004001133609563112,-0.001096405889106482,0.00038483681639393217,-0.00011043677919239802
680,1625451599.1243873,0.0,-0.04193253070116043,0.00036982129677198827,0.007400277070701122,-0.00028348226170381297,0.02958476008224812,0.2761729926452312,-0.001762906089425087,0.009485100395977497,0.0023904531262815,0.00029625127918866094,0.0005761888959328053,-0.00010091927757457182
681,1625451599.153557,0.0,-0.04189246520400047,0.0003614869783632457,0.007437552325427532,-0.0002783604883624183,0.029569555235002452,0.2761750882318168,-0.001762906089425087,0.005224042572081089,-0.0008053402998484671,0.00013347815511634688,0.0005045953940297625,-4.744877583138396e-05
682,1625451599.1638646,0.0,-0.041844308376312256,0.00033433939097449183,0.007436267100274563,-0.0002853625212676583,0.029563210305021487,0.2761725700254504,0.014216060750186443,0.01800721511244774,-0.005066398065537214,-0.0003098189004972855,-0.0005827579540304038,-5.10127110915115e-05
683,1625451599.1736293,0.0,-0.04190948233008385,0.00038207005127333105,0.007435028441250324,-0.00028433747668017706,0.029580279204692493,0.2761735092317488,0.004628680646419525,-0.0022328088525682688,0.0023904531262815,-0.00021140247390532993,0.0002972135850528612,3.828251563128961e-05
684,1625451599.1834626,0.0,-0.04185923561453819,0.0004343903565313667,0.007446463219821453,-0.0002615416218072694,0.029564674439749764,0.27617584693219205,0.004628680646419525,0.012680893763899803,-0.008262191899120808,0.0012184629780092955,0.0002624019150571315,0.00014682725053793194
685,1625451599.1932583,0.0,-0.04189024865627289,0.0004738849529530853,0.00744673702865839,-0.0002564470075497524,0.029576129263634718,0.2761741255243119,-0.004958699457347393,-0.0011675443965941668,-0.011457985267043114,0.0013503611254450166,-5.288636315585234e-05,7.8660258898798e-07
686,1625451599.2031665,0.0,-0.04182716831564903,0.0004197799717076123,0.007472372613847256,-0.0002664542730236655,0.029552697235421296,0.27617742274346047,-0.001762906089425087,-0.00968965981155634,-0.0029358691535890102,-4.518746912493481e-05,-0.000401097452125505,-4.344354786842468e-05
687,1625451599.2132382,0.0,-0.04185605049133301,0.00043015487608499825,0.007477900944650173,-0.000272477747257277,0.029565764708587655,0.27617807716970044,0.014216060750186443,-0.006493866443634033,-0.0018706046976149082,-0.0005437403170747581,-0.00023359351868031879,3.54867993065326e-05
688,1625451599.2231436,0.0,-0.04187224060297012,0.0004810481332242489,0.007467490620911121,-0.000252220213411411,0.02957123121158347,0.27617380089964355,-0.008154492825269699,0.0009629845153540373,-0.0008053402998484671,0.0004968679246367095,0.0007982369399847017,-0.00011248516725508702
689,1625451599.2333012,0.0,-0.04187801852822304,0.0005002781981602311,0.0074673788622021675,-0.0002499170802821721,0.029572796962457813,0.2761745944778647,0.0174118559807539,0.006289307028055191,0.003455717582255602,0.0007218175731664853,0.0003474339685130938,-0.0001463943934964877
690,1625451599.2431612,0.0,-0.041904836893081665,0.0004521785886026919,0.007476021535694599,-0.00026642295038115105,0.02957529839529212,0.2761780048840111,0.021672913804650307,-0.01821177639067173,-0.0008053402998484671,-0.0004297129656083826,0.0006384758058206657,6.943711349309003e-05
691,1625451599.2717924,0.0,-0.0418388694524765,0.000478097063023597,0.007520363666117191,-0.00025773681281776595,0.029558227613175253,0.2761781568360313,-0.001762906089425087,0.010550364851951599,-0.0029358691535890102,-0.0010882180795126534,-0.0005324182618948906,0.00042136986299848593
692,1625451599.281191,0.0,-0.04187380149960518,0.00045570801012218,0.0075179198756814,-0.00025822792314780796,0.0295714666312221,0.2761724670173818,-0.002828170545399189,0.0030935134273022413,0.00771677540615201,-0.0006009863447885593,-0.00039374978289593665,0.00025267972342543
693,1625451599.2913868,0.0,-0.04180986061692238,0.0004010523553006351,0.007505337707698345,-0.00026694207117212293,0.02954991108821478,0.2761768497313307,0.007824474014341831,-0.003298073308542371,-0.0008053402998484671,-0.00048198154737836006,-9.464283513408524e-05,-0.00010386703286295234
694,1625451599.3015614,0.0,-0.04187312722206116,0.00043625690159387887,0.007514552213251591,-0.00026630015246292826,0.029570322049815162,0.2761726774796407,0.006759209558367729,-0.00968965981155634,-0.0018706046976149082,-0.00037350580083994107,-2.832921987734145e-05,-0.00010204439874543343
695,1625451599.3111916,0.0,-0.041856519877910614,0.00044772677938453853,0.0074837701395154,-0.000261870830672202,0.02956003617245736,0.27617671253190706,0.003563416190445423,0.005224042572081089,-0.0029358691535890102,0.00010933212123911792,0.00012609417372502725,1.1754555347633836e-05
696,1625451599.3211904,0.0,-0.041844919323921204,0.00042075643432326615,0.007465883158147335,-0.0002717880789060642,0.029561435785670477,0.27617489608898727,0.007824474014341831,-0.01821177639067173,0.0002599241561256349,-0.0003352743409136896,-0.0005587552907955361,0.0003175677835898962
697,1625451599.3317094,0.0,-0.04184306412935257,0.00039401717367582023,0.007472348399460316,-0.0002733716771547018,0.029558022313198977,0.2761732160275494,-0.009219757281243801,-0.005428601987659931,-0.0018706046976149082,-0.00099748390598279,-0.00018414882639412243,-1.8957449989939948e-05
698,1625451599.3414176,0.0,-0.041861943900585175,0.0003192674776073545,0.007478714920580387,-0.00029427225719928785,0.029563299214619462,0.2761762264480487,0.004628680646419525,-0.005428601987659931,-0.0029358691535890102,-0.001424175929782866,6.25314546415776e-05,-5.284185718843562e-05
699,1625451599.351177,0.0,-0.04188012331724167,0.000355127383954823,0.007485744543373585,-0.0002877973227855893,0.02956934569340896,0.27617522682777307,0.003563416190445423,-0.0011675443965941668,0.0013251886703073978,-0.0010594583235903905,0.0005913779707564071,2.1432071927097393e-05
700,1625451599.3612108,0.0,-0.04190206527709961,0.00037644978147000074,0.00748912338167429,-0.0002790531012921704,0.0295761779863701,0.2761717934946754,0.004628680646419525,0.006289307028055191,0.004520982038229704,0.0003556378170248147,0.0005620414923253559,-0.00010888547391174921
701,1625451599.3905563,0.0,-0.041951984167099,0.00033198625897057354,0.007444015704095364,-0.0002894945104178065,0.029590895619993104,0.27616867471963913,-0.009219757281243801,-0.004363337531685829,0.006651510950177908,-7.585296593354629e-05,0.0010005032732711638,-0.00028356385537820937
702,1625451599.4011075,0.0,-0.04196632653474808,0.00033818205702118576,0.007433519698679447,-0.0002848013546156297,0.02959219859081518,0.27617347778885015,-0.011350286193192005,0.005224042572081089,0.0002599241561256349,-0.0002232386675823576,0.0008816607572444471,-2.5055948896217535e-05
703,1625451599.41073,0.0,-0.0419522300362587,0.00040619715582579374,0.0074451761320233345,-0.0002721696009039959,0.029591245140152503,0.276173476290656,-0.016676606610417366,0.0009629845153540373,0.0023904531262815,0.0007472255585979174,-0.00026027647303341716,0.0001699406115654312
704,1625451599.420971,0.0,-0.04192391037940979,0.00038976059295237064,0.007448784075677395,-0.0002797054156735562,0.02958062297660681,0.2761761576417501,-0.000697641575243324,0.007354571484029293,-0.0029358691535890102,0.00025756594478903365,-0.0006572515060303984,-1.3021635439463063e-06
705,1625451599.430575,0.0,-0.04192676767706871,0.0004009237454738468,0.007459958083927631,-0.00027430711962334736,0.029581441366025377,0.2761772584077701,0.005693945102393627,0.004158778116106987,0.0013251886703073978,-2.0187747062148713e-05,-0.0002137185252326501,-2.0488634898432318e-05
706,1625451599.440643,0.0,-0.04192192852497101,0.00044098205398768187,0.007466637529432774,-0.00026918327132521847,0.029583792756290667,0.2761730182512354,0.01528132427483797,0.004158778116106987,0.0013251886703073978,0.0004036966617375233,0.0002533507625274298,-0.00019141086498792646
707,1625451599.4506652,0.0,-0.041910555213689804,0.0004431645502336323,0.007447815500199795,-0.0002621115169967811,0.0295780523616771,0.2761765500700681,0.01528132427483797,0.005224042572081089,0.0013251886703073978,0.0004004075086194601,6.23957408722768e-05,-2.6310214965135113e-05
708,1625451599.4607816,0.0,-0.04192977026104927,0.0004836083680856973,0.007460140623152256,-0.00025428994462425164,0.029582275011626434,0.2761758381727585,0.011020267382264137,-0.008624395355582237,-0.0018706046976149082,0.0008877399833567349,6.808167864765096e-05,2.761458138572885e-05
709,1625451599.4706423,0.0,-0.04193392023444176,0.0004512132436502725,0.007449689321219921,-0.00025720799920658094,0.029584337133463777,0.2761743432320883,0.001432887278497219,-0.00010227994062006474,-0.008262191899120808,0.00012058991306486423,-4.156240937061122e-05,-0.0001370671814203665
710,1625451599.4805777,0.0,-0.04190964996814728,0.0004622986016329378,0.007457650266587734,-0.0002601018064183891,0.02958145852820364,0.2761733862287253,0.000367622880730778,0.010550364851951599,0.006651510950177908,-0.0006928495548202532,-0.0003723002365859411,-2.377310843999327e-06
711,1625451599.5115793,0.0,-0.04193740338087082,0.00038959120865911245,0.007432921789586544,-0.00027327460321598107,0.029581088013022908,0.27616992755601777,-0.002828170545399189,0.007354571484029293,-0.006131662521511316,-0.0010831331355911139,-6.899943597361484e-05,-0.0001860962975085538
712,1625451599.5218005,0.0,-0.041927654296159744,0.0003304076672066003,0.00741878617554903,-0.00029503475121843425,0.029578496436912474,0.27617639297608376,0.009955002926290035,-0.010754924267530441,0.0023904531262815,-0.0016230388501951936,0.000121917807378029,4.776724732867789e-05
713,1625451599.5316107,0.0,-0.04192839935421944,0.0003379136323928833,0.007423329167068005,-0.0002874916503342803,0.029590467284897844,0.2761711675142289,0.009955002926290035,-0.007559130899608135,-0.007196926977485418,-0.0007394808092434198,0.0003455040555793965,0.00012933981360894502
714,1625451599.541683,0.0,-0.041939809918403625,0.0004141616227570921,0.007422703318297863,-0.0002692523499269392,0.029588933951277173,0.27617494807365467,-0.007089228369295597,0.007354571484029293,0.0002599241561256349,0.0011765672803828587,0.00014922743700438468,-0.00012701147740358163
715,1625451599.551934,0.0,-0.04193684831261635,0.0003660060465335846,0.007412136532366276,-0.000287832554199903,0.029581141313152023,0.2761772649222357,-0.004958699457347393,-0.0011675443965941668,0.0013251886703073978,0.00032655159343143313,-0.00024330462427372209,0.0001912735844425538
716,1625451599.5616236,0.0,-0.041933365166187286,0.00029666436603292823,0.007416377775371075,-0.0003042496769998376,0.029585603529478977,0.2761714821811959,-0.006023963913321495,-0.016081247478723526,0.0023904531262815,-0.0013380625951591144,4.6597832051866095e-05,-0.00019783808165594927
717,1625451599.5717826,0.0,-0.04194676876068115,0.0003053694381378591,0.007400232367217541,-0.00030112447801606407,0.029590576445066533,0.27617353215390467,-0.004958699457347393,-0.010754924267530441,-0.0018706046976149082,-0.0007140572534624817,0.0003881577691168524,-0.00025091021892346944
718,1625451599.5828743,0.0,-0.04192306846380234,0.0003348065656609833,0.007413092069327831,-0.00029386770860216627,0.02958605996332008,0.27617759272791764,-0.000697641575243324,0.007354571484029293,0.0023904531262815,6.337884353621141e-05,-0.00010110196950202359,0.0002349281634993246
719,1625451599.5915132,0.0,-0.041918184608221054,0.00033032914507202804,0.007383332587778568,-0.00029378557192757254,0.029577672744720278,0.2761739193019663,0.003563416190445423,0.005224042572081089,-0.006131662521511316,0.00015259080413799908,-0.000637572517657483,-9.29382985574717e-05
720,1625451599.601673,0.0,-0.04188689589500427,0.0003103601047769189,0.00738177914172411,-0.0002962686111303847,0.02957700890949288,0.2761765579860236,0.01208553183823824,-0.024603363126516342,0.0002599241561256349,-4.3504466356970486e-05,-0.00039328103838001834,-0.00012645404670792533
721,1625451599.6331952,0.0,-0.04182169586420059,0.00022284300939645618,0.007347178645431995,-0.0003220156964938714,0.029549037263789296,0.2761801275466438,0.02060764841735363,-0.005428601987659931,-0.008262191899120808,-0.00036650067615042484,-0.00024763043877148403,-4.079431588698026e-05
722,1625451599.642979,0.0,-0.041865311563014984,0.000185979442903772,0.007375345565378666,-0.0003360076654438243,0.02956502175063494,0.2761781662587227,-0.001762906089425087,-0.00010227994062006474,0.004520982038229704,-0.001087565252446445,-0.00014340402389870056,-0.00018106200169101415
723,1625451599.6530719,0.0,-0.041819967329502106,0.00013400355237536132,0.007323204539716244,-0.0003453835743418704,0.029555932795981017,0.27617436022915065,0.004628680646419525,-0.010754924267530441,0.0002599241561256349,-0.001113837308675049,0.00023540818227901414,-0.00016381791481217728
724,1625451599.6630116,0.0,-0.04189679026603699,0.0001195803633891046,0.007326499558985233,-0.000343834887764842,0.029575513371383977,0.27617688990771183,0.000367622880730778,0.0030935134273022413,0.004520982038229704,-0.0007567893389234042,0.000675301239969409,-0.00019154559939682435
725,1625451599.673109,0.0,-0.0418294332921505,0.0001750467054080218,0.007341898046433926,-0.00034384255698183264,0.02955305099448674,0.2761818713959703,-0.003893435001373291,0.004158778116106987,-0.0008053402998484671,-0.00042106066178203044,-9.198627704949391e-05,0.00026153982645038207
726,1625451599.6831884,0.0,-0.04188154265284538,0.00023325953225139529,0.007343496195971966,-0.0003248706711299204,0.029569348659745323,0.2761784666006828,-0.008154492825269699,0.010550364851951599,-0.0018706046976149082,0.0007532462641026789,-0.0005977145532200907,0.0002636248183033286
727,1625451599.692934,0.0,-0.04183191433548927,0.00026021807570941746,0.007358451373875141,-0.0003121353835226007,0.0295587100317471,0.2761776519959659,-0.019872400909662247,-0.017146511003375053,-0.0008053402998484671,0.0018087654573857505,-0.00030043565141068146,-7.712804753764948e-06
728,1625451599.7033198,0.0,-0.04184874892234802,0.0001859859621617943,0.007350900210440159,-0.00033525457668889813,0.029559317662837425,0.27617994699704956,0.011020267382264137,-0.011820188723504543,-0.00932745635509491,7.167274418940322e-07,-0.0002764719184568887,-7.69103362917554e-05
729,1625451599.713277,0.0,-0.04183720424771309,0.00022811113740317523,0.007340350188314915,-0.0003232319636870609,0.029557201441257515,0.2761789898546416,-0.011350286193192005,-0.006493866443634033,0.003455717582255602,-0.0004969705727819823,-0.00020347839975123455,7.292744876291939e-05
730,1625451599.723154,0.0,-0.04186485335230827,0.00028007972287014127,0.0073622846975922585,-0.00030972028351790304,0.029563881868262143,0.2761794045203562,0.014216060750186443,-0.00968965981155634,-0.004001133609563112,0.0011844535011897158,0.0003091055226730663,-6.16274388515649e-05
731,1625451599.754745,0.0,-0.041900329291820526,0.00024524074979126453,0.007327091880142689,-0.0003207837576678224,0.02957675255057394,0.27617900623099084,0.002498151734471321,0.0020282489713281393,-0.004001133609563112,0.0004616170094157636,0.00118076032484061,-2.1624612375995146e-05
732,1625451599.7645864,0.0,-0.0418359637260437,0.00020780699560418725,0.00732456985861063,-0.00032228945857399466,0.02955768042731923,0.27617533557869917,0.005693945102393627,0.005224042572081089,-0.006131662521511316,-0.0005407155839720346,-0.00018743275978716893,-6.610758181774541e-05
733,1625451599.7744064,0.0,-0.04185270518064499,0.0002296747115906328,0.007294760085642338,-0.0003210454887988476,0.029557758342132957,0.2761822347696947,-0.01880713738501072,0.0030935134273022413,-0.0029358691535890102,-0.00012376155186009778,-0.0009882393955890946,2.6014664359071156e-05
734,1625451599.7847807,0.0,-0.04177990183234215,0.00023394856543745846,0.007290360517799854,-0.0003226412233906656,0.029539482590001206,0.2761851033133498,-0.009219757281243801,-0.005428601987659931,0.0023904531262815,2.7253575016383404e-05,-0.0008894534539704999,0.00036153398610600966
735,1625451599.7943468,0.0,-0.041804756969213486,0.00024524721084162593,0.007292185910046101,-0.00031073648910434626,0.029549356667640213,0.2761827252235583,0.007824474014341831,-0.004363337531685829,-0.0008053402998484671,0.00023593587689568695,-0.00010427149499421828,-0.00010791319471679593
736,1625451599.8044858,0.0,-0.041800059378147125,0.00016988764400593936,0.007297794334590435,-0.0003376936568551467,0.029551580316519423,0.276180874782489,0.001432887278497219,0.004158778116106987,0.013043097220361233,-0.000660539460357933,0.000535611119374034,-0.00017006853056677134
737,1625451599.8143728,0.0,-0.041862327605485916,0.00023643083113711327,0.007287998683750629,-0.00031619200274878023,0.02956613566161543,0.27618027490372027,0.007824474014341831,0.0030935134273022413,-0.005066398065537214,-0.00040154461561961154,0.0006136814873991827,-7.746458096485522e-05
738,1625451599.824404,0.0,-0.04184495657682419,0.0002836446510627866,0.0073026614263653755,-0.0003004971240872581,0.029559574380930924,0.276178554607635,-0.01348081510514021,0.007354571484029293,0.0002599241561256349,0.0012726262014385377,0.0002130728569279189,-0.00012293060816825503
739,1625451599.8347638,0.0,-0.04178112372756004,0.0002663227205630392,0.007281049154698849,-0.00031036973538695056,0.029539087820812084,0.2761877452540715,-0.011350286193192005,0.010550364851951599,0.006651510950177908,0.00044257856133718984,-0.001036776412486022,0.000189814026148807
740,1625451599.84453,0.0,-0.0417681522667408,0.00032702990574762225,0.007288212887942791,-0.0002909520247817085,0.029543221259185015,0.2761834215806563,0.018477119505405426,-0.006493866443634033,0.0002599241561256349,0.000692556226550239,-0.0001092565472109094,4.431676499378397e-05
741,1625451599.8761554,0.0,-0.041755251586437225,0.0003334549837745726,0.0072950804606080055,-0.00028941345287295667,0.02953775847521132,0.27618300817439767,0.007824474014341831,0.0009629845153540373,-0.0008053402998484671,0.0014205980485555928,0.00025271842118825764,-0.0004241565086591625
742,1625451599.8862135,0.0,-0.04173482209444046,0.000346719054505229,0.0073107099160552025,-0.0002920046539768295,0.029529210254600605,0.2761841101462568,-0.003893435001373291,0.0009629845153540373,-0.0008053402998484671,0.0002529823261686618,-0.0006192897123657236,-2.8534994486114405e-05
743,1625451599.896124,0.0,-0.0417412668466568,0.0003296933718957007,0.007296471856534481,-0.00029331407559232,0.029530837350670455,0.2761825920214288,0.011020267382264137,-0.005428601987659931,-0.008262191899120808,-6.181707332720736e-05,-0.00031595119659453375,-2.643565635465309e-06
744,1625451599.9060104,0.0,-0.04175730422139168,0.0003502787440083921,0.007303017191588879,-0.0002848869216993122,0.029536414877668976,0.2761833949609245,-0.000697641575243324,0.006289307028055191,-0.0029358691535890102,2.6427535730149005e-06,-4.2206662548378115e-05,-3.793890803554947e-05
745,1625451599.9160426,0.0,-0.0417029969394207,0.00029612600337713957,0.007310490123927593,-0.00030010069576255627,0.02952317021287519,0.27618471127109057,0.016346590593457222,-0.006493866443634033,0.008782039396464825,-0.00037218064372661417,-0.0005382433353443367,9.460207783787547e-05
746,1625451599.9263866,0.0,-0.041730813682079315,0.00029782619094476104,0.007303635589778423,-0.0002993783524920454,0.029526935884805358,0.2761834467732752,0.007824474014341831,-0.006493866443634033,-0.007196926977485418,-0.00065766278897943,-0.00047671235349710974,5.9049019390084654e-05
747,1625451599.936146,0.0,-0.041704315692186356,0.00025692026247270405,0.00732735451310873,-0.00031443262867879296,0.029513641341777384,0.2761861579774713,-0.011350286193192005,-0.011820188723504543,-0.0029358691535890102,-0.0007235341660483733,-0.00048020630553660584,7.30363594698271e-05
748,1625451599.9464872,0.0,-0.04172918200492859,0.00023926571884658188,0.007342656143009663,-0.00032599001738276706,0.029525343543564064,0.27618558793800707,-0.003893435001373291,-0.00968965981155634,-0.0008053402998484671,-0.0010548325462379983,-0.00010952259675045943,1.1793549735237589e-05
749,1625451599.9562845,0.0,-0.04166148230433464,0.00019868016534019262,0.0073374854400753975,-0.0003396830963786415,0.029509627985428534,0.27618909298360417,-0.01880713738501072,-0.003298073308542371,0.010912568308413029,-0.0009197601253463175,-0.00033180289662250646,0.00011725756111956115
750,1625451599.9662757,0.0,-0.0417090579867363,0.00019359841826371849,0.007348029874265194,-0.00033562452531166187,0.0295189750268242,0.2761893760646951,-0.012415550649166107,0.006289307028055191,-0.0029358691535890102,-0.0005573282268115136,-0.0004975788716083206,0.00018188618041535575
751,1625451599.9990983,0.0,-0.04169932380318642,0.00012076148414053023,0.007330763153731823,-0.00035226087796199484,0.029519946874304148,0.2761866233814833,0.004628680646419525,0.010550364851951599,0.0023904531262815,-0.0012104171800625281,0.00023156821035312395,-8.49329346813425e-06
752,1625451600.0089662,0.0,-0.041681624948978424,4.5202672481536865e-05,0.0073561156168580055,-0.0003711728339799644,0.029513832703680125,0.2761860516394999,-0.002828170545399189,-0.005428601987659931,0.003455717582255602,-0.002129940293627475,-0.0008528771828003736,9.621382865951875e-05
753,1625451600.0196154,0.0,-0.04170960187911987,6.609741831198335e-06,0.007350330241024494,-0.00039025796840710947,0.02951571566027905,0.2761902357286059,0.002498151734471321,-0.004363337531685829,0.004520982038229704,-0.0017580599780514534,-0.0004314099770139956,8.166887337916586e-05
754,1625451600.028968,0.0,-0.04171738028526306,4.432443529367447e-05,0.007350328378379345,-0.0003711068526543321,0.02952452118103547,0.27618313195902167,-0.003893435001373291,0.007354571484029293,0.0002599241561256349,-0.0002841140176355265,0.0003255194008488685,-0.00019299892466111048
755,1625451600.038731,0.0,-0.041686829179525375,5.113525548949838e-05,0.007362439297139645,-0.00037549124229178943,0.02951513094023398,0.27618332511795995,-0.008154492825269699,0.011615629307925701,0.0013251886703073978,0.0007188178340375882,-0.00020541768559669763,-0.0002554851518168079
756,1625451600.0491745,0.0,-0.04170294106006622,6.185431266203523e-05,0.007379746995866299,-0.000379320110336992,0.029521548907993224,0.27618626520588335,-0.009219757281243801,-0.0022328088525682688,-0.006131662521511316,0.00010855866468354568,-0.0002412940197610942,-2.9977402162438728e-05
757,1625451600.058929,0.0,-0.04168614745140076,0.00010502073564566672,0.007364754565060139,-0.0003609278890900555,0.029514239846160653,0.2761871132920853,-0.001762906089425087,-0.007559130899608135,0.004520982038229704,0.0007218153617171992,-4.535633546097992e-06,4.806846669056612e-05
758,1625451600.0700953,0.0,-0.04168146476149559,0.00013171200407668948,0.007388879545032978,-0.0003481962207770098,0.02951604314185885,0.27618694057554827,-0.002828170545399189,0.009485100395977497,0.0013251886703073978,0.0009323378470131032,-0.0002645314659648934,2.7874761173940804e-05
759,1625451600.0789423,0.0,-0.04165564849972725,0.00012116544530726969,0.007398537360131741,-0.00035724818605011727,0.0295020129340502,0.2761904324487498,-0.015611344017088413,0.009485100395977497,-0.00932745635509491,-0.0002567777105078434,-0.0004048810746569757,8.430199692309558e-05
760,1625451600.0891924,0.0,-0.04168093577027321,0.00013850032701157033,0.007385500706732273,-0.0003493430545805365,0.029515791689939147,0.27618604967310423,0.01208553183823824,-0.00968965981155634,-0.008262191899120808,-1.2979971374188057e-05,0.0003156524551280749,-0.00010763569454152001
761,1625451600.1195192,0.0,-0.04164300486445427,0.000123899633763358,0.007352395914494991,-0.000354950662734943,0.02950438224043514,0.2761861880784359,-0.000697641575243324,-0.006493866443634033,-0.004001133609563112,0.00017699543078202013,0.0008852019293223388,-0.00034038107441109117
762,1625451600.1295326,0.0,-0.041590020060539246,0.00010600924724712968,0.0073829228058457375,-0.0003580517886182036,0.02949037729738152,0.27618721059520834,0.005693945102393627,0.0020282489713281393,0.0023904531262815,-0.0005339546723798518,-0.00033989111381625925,-0.00015659797540068846
763,1625451600.1393647,0.0,-0.041622474789619446,7.249446935020387e-05,0.007349860854446888,-0.0003660817894933499,0.02949764314667258,0.2761895590230451,0.011020267382264137,-0.005428601987659931,-0.011457985267043114,-0.0005289565778630963,-0.0001631124663807442,0.00015357633692947235
764,1625451600.149379,0.0,-0.041650209575891495,8.017008076421916e-05,0.0073256948962807655,-0.0003632109217635848,0.029505967859490674,0.2761845527114107,0.006759209558367729,-0.0011675443965941668,-0.004001133609563112,-0.00010922557650774989,0.0007758233701409861,-0.00010695537312890511
765,1625451600.1593118,0.0,-0.04165801405906677,0.0001182082633022219,0.007353638298809528,-0.00035376026367977403,0.029509327644575124,0.27618295896533984,-0.019872400909662247,0.009485100395977497,-0.0018706046976149082,0.0005225193681609366,0.00022528618832127752,-0.00022444988728310616
766,1625451600.169927,0.0,-0.04162800684571266,7.39883107598871e-05,0.0073251137509942055,-0.0003647543572306844,0.029496036231429143,0.2761872735885765,0.007824474014341831,0.0009629845153540373,0.0023904531262815,-4.1451039920873675e-05,-0.00039401688330049505,0.00022534579916323128
767,1625451600.179327,0.0,-0.0416659340262413,4.576655919663608e-05,0.0073600029572844505,-0.0003741652485495031,0.02950848850410888,0.27618460792245947,-0.006023963913321495,-0.00010227994062006474,-0.0018706046976149082,-0.0008218256438532943,3.5041286473651935e-05,0.0002008412810700516
768,1625451600.189482,0.0,-0.04166794195771217,2.327293623238802e-05,0.00735501479357481,-0.0003828541787583642,0.029505226606262397,0.2761898197899406,0.000367622880730778,-0.008624395355582237,-0.0029358691535890102,-0.0006372712480812067,0.000488344311067821,0.00011204055326811468
769,1625451600.1994722,0.0,-0.04170234873890877,1.2635573511943221e-05,0.007331474684178829,-0.0003792904854013554,0.02952248095560523,0.27618493786811393,0.000367622880730778,-0.010754924267530441,0.005586246494203806,-5.951706004715753e-05,0.0007365814517385379,4.848539426808439e-05
770,1625451600.209573,0.0,-0.04167693853378296,-1.1582596926018596e-05,0.0073064593598246574,-0.00039092046855754986,0.029510589780892584,0.27618758639163676,0.001432887278497219,0.0009629845153540373,-0.004001133609563112,-0.000659997566028508,0.00030165142838264766,-7.950030777784125e-05
771,1625451600.2399364,0.0,-0.0417013093829155,-6.174383452162147e-05,0.0073045482859015465,-0.000407568846777083,0.029517196260541084,0.2761890622439967,-0.002828170545399189,-0.004363337531685829,0.0013251886703073978,-0.002109536404984431,-0.0004167046978960796,0.00015564384763981133
772,1625451600.2494433,0.0,-0.04169894754886627,-2.6534689823165536e-05,0.007292100228369236,-0.00039147055328263985,0.029521514478436935,0.27618626128833956,-0.000697641575243324,0.0009629845153540373,0.0023904531262815,-0.0006188463388573361,0.00023891681987894378,-7.988722083880693e-05
773,1625451600.259587,0.0,-0.041696947067976,-7.252121577039361e-06,0.007278227247297764,-0.00038870049000789414,0.02952092389981316,0.27618493619151,0.018477119505405426,0.01694195158779621,-0.005066398065537214,0.0005316545882546769,0.0005847143710070958,-0.0001995100634386531
774,1625451600.2697432,0.0,-0.041740648448467255,-2.1855637896806e-05,0.0072581572458148,-0.0003860851382234756,0.029532089721771848,0.2761848629990592,0.004628680646419525,-0.005428601987659931,-0.0018706046976149082,0.0001406454860056012,0.0006616794024449479,-0.00021192166151616032
775,1625451600.2795713,0.0,-0.04171617701649666,2.1935964468866587e-05,0.007243969477713108,-0.00037625648510146437,0.029525353508631905,0.2761845392808999,0.009955002926290035,-0.013950717635452747,0.0013251886703073978,0.0006855716560480816,0.00010791457952407148,3.3323587051184194e-05
776,1625451600.2894347,0.0,-0.04177890717983246,-2.9804068617522717e-06,0.00723582599312067,-0.0003858095483690316,0.029542622623265832,0.27618338046580126,0.001432887278497219,0.004158778116106987,0.0023904531262815,-0.00029224181448105085,0.0004405907612655053,-3.631755685422283e-05
777,1625451600.2999566,0.0,-0.04173743352293968,-2.4574168492108583e-05,0.007225277833640575,-0.000391520303010158,0.029530261155288395,0.2761862003548575,0.009955002926290035,-0.006493866443634033,-0.004001133609563112,-0.0007482544402693233,0.0004264984776450939,-5.69260533731959e-05
778,1625451600.3096564,0.0,-0.04178057238459587,2.3500208044424653e-05,0.007229815237224102,-0.0003842178680925623,0.0295422250232946,0.27618452490254836,0.002498151734471321,0.006289307028055191,-0.0029358691535890102,-3.0778981348396495e-05,0.00016470383028904302,6.638717283962511e-06
779,1625451600.3195484,0.0,-0.04177312180399895,-3.6571495002135634e-05,0.0071980906650424,-0.0003937238067350385,0.029541956910958497,0.2761821844308308,-0.01880713738501072,-0.0011675443965941668,-0.0018706046976149082,-0.0003153009985885502,0.0002709278785988257,-0.0001257537881700263
780,1625451600.3295765,0.0,-0.04180048778653145,-4.4551852624863386e-05,0.007202670909464359,-0.000402010293936203,0.029545559706277813,0.27618520538290037,-0.004958699457347393,0.008419835940003395,0.0023904531262815,-0.0007971685678198746,6.49422582572177e-05,4.311202275893263e-05
781,1625451600.360928,0.0,-0.04183289781212807,-5.059179966337979e-05,0.007178612984716892,-0.00039690782082651976,0.02955535673452233,0.2761801361554095,-0.000697641575243324,0.0009629845153540373,0.0023904531262815,-0.0009024840839193396,0.0009117931099032029,0.00012364801081719487
782,1625451600.3711066,0.0,-0.0418059304356575,-1.4875316992402077e-05,0.007165045477449894,-0.0003864683239390848,0.02955014303348151,0.27618233403835646,-0.002828170545399189,0.0009629845153540373,0.003455717582255602,-3.6239635250653746e-05,0.00018770824770050342,3.217992774065548e-05
783,1625451600.3805714,0.0,-0.041835181415081024,4.342143074609339e-05,0.0071527669206261635,-0.0003670934055347158,0.029555539328267398,0.2761828794782917,-0.001762906089425087,-0.00010227994062006474,-0.0018706046976149082,0.001206448462399053,-0.00022741453180939858,9.388093788832557e-05
784,1625451600.3910284,0.0,-0.041762858629226685,9.778595995157957e-07,0.007127762772142887,-0.00038108049925864723,0.029539256703720526,0.2761863354888686,-0.007089228369295597,0.005224042572081089,-0.007196926977485418,0.00018843993866069227,-0.00048140395436218405,0.00010970434146102411
785,1625451600.4007766,0.0,-0.041781943291425705,-4.027262912131846e-05,0.007120025344192982,-0.00038604487772256335,0.029541480247792296,0.27618234646883877,0.01208553183823824,-0.00968965981155634,0.0023904531262815,-0.0006708518142695234,-0.0003390975259361087,-8.474272713639903e-05
786,1625451600.410869,0.0,-0.04173245280981064,5.5105192586779594e-06,0.0071364035829901695,-0.00038264316781234237,0.029529826102329043,0.2761837157420784,0.01528132427483797,-0.004363337531685829,0.003455717582255602,-8.227413701626848e-05,-0.00017468819443500457,-0.00014546122686841313
787,1625451600.4208183,0.0,-0.0417584627866745,6.821003626100719e-05,0.00712254922837019,-0.00035896160213620687,0.02953729461058896,0.27618542602626084,0.013150796294212341,0.005224042572081089,-0.0008053402998484671,0.0009379700118893523,-9.122829339245073e-05,0.00010730800008318111
788,1625451600.4309187,0.0,-0.041761547327041626,6.747027509845793e-05,0.007127395831048489,-0.0003591448928346591,0.029534151442272207,0.27618684762314244,-0.001762906089425087,-0.003298073308542371,-0.0018706046976149082,0.0013468576718105398,-4.3464876257276614e-05,9.497821593406066e-05
789,1625451600.4406097,0.0,-0.04175795242190361,0.00010637802188284695,0.007110086269676685,-0.0003539436275753968,0.029536131472098014,0.2761865596417777,0.002498151734471321,-0.004363337531685829,0.005586246494203806,0.00025935968474102226,-0.00017802796148301534,0.00015153221336721977
790,1625451600.450547,0.0,-0.04178710654377937,9.881609003059566e-05,0.007122592069208622,-0.000359524383869346,0.02954134507482377,0.2761870815533575,-0.002828170545399189,-0.004363337531685829,0.003455717582255602,0.0002331307517504713,0.00022948930423890898,0.00011553012872337755
791,1625451600.482126,0.0,-0.04175097122788429,0.00014291040133684874,0.007131149061024189,-0.0003417292394291144,0.02953508995053196,0.2761842426001307,-0.004958699457347393,-0.0011675443965941668,0.0013251886703073978,0.0007097119958509889,-0.00035141143239862405,-7.752947541642382e-05
792,1625451600.4922302,0.0,-0.04174613580107689,0.0001563532860018313,0.007151705212891102,-0.00033871905250541096,0.02952923649540007,0.27618781809932325,-0.008154492825269699,0.015876686200499535,0.0013251886703073978,0.000316243809240854,-0.0009430672959055659,9.009748820208483e-05
793,1625451600.5032816,0.0,-0.04174764081835747,0.00018488219939172268,0.007144543342292309,-0.00033041734975738923,0.029533495055511824,0.2761880575624425,-0.000697641575243324,-0.003298073308542371,-0.0018706046976149082,0.0002486669020048132,-0.0001708038656579667,0.00015726407554595944
794,1625451600.5122085,0.0,-0.04173051193356514,0.00017063907580450177,0.00712402630597353,-0.00033660047415620675,0.029532575792502923,0.27618582215131127,-0.001762906089425087,0.0009629845153540373,0.0023904531262815,-0.00013916564949378532,2.117913895508428e-05,-0.000112288915789476
795,1625451600.5221603,0.0,-0.041709672659635544,0.00011914156493730843,0.007122107781469822,-0.000350559899195399,0.029517064862577325,0.27618929950168936,-0.006023963913321495,-0.006493866443634033,0.006651510950177908,-0.0012265344368202252,-0.000696385485838438,-1.9540741835319765e-05
796,1625451600.532008,0.0,-0.04171448573470116,9.18866426218301e-05,0.007095550186932087,-0.00035727051593325426,0.029525009401827368,0.2761867884273806,-0.000697641575243324,-0.003298073308542371,-0.0029358691535890102,-0.0007209414729194136,-0.0003073324001480126,0.00010666417101991505
797,1625451600.5420678,0.0,-0.041762642562389374,0.00010970621951855719,0.007078728638589382,-0.00035753787788787156,0.029541164136276568,0.27618440669809774,-0.007089228369295597,0.006289307028055191,-0.00932745635509491,-0.00046719978660427625,0.0008805453366909508,-0.00014716477827772469
798,1625451600.5524704,0.0,-0.04171919450163841,8.577131666243076e-05,0.007072276435792446,-0.000355017582195645,0.029525535172676705,0.2761870735320549,-0.003893435001373291,0.008419835940003395,-0.0018706046976149082,-0.0004253964866498925,-3.159209393558779e-05,-3.174507533615139e-05
799,1625451600.5622098,0.0,-0.04169135540723801,5.249431706033647e-05,0.007066358812153339,-0.00036713008806940617,0.02951870357176984,0.2761876268013483,0.01528132427483797,-0.0011675443965941668,-0.007196926977485418,-0.0005603345966288011,-0.0009755046787354334,6.100493487961225e-05
800,1625451600.572027,0.0,-0.04166923835873604,5.558916018344462e-05,0.007078238762915134,-0.0003605671910796443,0.02950568874239131,0.2761884878742116,0.01528132427483797,-0.011820188723504543,-0.0008053402998484671,-0.0001307389104221874,-0.0007634968773380587,5.400334818045071e-06
801,1625451600.6034563,0.0,-0.0417056605219841,8.251855615526438e-05,0.00704254861921072,-0.0003577958793694602,0.029518948657531976,0.27618902484337404,-0.015611344017088413,-0.013950717635452747,0.0013251886703073978,0.0013165608983269858,-0.000830749577786829,8.993789656112623e-05
802,1625451600.613434,0.0,-0.04171073064208031,9.030065848492086e-05,0.007024127058684826,-0.00035209176673054593,0.029524969979816268,0.27618438538149576,-0.006023963913321495,0.008419835940003395,0.006651510950177908,0.0005103279460821247,6.618757991348616e-06,-9.979684663579018e-05
803,1625451600.623368,0.0,-0.041696835309267044,7.340361480601132e-05,0.007012072019279003,-0.00035938992105643414,0.029518495063571355,0.2761926449199609,-0.001762906089425087,0.007354571484029293,0.0002599241561256349,-0.00039365832334770616,-3.595780674291183e-05,0.00018743750938934872
804,1625451600.633382,0.0,-0.04170458763837814,0.00016277903341688216,0.007012876681983471,-0.000337303274587461,0.02951676397045342,0.2761891577028897,0.01208553183823824,0.013746158219873905,0.0002599241561256349,0.0007090464826283291,-0.00014798471250309581,0.00033705209996183055
805,1625451600.6435256,0.0,-0.04170270264148712,0.00014476626529358327,0.007022802717983723,-0.00034266432066083763,0.029519097239697104,0.27618647141495006,0.007824474014341831,-0.005428601987659931,0.0013251886703073978,0.0008501600029776715,4.813213936580939e-05,-0.0001513717746348954
806,1625451600.6537504,0.0,-0.0416889414191246,0.000125836580991745,0.007014836184680462,-0.0003447124926940631,0.029518074939965583,0.27618783375664413,0.002498151734471321,-0.01288545224815607,0.005586246494203806,-0.00037297374534068367,2.7201529950355242e-05,-9.796663913398696e-05
807,1625451600.6633632,0.0,-0.04166754335165024,0.0001634758955333382,0.007007633335888386,-0.00033399087352058154,0.029512138914437623,0.27618618409182094,0.014216060750186443,-0.00968965981155634,0.003455717582255602,0.00029413104824216937,-0.0001274215699365496,-3.4850538257427975e-05
808,1625451600.673807,0.0,-0.04161028191447258,0.00015968846855685115,0.007008532993495464,-0.0003350197659002935,0.029495656018374297,0.27619229025912373,0.008889738470315933,-0.0022328088525682688,-0.0008053402998484671,0.0003473273381630404,-0.0009443023680456852,0.00021266601825802912
809,1625451600.683211,0.0,-0.04160977527499199,0.00018553974223323166,0.007013346068561077,-0.00033677641206644737,0.0294896723365402,0.27619414127226183,0.000367622880730778,-0.003298073308542371,0.0002599241561256349,0.00028996676345082763,-0.0010033371257413594,0.00030151230618540487
810,1625451600.6936812,0.0,-0.04161196947097778,0.00022687485034111887,0.007008722983300686,-0.0003164362941759369,0.02949715529492858,0.2761908257542951,-0.01880713738501072,0.014811422675848007,0.006651510950177908,0.0005918114119623114,-0.0003559014303719185,-5.280606791537087e-05
811,1625451600.727687,0.0,-0.04164459556341171,0.00026192000950686634,0.007077074609696865,-0.0003064126249957,0.02950620263903645,0.27619058071348546,-0.001762906089425087,-0.01821177639067173,0.00771677540615201,0.001813255903664573,0.0004719960687693139,-1.4893156763470536e-05
812,1625451600.7377422,0.0,-0.04162183403968811,0.00026021426310762763,0.007053532637655735,-0.0003061316738817918,0.029499091329520416,0.27619313389146105,-0.000697641575243324,-0.0011675443965941668,-0.005066398065537214,0.0008467977285386308,7.447334477610448e-05,0.00023911043269826283
813,1625451600.747852,0.0,-0.04163050651550293,0.0002197906724177301,0.007033008150756359,-0.0003165109656169951,0.029505069188168337,0.2761884227943817,-0.006023963913321495,0.0020282489713281393,0.004520982038229704,-0.0008636458184716726,-0.0002797674491603602,5.0679132016312704e-05
814,1625451600.7575557,0.0,-0.041604217141866684,0.0002368513960391283,0.0070489393547177315,-0.0003151772554545601,0.029488123022050512,0.2761932732284949,0.001432887278497219,-0.003298073308542371,0.0013251886703073978,-0.00047263641029961044,-5.9813785076061755e-05,-1.6880677386251547e-05
815,1625451600.768152,0.0,-0.04162310063838959,0.0002427447325317189,0.007051614113152027,-0.0003136655848569869,0.029497248587028832,0.27619085250812,0.003563416190445423,-0.008624395355582237,0.0023904531262815,8.600873345622934e-05,-5.6180308259116625e-05,0.00010082320259923431
816,1625451600.778145,0.0,-0.04161892086267471,0.00023359034094028175,0.007078441791236401,-0.00031747956799876853,0.029499912647152522,0.2761926233146597,-0.009219757281243801,-0.00968965981155634,0.004520982038229704,6.347163933526721e-05,0.0001784568376920924,-5.3966010886047073e-05
817,1625451600.7878513,0.0,-0.04159502312541008,0.00025384535547345877,0.0071027884259819984,-0.00030964640382914743,0.029492310622181647,0.27619022171218105,0.002498151734471321,0.0020282489713281393,-0.011457985267043114,7.591544994690056e-05,-0.00041953646387320144,-2.0929998914898644e-06
818,1625451600.7983105,0.0,-0.04158458113670349,0.00021797241060994565,0.007103710435330868,-0.0003195546261483481,0.029487512425360102,0.27619325869253597,0.006759209558367729,0.004158778116106987,0.005586246494203806,-0.00028967562856544804,-0.00040370478101584234,-1.3086311347513512e-05
819,1625451600.8076205,0.0,-0.041569825261831284,0.00023804673401173204,0.007116124965250492,-0.0003203954457454902,0.029485506135576642,0.27619349923653785,0.014216060750186443,-0.003298073308542371,-0.0029358691535890102,-0.0005233133392165925,-0.00020508493969881097,4.358731559797393e-05
820,1625451600.8177247,0.0,-0.041575510054826736,0.00021971164096612483,0.007114064879715443,-0.0003254184393195539,0.02948989161745194,0.27619278784233237,0.002498151734471321,-0.007559130899608135,0.0002599241561256349,-1.0850723765010743e-05,0.00011851732621691667,-5.355384260015144e-05
821,1625451600.850323,0.0,-0.041647735983133316,0.00016143685206770897,0.007116145454347134,-0.00033858148116039377,0.029502019871880968,0.2761927041046158,0.013150796294212341,-0.0022328088525682688,0.003455717582255602,-0.000726831839635987,0.0010178148409571933,-0.00029644001828824974
822,1625451600.8602316,0.0,-0.041635870933532715,0.0001306047197431326,0.007120811380445957,-0.00034449760551115427,0.02950257699688845,0.2761900983317319,0.0174118559807539,-0.003298073308542371,-0.005066398065537214,-0.000878643160778984,0.0008742790169573568,-0.0002681352467997129
823,1625451600.87152,0.0,-0.04166516661643982,0.00011267722584307194,0.0071014100685715675,-0.00035468030943809625,0.029512353909265293,0.276186307292026,0.014216060750186443,-0.005428601987659931,0.004520982038229704,-0.0006792813716358917,0.0003375939685907594,-0.00011543851790370414
824,1625451600.8797646,0.0,-0.04165177047252655,9.574866271577775e-05,0.007095177657902241,-0.0003531876720429261,0.02950390351712106,0.27619205723043877,0.004628680646419525,-0.005428601987659931,-0.007196926977485418,-0.0005089607405325177,-5.346745808597114e-05,0.00015640137160273588
825,1625451600.890217,0.0,-0.04165923595428467,7.788505172356963e-05,0.007105627097189426,-0.0003642465786908855,0.02950899453082699,0.27619161008896176,-0.004958699457347393,-0.004363337531685829,-0.004001133609563112,-0.00037664202508783714,-0.0004389928227173863,0.0001998828503286454
826,1625451600.89995,0.0,-0.04164277762174606,6.306866998784244e-05,0.007117691449820995,-0.0003568719311792326,0.029506404205325742,0.27618948044378094,-0.01348081510514021,0.0009629845153540373,0.006651510950177908,-0.0005223084458160051,-0.00033063924998856764,-2.721484442553629e-07
827,1625451600.910052,0.0,-0.041624657809734344,8.42658628243953e-05,0.007130599580705166,-0.00036328903983551264,0.02949735636358864,0.2761919516168799,0.002498151734471321,-0.006493866443634033,-0.004001133609563112,8.15320426315619e-05,-0.00047455029894073324,4.991175797158598e-05
828,1625451600.9201458,0.0,-0.04162929952144623,0.00011871487367898226,0.007109600119292736,-0.0003560042646602729,0.0294967974684818,0.27619319932710323,-0.004958699457347393,-0.006493866443634033,0.00771677540615201,0.0004008359177943848,-0.0002964853382293102,0.00010351646221168688
829,1625451600.9298677,0.0,-0.041573505848646164,0.00013964640675112605,0.007111559621989727,-0.00034439866972429956,0.02949000474328929,0.2761903190603496,-0.006023963913321495,-0.003298073308542371,-0.006131662521511316,0.0008236268350521117,-0.0003275704379016978,-5.245124629379442e-05
830,1625451600.9398587,0.0,-0.041568152606487274,0.0001528776774648577,0.007128742523491383,-0.00034437194891589334,0.029484031692521846,0.2761949855886596,-0.000697641575243324,-0.00010227994062006474,-0.0008053402998484671,0.0005716129808748919,-0.0004797802683339909,-1.6941127281548785e-05
831,1625451600.9732065,0.0,-0.04155191779136658,0.00016009609680622816,0.007118404842913151,-0.0003360570000513277,0.0294763704721316,0.2761936561757246,0.01208553183823824,0.0030935134273022413,-0.0008053402998484671,0.0003973854047796292,-0.0002463168646856576,8.785958364963902e-05
832,1625451600.9833608,0.0,-0.04152921587228775,0.00016907951794564724,0.007149861194193363,-0.0003403971449543533,0.029471240423045213,0.27619768484907536,0.026999235153198242,-0.006493866443634033,0.0023904531262815,0.0003689357131268061,-5.582069474084691e-05,-4.780390509069991e-05
833,1625451600.9933562,0.0,-0.04151702672243118,0.00022907629318069667,0.007132026366889477,-0.00032319623974976647,0.029473755207622174,0.2761951338108271,0.002498151734471321,-0.003298073308542371,-0.0008053402998484671,0.0008420587662028422,-6.0520990117513846e-05,6.617532450966119e-05
834,1625451601.003236,0.0,-0.04152520000934601,0.00020639073045458645,0.007138778455555439,-0.0003240759903135951,0.029470063782009392,0.2761932595531276,0.009955002926290035,0.004158778116106987,0.005586246494203806,0.0007405755462924188,-3.0967024254664334e-05,-0.00013529638006177724
835,1625451601.0135293,0.0,-0.04157501831650734,0.00019306066678836942,0.00715355109423399,-0.0003340878897583055,0.029485935843168755,0.2761948349614438,-0.004958699457347393,-0.019277041777968407,0.003455717582255602,-0.0001785217888197588,0.0003454716140345963,-4.018217815609099e-05
836,1625451601.0233517,0.0,-0.04155344143509865,0.00018537559662945569,0.0071412669494748116,-0.0003242951228235383,0.029482802065619443,0.27619280522796663,-0.01348081510514021,0.007354571484029293,-0.012523249723017216,-0.00032672301539287047,0.0003115616924919362,1.1046071160903808e-05
837,1625451601.0334246,0.0,-0.041532039642333984,0.00012836791574954987,0.007123184390366077,-0.00034502469667798547,0.029476745431331823,0.27619355097003595,-0.019872400909662247,0.027594594284892082,0.0023904531262815,-0.0009328957001608757,-0.00038481430429667237,-0.00017877915394082325
838,1625451601.0432265,0.0,-0.04154091700911522,0.00011802036897279322,0.007140223868191242,-0.0003513388235328596,0.029478263837785484,0.2761958065394063,0.000367622880730778,-0.004363337531685829,-0.0018706046976149082,-0.0009859738214072847,5.951405911401358e-06,2.7126800032678608e-05
839,1625451601.0536454,0.0,-0.04153931140899658,8.166668703779578e-05,0.007166092284023762,-0.000362402610727737,0.029475817637370866,0.2761949602475335,0.013150796294212341,-0.006493866443634033,0.008782039396464825,-0.0003738870421937232,0.00033391968066058753,1.66419036750086e-05
840,1625451601.063303,0.0,-0.041549257934093475,6.601065979339182e-05,0.007127284072339535,-0.0003652008619102337,0.029476468367676395,0.2761936066832963,0.004628680646419525,-0.008624395355582237,0.0002599241561256349,-0.0005625977516582794,-0.0004419239326982235,2.635252431721768e-05
841,1625451601.0982783,0.0,-0.04157192260026932,-3.574235597625375e-05,0.007093983702361584,-0.00038942457876110087,0.02948261270729642,0.2761938414120053,-0.008154492825269699,0.004158778116106987,0.0023904531262815,-0.001258201065234034,6.937103390693121e-05,4.030583520021987e-05
842,1625451601.1079352,0.0,-0.04154038801789284,-8.252129191532731e-06,0.007123115472495556,-0.0003942787633282388,0.029473015749747374,0.2761963702417561,-0.010285021737217903,0.005224042572081089,0.0013251886703073978,-0.0013827428555471285,0.00027167745860076805,5.808192086272447e-05
843,1625451601.1180487,0.0,-0.04154558479785919,-8.122401777654886e-05,0.007113180123269558,-0.0004141550009555059,0.029470477062828043,0.27620029868470725,-0.008154492825269699,0.0020282489713281393,-0.005066398065537214,-0.0012888954073396832,-0.0005504851335695366,0.0002620255379003858
844,1625451601.1281302,0.0,-0.04153463989496231,-6.281057721935213e-05,0.0071295639500021935,-0.0004037134479899021,0.02947219893734373,0.27619516402951727,0.013150796294212341,-0.020342305302619934,0.00771677540615201,-7.239397979463389e-05,-2.2882911484541922e-05,-6.946480616141576e-05
845,1625451601.1379795,0.0,-0.04151972383260727,-8.185888873413205e-05,0.007120872847735882,-0.00040284060373288466,0.029470050762130884,0.2761944117158566,0.008889738470315933,-0.006493866443634033,0.0013251886703073978,0.0003788730221604383,-0.00010037385308308206,-0.00026762514689432837
846,1625451601.1481931,0.0,-0.041573911905288696,-0.000107973552076146,0.007117887027561665,-0.00041560634737690394,0.029482874602007582,0.2761914868438746,0.006759209558367729,0.005224042572081089,0.004520982038229704,-0.000924658641426351,0.00019662903356006475,-1.0709129481680532e-05
847,1625451601.1580775,0.0,-0.04154106229543686,-0.00010184763232246041,0.007123093120753765,-0.0004173533873631924,0.029472930204941947,0.27619731823886384,-0.001762906089425087,-0.011820188723504543,0.004520982038229704,-0.0004116161360640596,0.00025489688765504176,0.00018692858112664433
848,1625451601.1684546,0.0,-0.04154438152909279,-0.000130238855490461,0.007130776531994343,-0.00041981714977439716,0.02947508436810705,0.27619980833330127,0.003563416190445423,0.0020282489713281393,0.004520982038229704,-0.00042543492697671927,-0.00023297807842141216,0.00025666108927593147
849,1625451601.1781652,0.0,-0.04148481413722038,-0.00018679231288842857,0.007121548987925053,-0.0004407236890429725,0.02946217240438534,0.27620005027156125,-0.002828170545399189,0.0020282489713281393,-0.006131662521511316,-0.0011876219741041342,-0.0004359839405079782,6.608234372134258e-05
850,1625451601.188274,0.0,-0.04151948168873787,-0.00016833466361276805,0.007117816247045994,-0.00043218998820918064,0.029470800072909344,0.276195168898832,0.007824474014341831,0.0009629845153540373,-0.0018706046976149082,-0.0004908861493140631,-9.16187270244693e-06,-9.072596541304818e-05
851,1625451601.222444,0.0,-0.04153606668114662,-0.0002569101343397051,0.00714902114123106,-0.0004640079816561754,0.029473416400556854,0.2761998056713387,0.013150796294212341,-0.006493866443634033,-0.0018706046976149082,-0.0010075212704648375,0.0005132000043904104,-0.00014245451937387884
852,1625451601.2326121,0.0,-0.04151732847094536,-0.000276252074399963,0.007133840583264828,-0.00045974578814442224,0.029470055729729203,0.276196477385675,0.01208553183823824,-0.007559130899608135,-0.0018706046976149082,-0.0011852491304750537,-9.519907254551714e-05,-4.459282122843516e-05
853,1625451601.242644,0.0,-0.04153841733932495,-0.00027228164253756404,0.007121960632503033,-0.00047029891518895334,0.029474914616839494,0.27619934502381405,0.002498151734471321,0.01800721511244774,-0.004001133609563112,-0.0004220941450608736,0.00014355052723506726,-4.965168206544318e-05
854,1625451601.2525773,0.0,-0.041563909500837326,-0.00025430688401684165,0.0071072811260819435,-0.0004646537680756402,0.029480745062518576,0.2761935460589867,-0.001762906089425087,0.004158778116106987,0.0002599241561256349,-0.00019895187612936342,0.0005427975217210784,-0.00010065936736148173
855,1625451601.262423,0.0,-0.0415722131729126,-0.00025641260435804725,0.007069149054586887,-0.0004611047235308016,0.029481287635203413,0.2761971534327389,0.005693945102393627,-0.004363337531685829,-0.010392720811069012,0.0006128460523901961,0.00036058690669706496,-0.0001338672487103013
856,1625451601.2725072,0.0,-0.04156996309757233,-0.00026362499920651317,0.007076575420796871,-0.0004631737475027098,0.02948061596656973,0.27619501520213163,-0.003893435001373291,0.0009629845153540373,0.005586246494203806,3.6499635670651876e-05,-1.2405639663518172e-05,9.228444806023506e-05
857,1625451601.2829442,0.0,-0.041561949998140335,-0.00023766318918205798,0.00706042256206274,-0.00045260301533751185,0.029479409460381023,0.2761950896438048,-0.003893435001373291,-0.00010227994062006474,0.006651510950177908,0.0003753460418622212,-1.6229473917507844e-05,-7.291707439430099e-05
858,1625451601.2925682,0.0,-0.041622094810009,-0.0001801725011318922,0.00706977304071188,-0.00043704272309894043,0.029495247765319497,0.27619201661559356,-0.009219757281243801,0.008419835940003395,-0.0008053402998484671,0.0012676056353496173,0.0007083205545172703,-0.0001790441368558832
859,1625451601.3027534,0.0,-0.041591253131628036,-0.00015602269559167325,0.007061273790895939,-0.000424366919743048,0.029489660639386725,0.27619268969747124,-0.003893435001373291,0.012680893763899803,-0.006131662521511316,0.0012781076392519794,0.0005319317321162345,-0.0001498983643805626
860,1625451601.3123944,0.0,-0.04158912971615791,-0.00017123098950833082,0.0070768846198916435,-0.00043192576831922735,0.02948622915765404,0.27619453586424014,0.009955002926290035,-0.00010227994062006474,-0.004001133609563112,0.00018587828159311983,-6.0445237207412595e-05,5.1443505077319997e-05
861,1625451601.3444147,0.0,-0.041468437761068344,-0.00018023097072727978,0.0070753032341599464,-0.0004342289170226332,0.029456908514860512,0.27619973756704874,-0.001762906089425087,-0.0022328088525682688,0.006651510950177908,-0.0009401489473737474,-0.0014771445021948457,0.00020044719602867056
862,1625451601.3544364,0.0,-0.04147658124566078,-0.00018942507449537516,0.0070463186129927635,-0.00043859803561493993,0.02945902025802989,0.2761981325429768,0.001432887278497219,-0.013950717635452747,0.004520982038229704,-0.00040729558177584864,-0.001525142143592625,0.00018910702024795491
863,1625451601.3654423,0.0,-0.04151438921689987,-0.00017937456141225994,0.007042263634502888,-0.00044156467240986236,0.029468408647769367,0.2761978191681236,-0.01348081510514021,-0.00010227994062006474,-0.0029358691535890102,-0.00035024687173025744,0.0003960708668728653,0.00020910415281116948
864,1625451601.37455,0.0,-0.04150944575667381,-0.0001970448938664049,0.007041634060442448,-0.0004376466054880554,0.029466889124218673,0.276196942997634,-0.007089228369295597,0.0020282489713281393,0.006651510950177908,-0.00018728163660730463,0.00033680130716115243,0.00015739389038827822
865,1625451601.3846014,0.0,-0.04148427024483681,-0.00017201851005665958,0.007041412405669689,-0.0004365894463016773,0.029460177500161472,0.2762002291803702,-0.007089228369295597,-0.005428601987659931,0.0023904531262815,0.00037813481355942346,-0.0003769674168055169,0.0001317125416002519
866,1625451601.3944802,0.0,-0.04147632420063019,-0.00019902799976989627,0.007066092453896999,-0.00043621418609809254,0.02945793456269668,0.2761995098249316,0.001432887278497219,0.008419835940003395,0.005586246494203806,-0.00013089391715420117,-0.00036796535978319005,1.4986262792974957e-05
867,1625451601.4046087,0.0,-0.041434962302446365,-0.00016992189921438694,0.007059820927679539,-0.0004366357615772712,0.029449401992190233,0.2762016068752632,-0.004958699457347393,0.010550364851951599,0.0013251886703073978,-0.00042132661631615677,-0.0005316556930185229,7.780154414747978e-05
868,1625451601.414675,0.0,-0.041458308696746826,-0.00015264312969520688,0.0070425039157271385,-0.00043109826157011755,0.029453238817206517,0.27620148755683327,0.008889738470315933,-0.00968965981155634,-0.0029358691535890102,0.0004800873909526217,-7.254886665142468e-05,9.924820479297804e-05
869,1625451601.424735,0.0,-0.04144677519798279,-9.206857066601515e-05,0.007057557813823223,-0.000417906103583221,0.029449997175981547,0.27620288311132046,-0.000697641575243324,0.005224042572081089,0.0023904531262815,0.0009165377433772811,2.9702662849642024e-05,7.145729060398191e-05
870,1625451601.4344282,0.0,-0.04144351929426193,-6.615518941543996e-05,0.0070887478068470955,-0.00041196234458446696,0.029448226243181413,0.2762044321156881,0.005693945102393627,0.004158778116106987,0.0023904531262815,0.0007616119824947338,-0.00037570800900449673,0.00010074384150220465
871,1625451601.46785,0.0,-0.041385553777217865,-4.714934038929641e-05,0.0071182334795594215,-0.00040200332442662245,0.02943227873461484,0.27620668593081266,-0.008154492825269699,-0.0022328088525682688,0.006651510950177908,0.0005997080418219732,-0.0007720605652404696,0.0002925228695389027
872,1625451601.4774473,0.0,-0.04132390767335892,-2.074855729006231e-05,0.007096347399055958,-0.00039642894657667543,0.02941525096083704,0.27620789627301695,-0.004958699457347393,0.006289307028055191,-0.00932745635509491,0.00017070989335738317,-0.0012209354556955568,0.00032788279351546654
873,1625451601.4883506,0.0,-0.04134615510702133,-7.014957373030484e-05,0.007092620246112347,-0.0004041711279690885,0.02942332491281195,0.27620404102197194,0.005693945102393627,-0.003298073308542371,-0.004001133609563112,-6.416238454343819e-05,-0.00027498617253464343,-9.81250210929562e-05
874,1625451601.497532,0.0,-0.04135863482952118,-4.684808664023876e-05,0.007073047570884228,-0.000405819040716654,0.029429575071350828,0.2762044064693385,0.005693945102393627,0.0020282489713281393,0.0023904531262815,-0.00016087699111126056,0.0005317431189663233,-5.765350493859441e-05
875,1625451601.5076885,0.0,-0.04135644808411598,2.5126966647803783e-05,0.00708677526563406,-0.0003892686784099514,0.029423183790811,0.2762040254352531,0.002498151734471321,-0.004363337531685829,0.00771677540615201,0.0007048773850555319,-0.0001800393737482009,5.101775679787435e-05
876,1625451601.5182402,0.0,-0.04135345295071602,1.7143902368843555e-05,0.007065403275191784,-0.0003819705571275825,0.029422529319099562,0.276205645204485,-0.006023963913321495,0.0030935134273022413,0.0002599241561256349,0.0010242777880336983,-0.000536489182805046,4.9612618101516305e-05
877,1625451601.5275133,0.0,-0.0413275808095932,-7.685855962336063e-06,0.007062849588692188,-0.000388879166735627,0.029420130640698677,0.27620699273302124,-0.001762906089425087,-0.0011675443965941668,-0.0029358691535890102,-0.0001541119343636473,-0.0001255224940167448,6.376772563983524e-05
878,1625451601.5375345,0.0,-0.041339993476867676,-8.592905942350626e-07,0.0070664891973137856,-0.000386911132541877,0.02942455416749805,0.2762049407796581,-0.001762906089425087,0.008419835940003395,-0.0018706046976149082,-0.00047028005901963646,0.0002024822050621006,-5.5915821422885395e-05
879,1625451601.5482175,0.0,-0.04136383533477783,-2.7923291781917214e-05,0.007044932805001736,-0.00039351027721561127,0.02942711517841426,0.27620388146979613,0.001432887278497219,-0.004363337531685829,-0.005066398065537214,-0.0001258129966886968,0.00030860004089701057,-0.00011750214355804248
880,1625451601.5575607,0.0,-0.041363392025232315,3.755898796953261e-05,0.00704642478376627,-0.0003757319355877503,0.029420340817237323,0.27620585418776683,0.006759209558367729,-0.003298073308542371,-0.0029358691535890102,0.0005983498166817395,-1.367255830560217e-06,3.6688763094425816e-06
881,1625451601.59122,0.0,-0.04136954993009567,7.90901540312916e-05,0.0070268260315060616,-0.0003602781989386558,0.029427031742810306,0.27620370856796994,-0.014546079561114311,0.008419835940003395,-0.0029358691535890102,0.001454065070250151,-0.0004020371738856175,0.00011324346098541647
882,1625451601.6008306,0.0,-0.04132646694779396,5.490219336934388e-05,0.007026982493698597,-0.0003671890034183667,0.02941992929990281,0.2762035958973949,0.005693945102393627,-0.006493866443634033,0.003455717582255602,0.0007479221101655908,-0.0002636708618335583,2.2662763653460923e-05
883,1625451601.6112564,0.0,-0.0413571260869503,9.025685722008348e-05,0.0070485277101397514,-0.0003611850007335868,0.029423484696421302,0.2762029561602989,-0.001762906089425087,-0.003298073308542371,-0.006131662521511316,0.000258947054827736,0.0001325453588538782,-0.00010735797786827772
884,1625451601.6212113,0.0,-0.04140658676624298,0.0001075821346603334,0.0070378417149186134,-0.00035881068054637727,0.029437448222977447,0.2762061030088016,-0.007089228369295597,-0.011820188723504543,0.003455717582255602,0.0006950720618503638,0.0007683375510727368,1.724861491270536e-05
885,1625451601.6306741,0.0,-0.041403379291296005,0.00013494232553057373,0.007052709348499775,-0.00034898557614595344,0.02943925651682179,0.2762009326811274,-0.000697641575243324,0.008419835940003395,-0.006131662521511316,0.0005880814276223185,0.0006246956707776432,-0.00012254021772860484
886,1625451601.6406326,0.0,-0.04136624559760094,0.00015022800653241575,0.007071790285408497,-0.00034541354542266117,0.029429019993830435,0.27620234280502454,0.006759209558367729,0.011615629307925701,0.006651510950177908,0.00025796342478379527,-0.0002935403128018701,-0.00015023450607149492
887,1625451601.6506684,0.0,-0.04136102274060249,0.00016136420890688896,0.007070002146065235,-0.00034843904526749014,0.02942955686783289,0.27620349074549577,0.002498151734471321,0.007354571484029293,-0.006131662521511316,-0.000136620539249418,-0.00041241557717284534,0.00014890245535280764
888,1625451601.6607792,0.0,-0.04134853556752205,0.00017376861069351435,0.007065155543386936,-0.00034150778892569345,0.02942611710066565,0.27620504917326,0.004628680646419525,-0.007559130899608135,0.0013251886703073978,0.0003293144361556804,-5.464488358404478e-05,0.00013875581859344255
889,1625451601.670477,0.0,-0.041350431740283966,0.0001893100270535797,0.007057492621243,-0.0003369385061365304,0.029423759964642117,0.2762031035793497,-0.000697641575243324,-0.00968965981155634,0.003455717582255602,0.0006630307549217314,-0.0003145873175286518,0.0001768415623632776
890,1625451601.6806755,0.0,-0.04135573282837868,0.00017517086234875023,0.007062659598886967,-0.0003441155848692215,0.029425210045455154,0.27620381541356587,0.002498151734471321,-0.0011675443965941668,0.004520982038229704,-0.00022927312152307318,-0.00022650239181230068,-1.4806687354632742e-05
891,1625451601.7159042,0.0,-0.041393574327230453,0.00019368113134987652,0.007018606178462505,-0.00033733265464661044,0.0294338829987743,0.27620408932739127,0.005693945102393627,-0.0022328088525682688,-0.0029358691535890102,-0.0003487377467774276,0.0002454550103542841,-6.379432036204891e-05
892,1625451601.7259057,0.0,-0.04139930009841919,0.00019018087186850607,0.00701176468282938,-0.00033502868290551796,0.029431537744737377,0.27620450423076753,0.005693945102393627,-0.017146511003375053,0.005586246494203806,0.00043834134459308494,0.00027342139693943486,-5.9918804655236096e-05
893,1625451601.7358074,0.0,-0.04137440770864487,0.0002032809134107083,0.007031249813735485,-0.0003323223535479647,0.029432403763939928,0.27620171480084926,-0.002828170545399189,-0.00010227994062006474,0.0023904531262815,0.00019668168833770735,-0.00020676107400710982,-2.9006064878477343e-05
894,1625451601.7458014,0.0,-0.041400570422410965,0.0001807056542020291,0.006991657428443432,-0.0003398966144630769,0.02943762772657043,0.276202470360406,0.000367622880730778,0.004158778116106987,-0.005066398065537214,-0.000463120484001556,0.00017018507479985606,-0.00014745708857562354
895,1625451601.7560027,0.0,-0.041368138045072556,0.00020321444026194513,0.007002244703471661,-0.0003254374223159856,0.02943257415464301,0.27620296326881183,-0.008154492825269699,-0.004363337531685829,0.00771677540615201,5.731946075199629e-05,-0.00015406033924210698,-1.735544608227932e-05
896,1625451601.7657104,0.0,-0.04137649014592171,0.00023552765196654946,0.006981980986893177,-0.0003185535515526569,0.029430267263081858,0.2762071887313741,0.018477119505405426,-0.00968965981155634,-0.007196926977485418,0.0011960982888281303,-6.954774314739585e-05,9.929746954542745e-05
897,1625451601.7757776,0.0,-0.041389379650354385,0.00028874765848740935,0.006970829330384731,-0.00030342311567138625,0.029430867304809823,0.2762046479251512,0.004628680646419525,-0.007559130899608135,-0.0018706046976149082,0.0012048847472202096,0.0001903403685871793,-3.3305409059142936e-05
898,1625451601.7861214,0.0,-0.04137098044157028,0.00028347765328362584,0.006999381817877293,-0.0003089296423545995,0.02943074918508442,0.2762057407943889,0.004628680646419525,-0.00968965981155634,0.0023904531262815,0.0002531352615043174,0.00014885167850826097,-0.00014191286897416257
899,1625451601.7960584,0.0,-0.04137442260980606,0.00024296990886796266,0.00700776930898428,-0.0003145625962739443,0.029427677245073926,0.2762026472335025,0.009955002926290035,-0.008624395355582237,0.005586246494203806,-0.0003664704464369757,0.00028941183681788636,-0.00011263203122584476
900,1625451601.8057022,0.0,-0.04138610139489174,0.00026288290973752737,0.006987747736275196,-0.0003083899501447329,0.02943201312439872,0.27620526042673016,0.006759209558367729,-0.005428601987659931,0.003455717582255602,-8.380172200599669e-07,-1.809874022577897e-05,6.309939459901643e-05
901,1625451601.8412356,0.0,-0.041467390954494476,0.00018412989447824657,0.006983830593526363,-0.000338882174341866,0.02946296898893567,0.27619985639132266,-0.006023963913321495,-0.003298073308542371,-0.005066398065537214,-0.0014813481558680326,0.0009990524899717843,7.973301713491896e-05
902,1625451601.8509665,0.0,-0.041447706520557404,0.00020080088870599866,0.006976974196732044,-0.00032824145651016295,0.029454650553981034,0.2761986997689688,0.002498151734471321,-0.0011675443965941668,0.0002599241561256349,-0.0011948917537887417,0.0010643892688012413,-0.00022923029664782314
903,1625451601.8607569,0.0,-0.04141240566968918,0.00017150223720818758,0.006980740465223789,-0.00034235075259642783,0.02944399162640341,0.27620371791614856,0.0174118559807539,-0.004363337531685829,-0.006131662521511316,4.160523738821738e-05,-0.0002754518243057418,9.113039063177843e-05
904,1625451601.8712914,0.0,-0.04147447645664215,0.0002054031938314438,0.006987147964537144,-0.0003276109371710967,0.029459992490281757,0.2761988681173112,0.006759209558367729,-0.004363337531685829,0.004520982038229704,0.00011951921463636732,0.0005660952896479328,2.011220105141689e-05
905,1625451601.8806584,0.0,-0.04150979220867157,0.0002422063989797607,0.006954723037779331,-0.00032486895002497435,0.02946807253872661,0.27620154893442506,-0.006023963913321495,-0.00010227994062006474,-0.004001133609563112,0.0008732993843420879,0.0009828779400996585,-0.00011735771587302561
906,1625451601.890917,0.0,-0.041464582085609436,0.00024003387079574168,0.006969851441681385,-0.0003172039131735735,0.029456478662189874,0.2761985264559351,-0.003893435001373291,0.009485100395977497,0.005586246494203806,0.0002624588890536726,-0.00033404840940808457,0.000166431250788488
907,1625451601.9008734,0.0,-0.04147843271493912,0.00021978931908961385,0.006983722560107708,-0.00032023540134810263,0.029460336684032522,0.27619891836628996,-0.001762906089425087,-0.010754924267530441,0.0002599241561256349,0.00025904153164709305,-0.00031009162791233294,-0.00015284238886318732
908,1625451601.9106987,0.0,-0.04151023179292679,0.00024814909556880593,0.00698844064027071,-0.0003097648236496872,0.029468050303774862,0.2761977966796367,-0.010285021737217903,-0.013950717635452747,0.0023904531262815,0.0007227800669235982,0.0005024743672357014,-0.00010541271569548939
909,1625451601.9206753,0.0,-0.04150582477450371,0.0002615698322188109,0.006952268071472645,-0.0003134591653876015,0.029461004322043287,0.2762001567221639,-0.014546079561114311,0.006289307028055191,-0.0029358691535890102,0.0003853465004196812,-7.798322567440415e-05,9.44491307728506e-05
910,1625451601.9311123,0.0,-0.041501734405756,0.00027429996407590806,0.006928729824721813,-0.0003062202817625398,0.02946584443066614,0.2761985322038105,-0.009219757281243801,-0.0022328088525682688,0.0002599241561256349,0.00030974360212693167,-0.00014658568366021074,-4.556349435240551e-06
911,1625451601.9657626,0.0,-0.041512615978717804,0.00031623372342437506,0.00693002063781023,-0.00029592865201752416,0.029514834175874367,0.27613734203918316,-0.002828170545399189,-0.008624395355582237,0.003455717582255602,0.0015000003868600887,0.0019999583892723605,-0.002489052251194623
912,1625451601.9756405,0.0,-0.04149869829416275,0.00019470308325253427,0.006932037882506847,-0.00033092915740574186,0.029464863849914397,0.2761923484128474,0.014216060750186443,-0.019277041777968407,-0.010392720811069012,-0.0007761397239247112,0.0010206471713880454,-0.0013091950545572337
913,1625451601.9858954,0.0,-0.04143618792295456,5.497439997270703e-05,0.0069124167785048485,-0.00036345625189258823,0.029427578543835972,0.2762239620989792,0.016346590593457222,-0.01288545224815607,0.006651510950177908,-0.0033017215472943835,-0.003712824973299053,0.0041390718187385225
914,1625451601.9955132,0.0,-0.04157916083931923,0.0002903172862716019,0.0069281114265322685,-0.00030842048050508386,0.029471243724298456,0.27621913799084824,-0.030525045469403267,0.023333536460995674,0.003455717582255602,0.0007908762296339014,-0.0011892135552082697,0.0020704212264011563
915,1625451602.0056903,0.0,-0.04145031049847603,0.0002983698504976928,0.006885654293000698,-0.00030131661543001537,0.029434849616264067,0.2762264570598961,-0.01348081510514021,0.006289307028055191,0.0013251886703073978,0.003100318706050964,5.3158274396347246e-05,4.751160319019792e-05
916,1625451602.0156636,0.0,-0.04151717200875282,0.00013126744306646287,0.006916212849318981,-0.0003515829927335373,0.029455992375134167,0.27622272824100413,-0.02200292982161045,-0.013950717635452747,0.0023904531262815,-0.0018322216626659,-0.0007513243250239751,0.00012162824103541299
917,1625451602.0255723,0.0,-0.041505951434373856,6.950364331714809e-05,0.006920193322002888,-0.0003687576164297171,0.029450617354774167,0.2762221364564029,0.000367622880730778,-0.007559130899608135,0.0013251886703073978,-0.0033089182264321726,0.0007266286375980604,-0.00017287378289218683
918,1625451602.0358982,0.0,-0.04160040244460106,0.00015420399722643197,0.006930752657353878,-0.0003402768876117762,0.029482673198239023,0.2762153499339505,-0.004958699457347393,0.014811422675848007,-0.0018706046976149082,9.860917906985636e-05,0.0010003310978361755,-0.00025314329993741345
919,1625451602.045626,0.0,-0.041555047035217285,0.00022102140064816922,0.006927908398211002,-0.00032753812128906434,0.029460768571577686,0.2762242968960773,-0.006023963913321495,0.015876686200499535,-0.0008053402998484671,0.001973437707961975,0.0005207402527519321,0.00010896514949892363
920,1625451602.05564,0.0,-0.04157964140176773,0.0001347852812614292,0.006945558823645115,-0.00035207103247491406,0.02947305366453388,0.27622026521448917,0.004628680646419525,-0.013950717635452747,0.003455717582255602,7.323636745984173e-05,-0.00034687820220124805,0.00020455318075338367
921,1625451602.0926533,0.0,-0.041503988206386566,0.00020320690236985683,0.006909518502652645,-0.00032857409391416625,0.02945246137916039,0.2762220404093291,0.006759209558367729,-0.006493866443634033,0.010912568308413029,0.00033230900600982147,-7.529043279678844e-05,-0.000205021761824974
922,1625451602.1027203,0.0,-0.04146697372198105,0.00016890131519176066,0.006888058967888355,-0.000343039880030066,0.02943638619792982,0.2762264995428803,0.006759209558367729,-0.0011675443965941668,0.010912568308413029,0.000785567906568641,-0.0013129482943891684,0.0001231232101165857
923,1625451602.1126783,0.0,-0.041434191167354584,0.00014556979294866323,0.006894326768815517,-0.00034971526961494886,0.02942699172096329,0.2762255690060183,0.009955002926290035,-0.011820188723504543,-0.0029358691535890102,-0.000880347212697553,-0.0011179227222869233,0.00013173945948818092
924,1625451602.1228254,0.0,-0.04144413396716118,0.0002167920465581119,0.006907389499247074,-0.000324355721880297,0.029425169037307575,0.2762266968984878,-0.016676606610417366,-0.0011675443965941668,0.006651510950177908,0.000506981435351347,-0.0007489002639267547,6.481637893296565e-05
925,1625451602.1327593,0.0,-0.041429273784160614,0.00021476154506672174,0.006911524571478367,-0.000322457263130807,0.029429799446770363,0.2762227208169302,-0.025198722258210182,0.005224042572081089,0.004520982038229704,0.0008719508521656004,-0.0003971036994124972,-3.5145293740600145e-05
926,1625451602.1432843,0.0,-0.04141635075211525,0.00023467768914997578,0.0069028036668896675,-0.0003135772733661099,0.029425432204496997,0.27622565106844194,-0.017741871997714043,-0.003298073308542371,-0.0008053402998484671,0.000731160009189884,-0.0004643624951677897,-7.333974325887984e-05
927,1625451602.1526208,0.0,-0.04140429198741913,0.0002523535513319075,0.006917362101376057,-0.00031242507528028707,0.029422225066791922,0.2762274647663634,0.002498151734471321,-0.003298073308542371,0.003455717582255602,0.0006952230969889298,-0.0004852460026930082,8.360320096967541e-05
928,1625451602.162577,0.0,-0.04137934371829033,0.0002322910149814561,0.006912817247211933,-0.0003262817472532223,0.029412391529609706,0.2762300601812267,-0.000697641575243324,-0.011820188723504543,0.008782039396464825,-0.0004922861730633755,-0.00042428212742643876,9.418526494201095e-05
929,1625451602.1729898,0.0,-0.04141010344028473,0.0002915796067100018,0.006932814605534077,-0.000310827998725699,0.029424822965364396,0.2762270068350452,0.01208553183823824,-0.008624395355582237,0.0002599241561256349,0.00012712261543717986,0.0002422117978923518,-6.695758423951033e-05
930,1625451602.1826754,0.0,-0.041431572288274765,0.00027566318749450147,0.006924171932041645,-0.00030892286568953015,0.02942458738536735,0.27622458808757266,0.011020267382264137,-0.005428601987659931,-0.006131662521511316,0.0006670893510070746,0.0006953608056928464,-0.0002845644730700906
931,1625451602.2199469,0.0,-0.04139844328165054,0.0003257700300309807,0.0068983519449830055,-0.0002971203998914512,0.029418515112711492,0.276226513489362,0.006759209558367729,0.008419835940003395,-0.007196926977485418,0.0004271403300327979,0.0001697205132396045,-1.644214173276316e-05
932,1625451602.2295778,0.0,-0.041392985731363297,0.00030777003848925233,0.0068861814215779305,-0.0002985856994823788,0.0294192260408356,0.2762267123262749,-0.000697641575243324,-0.015015983022749424,-0.010392720811069012,0.000812388558451692,6.6092636465407865e-06,0.00011072841999193277
933,1625451602.2396648,0.0,-0.041405707597732544,0.0002923905267380178,0.006867303512990475,-0.00030500066612364207,0.029423476563249125,0.2762260617460334,0.022738177329301834,-0.007559130899608135,0.005586246494203806,-0.0002899839443651508,0.0003103725203966409,2.583518862728184e-05
934,1625451602.2497232,0.0,-0.04140418767929077,0.00028045036015100777,0.006878064014017582,-0.00031173489900099965,0.02942620410708078,0.27622685737801483,-0.000697641575243324,0.0030935134273022413,-0.006131662521511316,-0.0008846920114282108,9.086185378176875e-05,0.00011186990993068693
935,1625451602.2595866,0.0,-0.04140086844563484,0.00031118758488446474,0.006858971901237965,-0.00029969217217099,0.02942033849037,0.2762289130943969,0.004628680646419525,-0.010754924267530441,-0.007196926977485418,0.00015755415628151826,-0.00024087252952333444,0.00015810456427948694
936,1625451602.2702734,0.0,-0.04142668843269348,0.00028976122848689556,0.0068589625880122185,-0.000305442305781313,0.029424582304090847,0.2762285484256717,-0.011350286193192005,0.006289307028055191,0.0002599241561256349,0.0001850726004845994,-0.000312577146629058,0.0001098257147217366
937,1625451602.2794592,0.0,-0.0413871705532074,0.0002382779639447108,0.006852571852505207,-0.0003193520360768101,0.02941141429824913,0.27622888323359274,-0.001762906089425087,-0.02140756882727146,0.003455717582255602,-0.0007171274313862406,-0.00045478466382215145,-2.8943300196314066e-05
938,1625451602.2897062,0.0,-0.04141320288181305,0.00020065080025233328,0.006878846324980259,-0.00033385719191636465,0.029425530422233122,0.2762268819077588,0.007824474014341831,-0.00010227994062006474,0.004520982038229704,-0.0013277711404098688,0.0001519932929460558,-1.772195075306436e-05
939,1625451602.3001757,0.0,-0.041375212371349335,0.00016277827671729028,0.006869922392070293,-0.00034400015158016217,0.029411813924913925,0.27622847766067415,-0.006023963913321495,-0.008624395355582237,0.009847303852438927,-0.0012616651867255791,-0.0002624161780940291,0.0001147983494302904
940,1625451602.3095353,0.0,-0.04137192294001579,0.00014474694035016,0.006848462857306004,-0.0003452321304594566,0.02941001115180531,0.27622885737762387,-0.000697641575243324,0.011615629307925701,-0.0018706046976149082,-0.0009726501391006421,-0.0007576537696713195,0.00012068478190232491
941,1625451602.3467488,0.0,-0.04137427359819412,8.692371193319559e-05,0.0067853378131985664,-0.00035856684698004626,0.029415492400914123,0.2762258272524306,0.007824474014341831,0.0030935134273022413,-0.010392720811069012,-0.0016501083207319347,0.0006487403372339711,2.6986787669714794e-05
942,1625451602.3567228,0.0,-0.04136387258768082,0.00012518244329839945,0.006791933439671993,-0.0003484762590805282,0.029409939089800836,0.2762303125673049,0.01208553183823824,-0.003298073308542371,0.00771677540615201,-0.0005609647969548607,0.00020169977705644814,0.00019559556968094165
943,1625451602.3664992,0.0,-0.041348934173583984,0.00014638513675890863,0.006761503405869007,-0.0003442818536360803,0.029407641508995892,0.27622922906350633,0.003563416190445423,-0.008624395355582237,-0.0008053402998484671,0.0009562548062964537,-0.0004932598427242605,0.00022153933631843632
944,1625451602.3767176,0.0,-0.041359007358551025,0.0001264715101569891,0.006789158098399639,-0.0003479608796425407,0.02941119499418112,0.2762260943980538,-0.010285021737217903,0.0030935134273022413,-0.0008053402998484671,8.29090118924294e-05,-0.00015639617051271565,-4.455265366570067e-05
945,1625451602.386604,0.0,-0.04131368547677994,0.00015487396740354598,0.0067865876480937,-0.0003399964151301338,0.029396877016262743,0.2762306973857531,0.002498151734471321,0.011615629307925701,0.005586246494203806,-0.0001762106913970629,-0.00042524251669583905,9.038068423939091e-05
946,1625451602.3965716,0.0,-0.04130331054329872,0.0001592676853761077,0.006802291609346867,-0.0003393830620153013,0.029392126062316844,0.27623374901269043,0.01208553183823824,-0.0011675443965941668,-0.0008053402998484671,0.00037879105325403986,-0.0004880821400113301,0.0002434393548779146
947,1625451602.4066746,0.0,-0.04132048413157463,0.00016983493696898222,0.006767661310732365,-0.0003290864363897361,0.029399944035340977,0.2762327611637466,-0.010285021737217903,-0.00010227994062006474,-0.0029358691535890102,0.0003607478338725875,-7.843665914415437e-05,4.222006192446076e-05
948,1625451602.4166892,0.0,-0.041282523423433304,0.00016003227210603654,0.006820290349423885,-0.0003426108721551399,0.029389291625605336,0.2762317450129224,0.000367622880730778,0.008419835940003395,-0.0018706046976149082,-0.0002577524687099597,-0.00032836436606355945,-4.9180508301809836e-05
949,1625451602.4267564,0.0,-0.04133247211575508,0.00020731223048642278,0.006820385344326496,-0.0003239392994959095,0.0293993248464451,0.2762317803846056,-0.020937664434313774,-0.0011675443965941668,0.0013251886703073978,0.0001357550442284693,-0.0003504041045294197,6.574789789362964e-05
950,1625451602.4367516,0.0,-0.041275717318058014,0.00021222172654233873,0.006827802397310734,-0.0003225921869388637,0.029386548320446786,0.27623114647654023,-0.01348081510514021,0.004158778116106987,-0.0018706046976149082,0.0007895305327075457,3.4309520568469116e-05,1.15469390573374e-05
951,1625451602.4700966,0.0,-0.04128536209464073,0.00027499397401697934,0.006778215058147907,-0.0003061841293503023,0.02938739513714468,0.27623110169533477,0.000367622880730778,-0.006493866443634033,-0.0008053402998484671,0.0006004020624131255,-0.0008078066435456521,-3.4336872096861047e-05
952,1625451602.4802911,0.0,-0.04129578918218613,0.00029048731084913015,0.006762410514056683,-0.00029564659563832696,0.029393247427281714,0.27623025409711804,-0.014546079561114311,0.004158778116106987,-0.0018706046976149082,0.0006330421709527875,-0.0006597479482370062,6.856564121845619e-05
953,1625451602.4903817,0.0,-0.041262187063694,0.00026032616733573377,0.006739861331880093,-0.00030615318992344154,0.02938304039713096,0.2762340074755338,-0.001762906089425087,0.0009629845153540373,-0.004001133609563112,-0.0002831674704752877,-0.00028858953222231685,0.00014745911012733584
954,1625451602.500364,0.0,-0.04127183184027672,0.0002392238238826394,0.006708252243697643,-0.00031362021727938255,0.029386513661442154,0.27623096341525594,0.011020267382264137,-0.016081247478723526,-0.004001133609563112,-0.0004850846492547865,-3.91004247139879e-05,-5.1974647318722205e-05
955,1625451602.5101807,0.0,-0.041244786232709885,0.00023316688020713627,0.006718561984598637,-0.0003156563991286651,0.029375125857018576,0.27623368912666246,0.005693945102393627,-0.01288545224815607,-0.005066398065537214,-0.00016490577776451685,-0.00012361196143420748,-7.854456531276856e-05
956,1625451602.520612,0.0,-0.04123610630631447,0.00025615195045247674,0.006697609089314938,-0.00030538748012088474,0.02937366754997993,0.27623168222975936,-0.011350286193192005,-0.004363337531685829,-0.0008053402998484671,7.201873255498492e-05,-0.0007392141219778642,0.0001285991066375082
957,1625451602.5302482,0.0,-0.04124538227915764,0.00022310925123747438,0.006732429377734661,-0.0003216743614618614,0.029382149907459285,0.2762304566631063,-0.01348081510514021,-0.003298073308542371,-0.0029358691535890102,-0.000357685739384281,2.3020558283601884e-05,3.5673434181707625e-05
958,1625451602.5401194,0.0,-0.041260022670030594,0.0002529337943997234,0.006742139346897602,-0.0003048900558722395,0.029378312105083883,0.27623075277694936,0.016346590593457222,-0.011820188723504543,-0.006131662521511316,-4.701262331323393e-05,0.0005266311109256831,-1.358356551080837e-05
959,1625451602.550533,0.0,-0.04129140079021454,0.00024651072453707457,0.006753423251211643,-0.00031615087798696206,0.029384224297005802,0.27623489743890645,-0.001762906089425087,-0.0011675443965941668,-0.0029358691535890102,0.00011314123369996362,0.00024393231247210617,0.00013374378173765868
960,1625451602.5602524,0.0,-0.041301384568214417,0.00024717216729186475,0.0067603131756186485,-0.0003104194221417514,0.02939074123278896,0.27623047974565373,-0.007089228369295597,0.013746158219873905,0.0023904531262815,-0.0002849137392855463,0.0002588804594783231,2.7063753044054436e-05
961,1625451602.59666,0.0,-0.041296061128377914,0.0002460804535076022,0.006773395463824272,-0.00031398935450166476,0.02939018737472531,0.276230247270685,0.000367622880730778,0.004158778116106987,0.004520982038229704,0.00016364633732328152,0.0002477824921875109,-0.0004719798239242683
962,1625451602.6063905,0.0,-0.04128843918442726,0.00029038649518042803,0.006740214303135872,-0.0003006827906755147,0.029380568830434113,0.2762343131907934,-0.000697641575243324,0.0020282489713281393,0.0002599241561256349,0.0003109093318543712,-0.0002382873596618676,-0.00010700935512241079
963,1625451602.6162796,0.0,-0.04131022468209267,0.00030503986636176705,0.0067573897540569305,-0.00029438676347440934,0.029392521702712178,0.2762340684543316,0.000367622880730778,-0.00010227994062006474,0.0023904531262815,0.0009185407961511937,0.00021327378787931966,6.181580043783276e-05
964,1625451602.6265361,0.0,-0.04132258519530296,0.000302579952403903,0.006758127361536026,-0.00030095700147928645,0.029400650649827602,0.27622786485779693,-0.008154492825269699,-0.01288545224815607,0.0002599241561256349,0.00025890587444394084,0.0007361660959216573,-0.00015716975633316637
965,1625451602.6363153,0.0,-0.04128705710172653,0.0002831377205438912,0.006758375093340874,-0.0003002643514914069,0.02938585169079494,0.2762308104564791,0.001432887278497219,0.0030935134273022413,0.0013251886703073978,-0.0003524618967621828,-0.00016872798152323752,-5.2350427129792776e-05
966,1625451602.6464128,0.0,-0.04131167754530907,0.00025903782807290554,0.006742645055055618,-0.0003094515442852719,0.02939270799163756,0.2762327108561137,-0.006023963913321495,-0.0022328088525682688,0.0002599241561256349,-0.0003775198114254402,-0.00032531790284182375,0.00012315364889395314
967,1625451602.6568832,0.0,-0.04132143780589104,0.000271754979621619,0.006722133606672287,-0.0003052059343810476,0.029399321669873336,0.2762306032945964,-0.001762906089425087,-0.005428601987659931,0.0013251886703073978,-0.0003528476908541605,0.00035701177227275075,-1.2813055965468009e-05
968,1625451602.6665056,0.0,-0.041354887187480927,0.00021928161731921136,0.0067417677491903305,-0.000323390706180135,0.029402687665376417,0.2762313753389206,0.000367622880730778,0.0030935134273022413,-0.0008053402998484671,-0.0008299818284820839,0.0003165084478356178,-5.5199420667064846e-05
969,1625451602.6764126,0.0,-0.04134389013051987,0.00025602709501981735,0.006733141839504242,-0.00030988450564145564,0.029402542892225617,0.27623008075546374,0.004628680646419525,-0.008624395355582237,0.005586246494203806,-0.00016856370453951716,0.00010319443459676294,4.3032718371080894e-07
970,1625451602.6862938,0.0,-0.04129981994628906,0.00022703282593283802,0.006770184263586998,-0.000322191265524803,0.02938823389781456,0.27623184060006434,-0.01348081510514021,0.004158778116106987,0.0013251886703073978,-0.00019317346291335442,-0.0006730461472252345,5.372038319105922e-05
971,1625451602.723133,0.0,-0.04127145931124687,0.0002766298712231219,0.006763771176338196,-0.0003023777371814751,0.029386710575728836,0.2762321317666311,0.006759209558367729,-0.013950717635452747,0.00771677540615201,-0.0003597925093157318,-0.0013423243972056269,0.00013779325763951325
972,1625451602.732325,0.0,-0.04125699773430824,0.0002632903924677521,0.006749656051397324,-0.0003056425891105538,0.029375524207887325,0.27623486566539673,0.002498151734471321,0.010550364851951599,0.00771677540615201,0.00013814152736720602,-0.0013162068762400854,0.00032690405044400307
973,1625451602.7422783,0.0,-0.04123847186565399,0.0002575404942035675,0.006756499409675598,-0.00031617643677180757,0.029373533263883984,0.2762363893273696,0.013150796294212341,-0.004363337531685829,-0.006131662521511316,-0.0004188124919492439,-0.0006150609802740354,0.00032421559888167205
974,1625451602.7523818,0.0,-0.04124158248305321,0.00023647358466405421,0.006762797012925148,-0.00031954486752053257,0.02937900933661621,0.2762333525014243,-0.009219757281243801,-0.007559130899608135,-0.0018706046976149082,-0.0004208377814904104,-0.00011907803086601633,-3.7291673916292826e-05
975,1625451602.7624521,0.0,-0.0412033312022686,0.00023251393577083945,0.006754470989108086,-0.00032293576310921807,0.029361936490534535,0.27624036739514796,-0.007089228369295597,0.012680893763899803,-0.0008053402998484671,-0.0005123573614516698,-0.000578444139097478,0.00010788361816767952
976,1625451602.772581,0.0,-0.04123115912079811,0.00018813408678397536,0.0067496392875909805,-0.00032339519977030856,0.029374491805540956,0.2762362374548896,0.001432887278497219,-0.016081247478723526,-0.004001133609563112,-0.00020761446579231824,-6.56254568959569e-05,1.5399832515030935e-05
977,1625451602.7824008,0.0,-0.041181158274412155,0.00015496282139793038,0.006748242303729057,-0.0003381983092981891,0.029356672283888934,0.27624001806442233,0.004628680646419525,-0.01288545224815607,0.0002599241561256349,-0.0006117233676736737,-5.965477744084749e-05,-0.00011388723338258674
978,1625451602.7923858,0.0,-0.04124162346124649,0.00015156168956309557,0.006759500131011009,-0.0003397626821027011,0.029376929777634904,0.2762332969258697,-0.000697641575243324,0.0009629845153540373,0.003455717582255602,-0.0009531847275273437,-0.00016846806974339572,-2.1805034913637393e-05
979,1625451602.802241,0.0,-0.04118794947862625,0.00011377257760614157,0.0067618247121572495,-0.0003503552463343662,0.02936028137400532,0.27623693096763446,-0.004958699457347393,0.0030935134273022413,0.0002599241561256349,-0.00071817662856926,-8.181573222715388e-05,-3.614334108609739e-05
980,1625451602.812367,0.0,-0.04123387113213539,0.00010255389497615397,0.006769828498363495,-0.0003536347180703031,0.029373862723161788,0.27623517648238466,0.01528132427483797,0.0009629845153540373,0.0023904531262815,-0.0005104399016218654,0.00020913763171199985,1.7520495114410145e-05
981,1625451602.8496084,0.0,-0.041263192892074585,0.00014175314572639763,0.006796808913350105,-0.0003467383824291778,0.029379190659567067,0.27623561961659293,-0.008154492825269699,-0.00010227994062006474,-0.0029358691535890102,0.00017230971270952878,0.0013754752032393606,-0.00012247308960437517
982,1625451602.8595984,0.0,-0.04133445769548416,0.00010303701856173575,0.00678560696542263,-0.0003512017447836538,0.029395866842562318,0.2762335433304166,-0.017741871997714043,0.004158778116106987,-0.004001133609563112,5.838414532478766e-05,0.0010261289092910735,-3.369262522143476e-05
983,1625451602.8695347,0.0,-0.041306108236312866,0.00010493246372789145,0.006781581789255142,-0.00035642647315604903,0.029393884779476784,0.2762336204052601,-0.008154492825269699,-0.003298073308542371,-0.006131662521511316,-0.0005412036791354883,0.0004349150225506902,-6.018623531724779e-05
984,1625451602.8795288,0.0,-0.04130418226122856,0.00017938483506441116,0.006794868037104607,-0.0003334802810168458,0.02939548204418342,0.27623428044234843,0.000367622880730778,-0.0022328088525682688,-0.0018706046976149082,0.000712551577060743,-0.0004740255901780485,6.744738065782853e-05
985,1625451602.8895812,0.0,-0.04125317558646202,0.00015253713354468346,0.006793012842535973,-0.0003466684158416611,0.02937721177633574,0.27623555173041764,-0.003893435001373291,-0.011820188723504543,-0.0018706046976149082,0.0006592712107618749,-0.0007551834975780383,9.426934115677312e-05
986,1625451602.8995323,0.0,-0.04129694774746895,0.00018325148266740143,0.006786337122321129,-0.0003348780067638363,0.02938835943188827,0.27623425252188877,-0.006023963913321495,-0.008624395355582237,-0.0008053402998484671,7.240745569992636e-05,-0.00015691235051405557,-4.739850545950952e-05
987,1625451602.9097416,0.0,-0.04128480330109596,0.0001747400383464992,0.006818264722824097,-0.0003384663516746919,0.02938507465356914,0.27623476491748133,-0.003893435001373291,-0.00010227994062006474,0.0023904531262815,0.0002829377905985219,0.00037688408690824847,-0.00016505290600863737
988,1625451602.9195602,0.0,-0.04133649170398712,0.00020523331477306783,0.006818229332566261,-0.00033006494050767665,0.029402369921391704,0.27623234511980943,0.003563416190445423,-0.016081247478723526,0.0013251886703073978,0.00042357549767630515,0.0008102264640954808,-0.00021148519178239953
989,1625451602.9295964,0.0,-0.041328899562358856,0.0001762458123266697,0.006830830127000809,-0.00032388793208923405,0.02939147395694048,0.276232689284809,0.007824474014341831,-0.003298073308542371,0.005586246494203806,0.0008475345273135437,0.0004930853086420141,-9.727500562069169e-05
990,1625451602.9395747,0.0,-0.04131486266851425,0.00014140884741209447,0.00686013326048851,-0.0003492830276097744,0.029390462753615634,0.27623370615682896,-0.01348081510514021,0.0009629845153540373,-0.0018706046976149082,-0.0008283852042960539,-0.0006540132706328601,0.0002446327206344163
991,1625451602.9762242,0.0,-0.04129941016435623,0.00011691680992953479,0.006845543161034584,-0.0003525555722130938,0.02939205826235953,0.27623272035843294,-0.002828170545399189,-0.008624395355582237,0.005586246494203806,-0.0017213136447042747,-0.0005485792284012885,0.00017164545303577347
992,1625451602.9862359,0.0,-0.041326217353343964,7.799328886903822e-05,0.006838757544755936,-0.00036600471299044757,0.029403112816900383,0.2762309666083156,-0.002828170545399189,-0.008624395355582237,-0.004001133609563112,-0.0009378231648005481,9.584804930989786e-05,-5.051136027244696e-05
993,1625451602.9961271,0.0,-0.041337285190820694,5.413219332695007e-05,0.00682307593524456,-0.00036908016274080774,0.0293992929484682,0.27623161478296504,-0.015611344017088413,-0.005428601987659931,0.0023904531262815,-0.0007015302947390196,0.00024983599750129365,-3.184609454023638e-05
994,1625451603.0058346,0.0,-0.04139888659119606,6.673778989352286e-05,0.0068166255950927734,-0.0003654510461312474,0.029421422105395202,0.2762283909571628,-0.009219757281243801,0.014811422675848007,0.006651510950177908,-0.0003095285541095295,0.0005221501338654425,-1.8760811287122812e-05
995,1625451603.0164895,0.0,-0.041382625699043274,7.611789624206722e-05,0.006824135780334473,-0.00036612454864574234,0.029416781990417522,0.2762279340032998,0.02060764841735363,-0.004363337531685829,-0.0018706046976149082,0.00015174290668691778,0.0011629072458431444,-0.00023459698567416647
996,1625451603.0260696,0.0,-0.04137716814875603,5.363771924749017e-05,0.006834976375102997,-0.0003698673254811241,0.029406552880877998,0.2762339520556407,0.007824474014341831,-0.0022328088525682688,0.0023904531262815,9.363550862003718e-05,-0.0001023892784090006,9.732907269544434e-05
997,1625451603.036299,0.0,-0.04136770963668823,4.9636990297585726e-05,0.006834130734205246,-0.00037097445164931825,0.029411774311193573,0.27623116542512155,0.000367622880730778,-0.00010227994062006474,-0.006131662521511316,-0.0003553576958237862,-0.00020250056940778822,0.00018153145162440242
998,1625451603.04617,0.0,-0.041375596076250076,9.098876034840941e-06,0.006857201457023621,-0.0003829231772084704,0.029411835377245982,0.2762275158131818,0.006759209558367729,-0.004363337531685829,0.005586246494203806,-0.0006933761135186699,0.00036026415985208275,-0.00026553611711130213
999,1625451603.0564978,0.0,-0.04138775169849396,8.987262845039368e-06,0.006870100274682045,-0.0003807040869287584,0.02941808671300171,0.2762277790204712,0.004628680646419525,-0.007559130899608135,0.0002599241561256349,-0.0005036783281096906,0.00048621050368779844,-0.00019225139657049628
1000,1625451603.0661242,0.0,-0.04137441888451576,-6.851879879832268e-05,0.006859783083200455,-0.00039842825879757987,0.02940963426987405,0.2762302935003879,0.003563416190445423,-0.019277041777968407,0.008782039396464825,-0.0008221562836843713,7.745398150922235e-05,0.0001248183150418451
1001,1625451603.1018274,0.0,-0.04139164835214615,-3.583749639801681e-05,0.006836004555225372,-0.00039462736853410757,0.029411302334379164,0.27623233897682864,-0.004958699457347393,-0.003298073308542371,0.008782039396464825,-0.0003079377879654782,-0.00023988751369872076,0.00016055912368870745
1002,1625451603.1117895,0.0,-0.041332587599754333,-6.269582081586123e-05,0.006828023120760918,-0.00040475115513833454,0.029401785584384638,0.27623105915498175,0.006759209558367729,-0.015015983022749424,0.0002599241561256349,0.00031206282241398684,-0.0004384947555850438,4.398515362069024e-05
1003,1625451603.121845,0.0,-0.041379451751708984,-8.913440979085863e-05,0.006801612675189972,-0.00041097520401770643,0.029412966405894088,0.2762346505435985,-0.003893435001373291,0.004158778116106987,-0.004001133609563112,-0.0007517051534143288,0.0001535274120312274,-3.769373209916834e-05
1004,1625451603.1317494,0.0,-0.041354719549417496,-7.915360038168728e-05,0.006830403581261635,-0.0004092109066298963,0.02939800479678653,0.2762328018066957,-0.006023963913321495,-0.0022328088525682688,-0.004001133609563112,-0.00018139679542724434,8.658013277925515e-05,3.7491339861580573e-05
1005,1625451603.141765,0.0,-0.04136919230222702,-5.40702894795686e-05,0.006802959367632866,-0.0004043859614392964,0.02941581490683645,0.2762290304436298,0.002498151734471321,0.0009629845153540373,-0.006131662521511316,0.00022031030819490507,0.0001453249324157187,-0.00014417277234677367
1006,1625451603.1516511,0.0,-0.041377127170562744,-9.139027679339051e-05,0.006834926083683968,-0.00040990164029137965,0.029414990191186166,0.2762315030100402,-0.008154492825269699,-0.013950717635452747,-0.006131662521511316,2.245314037805357e-05,0.0007617607484421446,-0.0001277862934115319
1007,1625451603.1616535,0.0,-0.04137520492076874,-0.00010449253022670746,0.00680515356361866,-0.00040954322567858525,0.02941433552759986,0.2762282812491203,-0.001762906089425087,-0.007559130899608135,0.0013251886703073978,-0.00042192685081347304,-0.00010833621467783237,-9.691913068823326e-05
1008,1625451603.1718664,0.0,-0.041390761733055115,-0.00013549154391512275,0.00681687705218792,-0.00042142137877878433,0.029414768887457712,0.276228083997105,-0.004958699457347393,-0.013950717635452747,0.0023904531262815,-0.0005687052776368084,7.764157431992634e-06,-0.00025083418736599085
1009,1625451603.181622,0.0,-0.04137280210852623,-8.59521678648889e-05,0.006818667054176331,-0.00041382901933165184,0.029413727064067786,0.27622926881945825,0.000367622880730778,0.007354571484029293,0.006651510950177908,-0.00025097831570510416,-3.472714589983025e-05,4.4904241330869394e-05
1010,1625451603.1917555,0.0,-0.04141075909137726,-9.29557136259973e-05,0.006806377321481705,-0.00041533171232683436,0.029425205816420302,0.27622649083137685,0.004628680646419525,0.005224042572081089,-0.0008053402998484671,0.00023876539204887014,0.0003782392127740456,-8.562495008230846e-05
1011,1625451603.2342525,0.0,-0.041352998465299606,-0.00019027965026907623,0.006810812279582024,-0.00043607313172005363,0.029405170612388475,0.2762302750722033,-0.004958699457347393,-0.010754924267530441,0.008782039396464825,-0.0010845056598675796,0.00028477739109629185,-9.494635710954004e-05
1012,1625451603.244252,0.0,-0.04138018935918808,-0.00015523814363405108,0.006811482831835747,-0.00042970990598075604,0.02941278554098433,0.27623072485814715,-0.001762906089425087,0.0020282489713281393,0.005586246494203806,-0.0009691837885110821,0.00026643343686410956,-9.83561325633948e-05
1013,1625451603.2539227,0.0,-0.041301798075437546,-0.00012673463788814843,0.006817853078246117,-0.00041302991109815057,0.02938642983744407,0.27623553379435273,0.018477119505405426,0.011615629307925701,0.01197783276438713,0.0005314237664069992,-0.00028162398830415786,8.428494901524026e-05
1014,1625451603.2647698,0.0,-0.04132527858018875,-0.00012450615759007633,0.006833905354142189,-0.00041596313384337225,0.029398788187781077,0.27623507344285725,0.016346590593457222,-0.0011675443965941668,0.003455717582255602,0.000501784400568121,-0.00045524083603235563,0.00014086288891183775
1015,1625451603.274498,0.0,-0.04131653532385826,-8.423376129940152e-05,0.006834264844655991,-0.0004108118674314848,0.02939438175880986,0.27623213058734675,0.006759209558367729,-0.004363337531685829,0.0002599241561256349,0.0003118319492842644,7.365706428797818e-05,-0.00022970362337104564
1016,1625451603.2838724,0.0,-0.04131557419896126,-5.1202980102971196e-05,0.006840996444225311,-0.0004049294998673958,0.029398971658184427,0.2762301070408043,-0.014546079561114311,-0.00010227994062006474,0.0013251886703073978,0.0007136786529468865,-0.0007196061405966837,-0.00012652807102030763
1017,1625451603.2938526,0.0,-0.04129375144839287,-8.281931513920426e-05,0.0068418122828006744,-0.00040765772883716994,0.029391978623083362,0.276232124668841,-0.008154492825269699,0.013746158219873905,0.0002599241561256349,-3.2419070772493615e-05,-0.0004922472933922436,2.8904892774711126e-06
1018,1625451603.3037567,0.0,-0.041247595101594925,-8.480338146910071e-05,0.006835930049419403,-0.00041056485617312066,0.029375274985672203,0.2762369845746102,0.01208553183823824,-0.0011675443965941668,-0.006131662521511316,-0.00045392392446949066,-0.0008899501550229778,6.116418236231783e-05
1019,1625451603.3137476,0.0,-0.04124710336327553,-8.150344365276396e-05,0.00683276541531086,-0.0004068754434126548,0.029375024411039827,0.27623358759440664,0.007824474014341831,-0.008624395355582237,-0.0008053402998484671,0.0005535418150625684,-0.0007103457940785836,-0.0001771214057366877
1020,1625451603.3238618,0.0,-0.041236214339733124,-5.697633605450392e-05,0.006829528138041496,-0.000402780797785017,0.029372249727651407,0.2762351621024098,-0.004958699457347393,0.012680893763899803,0.003455717582255602,0.0003960150938818202,-0.0002721504673651546,-8.453939490311994e-05
1021,1625451603.364177,0.0,-0.04128362983465195,-0.00023244903422892094,0.006818808615207672,-0.00044502857224770764,0.029388052665268068,0.27623283418650924,0.002498151734471321,-0.0022328088525682688,-0.0008053402998484671,-0.0015936614494784778,0.0002709861074465119,-1.4066673837920489e-05
1022,1625451603.374356,0.0,-0.041307441890239716,-0.0002573947131168097,0.006800878793001175,-0.0004603176966264805,0.029394520413435696,0.2762331452712914,0.0174118559807539,-0.0022328088525682688,0.0013251886703073978,-0.00220617597674312,0.001027237292785167,-0.00016436125609851083
1023,1625451603.3840723,0.0,-0.041314661502838135,-0.0002909541944973171,0.006787687540054321,-0.00046030455625589023,0.029393617482931303,0.27623435351769854,0.000367622880730778,-0.007559130899608135,-0.007196926977485418,-0.0008421707829979031,0.000221973381306321,0.00011416712283816728
1024,1625451603.394402,0.0,-0.041278041899204254,-0.0002982429869007319,0.006793064996600151,-0.0004680309149995565,0.029384244384826688,0.27623436619504066,0.011020267382264137,-0.0022328088525682688,-0.0008053402998484671,-0.000470098669926973,-0.00043405513498118257,9.724840037100023e-05
1025,1625451603.4045358,0.0,-0.041297849267721176,-0.00034507352393120527,0.006791075691580772,-0.00048718311890133537,0.0293869065679163,0.27623776328958244,0.01208553183823824,-0.015015983022749424,0.0023904531262815,-0.0008989980250346163,0.00010407587352185211,-7.529951930589977e-06
1026,1625451603.4142795,0.0,-0.041274890303611755,-0.00031036726431921124,0.0067926812916994095,-0.00047738189815206555,0.029385529346923567,0.27623557266363874,-0.002828170545399189,0.0030935134273022413,-0.0018706046976149082,-0.0005726555477198138,4.762827427364407e-05,4.688891374234067e-05
1027,1625451603.4245908,0.0,-0.04126017913222313,-0.0003116783336736262,0.006776731461286545,-0.00046814433917191645,0.029379325510292757,0.2762337392511461,-0.009219757281243801,0.0009629845153540373,-0.0018706046976149082,0.0006069027648781686,-0.0005215545472174043,-8.340962475610824e-05
1028,1625451603.4341676,0.0,-0.04124339669942856,-0.0003257158095948398,0.00677727535367012,-0.0004782537375193907,0.02937966989682919,0.27623510476643215,-0.015611344017088413,0.006289307028055191,0.00771677540615201,-4.553967192176175e-06,-0.0004618636886703751,-0.00018949101490375918
1029,1625451603.4442894,0.0,-0.04123698174953461,-0.0003457832499407232,0.00679393857717514,-0.00047817235745482856,0.02937284244415775,0.2762346024712432,0.004628680646419525,-0.02140756882727146,0.006651510950177908,-0.000157032014627033,-0.0001555966900536521,-0.00011351181931300346
1030,1625451603.4541514,0.0,-0.04122675955295563,-0.0002951233764179051,0.006770182400941849,-0.0004664428254337466,0.0293729955717918,0.27623125770164886,-0.006023963913321495,-0.005428601987659931,-0.0029358691535890102,0.0006107133797222108,-0.0003202435700668071,-8.587573955182946e-05
1031,1625451603.4941268,0.0,-0.04120109602808952,-0.0002902013366110623,0.006791397929191589,-0.0004659866837900678,0.02936106199561915,0.27623758189365805,0.000367622880730778,-0.00010227994062006474,0.0013251886703073978,0.00018414665475578455,-0.000566941194223377,8.387883297846637e-05
1032,1625451603.5033915,0.0,-0.041225891560316086,-0.0002647320507094264,0.0068039484322071075,-0.00045643790978894955,0.029373868114603296,0.2762336234775111,-0.001762906089425087,0.006289307028055191,0.00771677540615201,0.00012651164583434287,-2.3638482035017492e-05,3.5428726207680143e-06
1033,1625451603.5137599,0.0,-0.04122340306639671,-0.00024082223535515368,0.00679175928235054,-0.0004520648590226814,0.029363472506601443,0.27623716287197814,-0.003893435001373291,-0.0011675443965941668,-0.004001133609563112,0.0006991114695556472,0.00022966298228631397,-0.00012722124466685154
1034,1625451603.523574,0.0,-0.041254933923482895,-0.000250484561547637,0.006789211183786392,-0.0004550481792815475,0.02937900622580799,0.2762352672225226,0.011020267382264137,-0.011820188723504543,0.003455717582255602,6.123063437498533e-05,0.00044921489184951825,-3.1147422273694266e-06
1035,1625451603.533668,0.0,-0.041225504130125046,-0.00026373518630862236,0.006812207400798798,-0.00045921877030527525,0.029368912412789216,0.27623549229742916,0.004628680646419525,-0.00010227994062006474,0.004520982038229704,-0.0004926832878622397,0.00037494479590514896,-3.995780415561014e-05
1036,1625451603.5435414,0.0,-0.04124601557850838,-0.0003142737259622663,0.006808847188949585,-0.00047332721857004656,0.029374425446556073,0.2762370779620571,-0.001762906089425087,0.0030935134273022413,-0.0008053402998484671,-0.0010267664282140358,-0.00025219587854011667,0.00013304099977264178
1037,1625451603.5534081,0.0,-0.0412377193570137,-0.0003302102268207818,0.006797797977924347,-0.00047705891801720635,0.029366227879131207,0.27623780696349604,-0.011350286193192005,-0.010754924267530441,-0.0008053402998484671,-0.0009404238977020863,-0.00033540054904458754,0.0003379338239349178
1038,1625451603.5634692,0.0,-0.041227661073207855,-0.0003193621523678303,0.006825391203165054,-0.0004722702290317071,0.029371447387425337,0.2762373190580803,-0.006023963913321495,-0.004363337531685829,-0.0008053402998484671,-0.000178856020554835,-0.0005358092212370792,0.00040692603827082965
1039,1625451603.5732794,0.0,-0.041283782571554184,-0.0003120370674878359,0.006834069266915321,-0.0004737540680736993,0.029384839069612277,0.2762355019912827,-0.006023963913321495,0.0009629845153540373,0.0023904531262815,-2.6038609479148513e-05,0.0006418843788746238,3.141105499330345e-05
1040,1625451603.5833514,0.0,-0.04122927784919739,-0.00030980713199824095,0.006841646507382393,-0.00047306813864126523,0.02936692941379071,0.276237957346358,0.006759209558367729,-0.011820188723504543,-0.0018706046976149082,-2.3439845447318206e-05,0.00010637022878736453,-4.478550261172481e-05
1041,1625451603.6206741,0.0,-0.041246380656957626,-0.00025090118288062513,0.006777377799153328,-0.000460215738110302,0.02937384753613833,0.27623850698885716,-0.009219757281243801,0.007354571484029293,-0.005066398065537214,0.0006001283713165456,-0.0008736726594229281,9.35116739677868e-05
1042,1625451603.6305974,0.0,-0.0412866435945034,-0.0002657822915352881,0.0067839473485946655,-0.00045902049807725054,0.02938605286547337,0.27623571283893034,0.005693945102393627,0.0009629845153540373,-0.0018706046976149082,0.0009432206959599866,0.0002922475370714914,-8.535949530717355e-05
1043,1625451603.6413975,0.0,-0.041270382702350616,-0.00024098213179968297,0.006749117746949196,-0.00045088184087324623,0.029388071533657495,0.27623144056293586,-0.002828170545399189,-0.003298073308542371,-0.0018706046976149082,0.0006046043857633878,0.0002555118822818054,-0.00015314104180137305
1044,1625451603.6507277,0.0,-0.04128165543079376,-0.0002910429029725492,0.006746107712388039,-0.0004643548708451878,0.029385246521417586,0.2762340848894639,0.02060764841735363,-0.005428601987659931,-0.0029358691535890102,-0.0002448210548774385,0.00020702799319678158,1.214929965975464e-05
1045,1625451603.660657,0.0,-0.04136742278933525,-0.0002640746533870697,0.006722854450345039,-0.0004592847496824523,0.02940518316649436,0.276231581719097,-0.017741871997714043,-0.007559130899608135,0.0002599241561256349,-0.0005008726037866633,0.0006382778578941341,7.558411737875423e-05
1046,1625451603.6711457,0.0,-0.04134364426136017,-0.000257606094237417,0.0067249927669763565,-0.0004575866335789283,0.0294006590750817,0.27623550180363415,-0.004958699457347393,-0.008624395355582237,-0.012523249723017216,0.0003476171984826875,0.0006365715826368056,-0.00010618578612061316
1047,1625451603.6806774,0.0,-0.04139554128050804,-0.000261299021076411,0.006731979548931122,-0.000456079584038753,0.029418029561550124,0.27623244263965996,-0.037981897592544556,0.006289307028055191,-0.0029358691535890102,0.00012534055094427776,-1.3088102526489627e-05,8.232994957004911e-05
1048,1625451603.6906693,0.0,-0.041330840438604355,-0.00028689889586530626,0.006714509800076485,-0.00046543317886474367,0.029399128268491607,0.2762336375745187,-0.010285021737217903,0.004158778116106987,-0.0029358691535890102,-0.00024046694368131877,-0.00023941849738354172,1.870860421864353e-05
1049,1625451603.7011108,0.0,-0.0413990318775177,-0.0002968374465126544,0.00671997107565403,-0.00046829666096445677,0.029416792661352588,0.2762319735019413,0.006759209558367729,-0.016081247478723526,-0.005066398065537214,-0.0003986302878318093,0.00026591089882080143,-0.00010113807830632203
1050,1625451603.7105618,0.0,-0.04132692515850067,-0.00034853076795116067,0.006713220849633217,-0.0004821506078174012,0.0293997394528663,0.2762323139479231,0.006759209558367729,-0.008624395355582237,0.004520982038229704,-0.00040445946135622056,0.00014314970960198394,-6.707776653077576e-05
1051,1625451603.75214,0.0,-0.04133479297161102,-0.00034088859683834016,0.006737811490893364,-0.00048407253558251095,0.029400934202518478,0.27623442923973174,-0.006023963913321495,0.0009629845153540373,-0.0008053402998484671,-0.0012922854169256552,-0.0006991864223817774,8.883721274426588e-05
1052,1625451603.761715,0.0,-0.04133535549044609,-0.00030955090187489986,0.006717534735798836,-0.00047159291160761563,0.02939436225342547,0.2762355912501593,0.016346590593457222,-0.01288545224815607,0.0023904531262815,-0.00015613324944499166,0.0002986402780291314,-8.050946484722764e-05
1053,1625451603.771505,0.0,-0.041371479630470276,-0.0002940884733106941,0.00671607069671154,-0.00046729938011202954,0.029409509891719338,0.2762369636961969,-0.002828170545399189,0.007354571484029293,0.0023904531262815,0.0006096419192690534,0.0005402173749398964,-2.8653497879625658e-05
1054,1625451603.781607,0.0,-0.04134346544742584,-0.0002601243613753468,0.006731119006872177,-0.00045252183266926427,0.02940649646328642,0.27623499849904476,0.007824474014341831,0.010550364851951599,0.006651510950177908,0.0005768238640643631,0.00037492801919631957,5.396341020136066e-05
1055,1625451603.7918935,0.0,-0.041359759867191315,-0.00022760836873203516,0.006725117564201355,-0.00044641678249845995,0.029407054855240068,0.27623132225999925,-0.015611344017088413,-0.003298073308542371,-0.0029358691535890102,0.0011729528845927403,-0.0003870620754664196,-0.00015141118195168826
1056,1625451603.8018003,0.0,-0.04134058207273483,-0.00020885071717202663,0.006734816357493401,-0.0004444161464285182,0.029399978613124926,0.27623379866031583,-0.007089228369295597,0.005224042572081089,0.0013251886703073978,0.00038631809777385333,-0.00041729893384815937,-1.6973409703618692e-06
1057,1625451603.811602,0.0,-0.04133946821093559,-0.00023319036699831486,0.006721535697579384,-0.0004507422685347817,0.029403465633110838,0.27623192061495433,-0.007089228369295597,-0.005428601987659931,-0.005066398065537214,-0.0002584658145990553,-0.00016984924359865548,4.794925928078327e-05
1058,1625451603.8218937,0.0,-0.04130256548523903,-0.000243566173594445,0.0067148469388484955,-0.0004532258549104981,0.029388445906989087,0.27623651659629495,-0.003893435001373291,-0.008624395355582237,0.0023904531262815,-0.0003500628857723336,-0.00046787956171605993,0.00018928248339247677
1059,1625451603.8317719,0.0,-0.04134420305490494,-0.0002195780980400741,0.006707688793540001,-0.00044935980570909306,0.029398906943246206,0.2762336074837053,-0.007089228369295597,-0.00010227994062006474,-0.0008053402998484671,7.531068637526147e-05,-0.00030543215633548564,6.671448179948517e-05
1060,1625451603.842289,0.0,-0.04136331379413605,-0.0002312645665369928,0.006695577874779701,-0.00045205601262041095,0.02940989473090149,0.2762322181590477,0.002498151734471321,0.008419835940003395,-0.0008053402998484671,6.660465279339608e-05,0.0008968937789087761,-0.00014978607886663496
1061,1625451603.8800402,0.0,-0.04142019525170326,-0.0002544553717598319,0.006682870909571648,-0.0004552489150278158,0.029425650927885988,0.2762288017251441,-0.015611344017088413,-0.005428601987659931,-0.004001133609563112,-0.0006686916140044164,0.0012238725465003476,-0.00010478746775566714
1062,1625451603.889747,0.0,-0.04142994061112404,-0.0002598836726974696,0.006701014935970306,-0.0004543429042208405,0.029431426502737203,0.2762291760844014,0.014216060750186443,-0.016081247478723526,0.0013251886703073978,-0.00039969916970112647,0.001354287637156089,-0.00023737738539525587
1063,1625451603.8998477,0.0,-0.04145580530166626,-0.00023709528613835573,0.006676673889160156,-0.0004502862775096969,0.029429631519103147,0.2762282564087461,-0.008154492825269699,0.008419835940003395,-0.0029358691535890102,-0.00012796803207895744,-3.571458018369822e-05,3.3374087897813935e-05
1064,1625451603.9100025,0.0,-0.041384875774383545,-0.0002739648043643683,0.006683897227048874,-0.00046054262871460944,0.029409032598170633,0.2762323151304058,0.009955002926290035,0.0020282489713281393,-0.0018706046976149082,-0.0007763641466958935,-0.001004535616174001,0.0001266610095804342
1065,1625451603.920492,0.0,-0.04143112152814865,-0.0002076340897474438,0.00672636553645134,-0.0004469413949432441,0.029419072216111362,0.27623215304948007,-0.010285021737217903,-0.008624395355582237,0.0023904531262815,0.00014761431289483896,-0.0006188872567488801,5.214993120739235e-05
1066,1625451603.9301913,0.0,-0.041374459862709045,-0.00016234611393883824,0.006733093410730362,-0.00043746414334810274,0.029411219946547155,0.2762319277667513,-0.001762906089425087,0.0020282489713281393,0.0023904531262815,0.001180986022399843,-9.516772578923231e-05,-8.894487783880284e-05
1067,1625451603.939656,0.0,-0.04138730466365814,-0.00013538720668293536,0.0067316703498363495,-0.00042115542133121936,0.029417756142567864,0.27622972289637054,0.009955002926290035,-0.00010227994062006474,-0.0008053402998484671,0.0010804690378852287,0.0001965594092012234,-0.00011185133049213999
1068,1625451603.9497926,0.0,-0.041337039321660995,-0.00014734300202690065,0.006715590134263039,-0.00042947135764453276,0.029398020714022387,0.276233999926079,-0.002828170545399189,-0.0022328088525682688,-0.005066398065537214,0.0005498698695489824,-0.00044726584192059235,0.00010638640188961028
1069,1625451603.9600875,0.0,-0.04135701060295105,-0.000105423474451527,0.006734644994139671,-0.0004190296199925031,0.02940856409967188,0.27623236793091616,0.013150796294212341,-0.016081247478723526,0.0013251886703073978,9.841629827545665e-05,-0.00039608458006011913,0.00010739335510555914
1070,1625451603.9698377,0.0,-0.04136914014816284,-0.00014657454448752105,0.0067185088992118835,-0.000423726490450374,0.029405955920836092,0.2762325060703614,-0.012415550649166107,-0.008624395355582237,-0.0018706046976149082,0.00011501549200499897,0.0001084639594519531,-8.752317369038024e-05
1071,1625451604.0076172,0.0,-0.04138274863362312,-0.0001207202731166035,0.006748374551534653,-0.0004237345097858197,0.02941170290774655,0.27623308011526426,-0.01348081510514021,0.006289307028055191,0.005586246494203806,0.00019114395538285235,-0.000687728333402574,2.862652606381916e-05
1072,1625451604.0175939,0.0,-0.04139665886759758,-9.956338908523321e-05,0.00672399066388607,-0.0004170468375966005,0.029417692248737824,0.2762336750457487,-0.009219757281243801,0.007354571484029293,-0.008262191899120808,0.0004099959766785399,-8.224756855682615e-05,7.185234597390156e-05
1073,1625451604.0275817,0.0,-0.04141867533326149,-0.00012519012670964003,0.006736932322382927,-0.00042441299341637595,0.029421631697587533,0.2762318379332307,0.009955002926290035,-0.006493866443634033,0.003455717582255602,3.384962892386204e-05,0.0006053190481759105,2.4294044961659294e-07
1074,1625451604.0379844,0.0,-0.04141319915652275,-9.541783947497606e-05,0.006736889481544495,-0.0004163902142894499,0.02942326628925531,0.2762340900618864,-0.000697641575243324,-0.01288545224815607,-0.00932745635509491,0.00033609094084621337,0.00019584722349080268,0.00013256408925223386
1075,1625451604.0477002,0.0,-0.0414300337433815,-0.00010893147555179894,0.006749428808689117,-0.000414566671010759,0.029427756408054388,0.27623092028792623,0.008889738470315933,0.010550364851951599,-0.0018706046976149082,0.00027196384416539043,0.00025019427271663386,-5.334982139345504e-05
1076,1625451604.0578148,0.0,-0.04144534841179848,-0.00012302404502406716,0.006750136613845825,-0.00042146997679114173,0.02942905817685669,0.2762318715217448,-0.006023963913321495,0.008419835940003395,-0.005066398065537214,-0.0005242966693771881,0.00013191950250508004,-0.00011405232050922357
1077,1625451604.067607,0.0,-0.041451964527368546,-0.0001544373226352036,0.0067505184561014175,-0.0004302267766770132,0.02943157261162052,0.2762279323653535,0.009955002926290035,-0.010754924267530441,0.006651510950177908,-0.0005814664310061316,0.0002656926315378498,-2.421352224037845e-05
1078,1625451604.0782938,0.0,-0.04142177850008011,-0.00011885486310347915,0.0067654382437467575,-0.00042403576953863736,0.029422614736654508,0.27623422270884584,-0.008154492825269699,0.0020282489713281393,0.006651510950177908,-6.242364159478977e-05,-3.846968836785289e-05,-4.1092382341352134e-05
1079,1625451604.0878172,0.0,-0.041420359164476395,-0.00011302423081360757,0.006765834987163544,-0.00042211688185662954,0.02942219461607251,0.276234011784369,0.004628680646419525,0.009485100395977497,0.005586246494203806,0.00018551348131885508,-0.00019454101361307048,3.122053313567375e-05
1080,1625451604.0977452,0.0,-0.04139808192849159,-0.00012074754340574145,0.006780819967389107,-0.00042505182875699626,0.02941801121607105,0.2762336136985535,0.005693945102393627,-0.008624395355582237,0.0013251886703073978,9.994040189264099e-05,-0.00011564315401998927,-3.136900650474633e-05
1081,1625451604.1378357,0.0,-0.04137793183326721,-0.0001675981329753995,0.006796654313802719,-0.00043552640842338397,0.029415178436622696,0.2762328042599581,-0.01348081510514021,0.008419835940003395,0.0023904531262815,-0.00040204325540006865,-0.0007196435574305344,7.221249543005315e-05
1082,1625451604.1476192,0.0,-0.04134812951087952,-0.0001792441471479833,0.006804928183555603,-0.00044501018108103474,0.029402025045441565,0.2762355815451195,-0.004958699457347393,0.006289307028055191,-0.004001133609563112,-0.0007431477883866719,-0.0007742170890519726,0.00010976803561152588
1083,1625451604.157476,0.0,-0.0414000004529953,-0.00018274664762429893,0.006799088791012764,-0.00044288092065519064,0.029424135809526047,0.27622899367338294,-0.002828170545399189,-0.008624395355582237,0.0023904531262815,-0.00027225784014213976,0.00024182731268465658,-8.615525764287758e-05
1084,1625451604.1673448,0.0,-0.041334208101034164,-0.00022190305753611028,0.006803341209888458,-0.00045366154794233143,0.02940494851543205,0.27623285730439406,-0.006023963913321495,-0.004363337531685829,0.00771677540615201,-0.00048741367905524814,2.1619463802776473e-05,-0.00011837144845125972
1085,1625451604.177344,0.0,-0.04138854518532753,-0.00022011887631379068,0.006804715842008591,-0.00044732246797532516,0.029417779611715066,0.2762295602262458,-0.010285021737217903,-0.013950717635452747,0.0002599241561256349,-0.00018332513022459722,-0.0004996389408341001,6.418124750240698e-05
1086,1625451604.1882863,0.0,-0.04133591800928116,-0.0002396630879957229,0.006803726777434349,-0.0004583595442338925,0.029395612023690773,0.2762374629635204,-0.002828170545399189,-0.0011675443965941668,-0.004001133609563112,-0.0005269744336991664,-0.0004169854873182291,0.00018483660627092367
1087,1625451604.1977644,0.0,-0.04135582596063614,-0.00022046267986297607,0.0067926496267318726,-0.0004558846975692074,0.029406017412202334,0.2762362758340045,0.000367622880730778,-0.00010227994062006474,0.0002599241561256349,-0.00042093696033792925,-0.0003643885692984929,0.0001684641292438134
1088,1625451604.2077005,0.0,-0.041324544697999954,-0.00023082082043401897,0.006817247718572617,-0.00045957888551878545,0.029396343163419804,0.2762350432027557,-0.014546079561114311,-0.00010227994062006474,0.0013251886703073978,1.9075720684273736e-05,-0.00014700711252277983,-9.113820444545824e-05
1089,1625451604.2173717,0.0,-0.041310396045446396,-0.0002081935526803136,0.006796862930059433,-0.0004524865953918697,0.029393536254749386,0.2762381463961247,0.011020267382264137,-0.006493866443634033,0.003455717582255602,5.7177794155152404e-05,-0.00046532062853554086,1.5121789608745757e-05
1090,1625451604.2276056,0.0,-0.04131534695625305,-0.0002185154298786074,0.006823897361755371,-0.00045351807013002676,0.029392795106649314,0.2762357082090485,0.000367622880730778,0.0030935134273022413,-0.0018706046976149082,0.00020454284254054408,-0.00015490840468367707,5.267081139845814e-05
1091,1625451604.2672737,0.0,-0.041355062276124954,-0.00019544537644833326,0.006808802485466003,-0.0004465923383956058,0.029403980024136196,0.2762343198009899,0.003563416190445423,-0.008624395355582237,0.008782039396464825,0.00028668762934738734,0.0004288254418517465,-8.060019164127421e-05
1092,1625451604.277108,0.0,-0.04136832058429718,-0.00019010069081559777,0.0068003032356500626,-0.0004361248084251215,0.02940961004913553,0.276235600245027,-0.008154492825269699,-0.006493866443634033,-0.0018706046976149082,0.0006070344114879934,0.0006800305990126408,-1.3420812059632236e-05
1093,1625451604.28708,0.0,-0.04139668121933937,-0.000196102075278759,0.006820289418101311,-0.0004475349207435156,0.02941919340264574,0.2762306439870685,-0.007089228369295597,0.005224042572081089,0.005586246494203806,-0.00036367172378803686,0.0005871810982878816,-0.00014792202622296194
1094,1625451604.297021,0.0,-0.04139162227511406,-0.00019287207396700978,0.006814276799559593,-0.0004402155648517772,0.029412045904931128,0.276229474911792,0.003563416190445423,0.006289307028055191,-0.0008053402998484671,-0.00020113825495325275,0.0003018873720738004,-0.0003302475163082213
1095,1625451604.3068001,0.0,-0.04137793183326721,-0.00013981334632262588,0.006792489439249039,-0.00043063361507195835,0.029407319219893993,0.2762336999985042,0.008889738470315933,-0.0022328088525682688,-0.0029358691535890102,0.001208107190605523,-0.0005174763762367847,7.55978265406624e-05
1096,1625451604.316732,0.0,-0.04138024151325226,-0.0001308618811890483,0.006800629198551178,-0.0004313468247315183,0.029408135234631164,0.2762348605324293,0.003563416190445423,-0.00010227994062006474,0.0002599241561256349,0.00046573145630862645,-0.0003706639994340127,0.0003294559289793542
1097,1625451604.3273256,0.0,-0.04139399155974388,-9.330475586466491e-05,0.006773225963115692,-0.0004231107711629295,0.029417737235533828,0.2762345258199491,-0.016676606610417366,-0.005428601987659931,0.0002599241561256349,0.00030403917889936487,0.0001537975434056305,2.8430323926387467e-05
1098,1625451604.3370152,0.0,-0.041416093707084656,-5.4920557886362076e-05,0.006761711090803146,-0.000406403301937662,0.029425144795752915,0.276234585971337,-0.019872400909662247,0.008419835940003395,0.004520982038229704,0.0008107672759338359,0.0003597574934999522,1.5955907923130655e-05
1099,1625451604.3471582,0.0,-0.041362542659044266,-5.5248819990083575e-05,0.006746441125869751,-0.0004057144872095103,0.029412122466890303,0.2762354659874991,-0.004958699457347393,0.009485100395977497,0.00771677540615201,0.0005223387650768164,-0.00044544739866033664,4.0738231163745e-05
1100,1625451604.3570983,0.0,-0.04142392426729202,-8.927215822041035e-05,0.006778547540307045,-0.00041725995401540455,0.029475020360344953,0.27615913649683277,-0.007089228369295597,-0.010754924267530441,-0.0029358691535890102,-0.000132505139892254,0.002932437184900463,-0.0042395005151499915
1101,1625451604.3987312,0.0,-0.04137858375906944,-4.7994195483624935e-05,0.00678945891559124,-0.0004056882693856678,0.029400710010066326,0.2762523843521471,-0.024133458733558655,-0.013950717635452747,0.005586246494203806,0.0006040182524457397,0.001932728433684609,-0.0034666134514473768
1102,1625451604.4084795,0.0,-0.04138229042291641,-0.00016180850798264146,0.006813839077949524,-0.000438053942334371,0.029401471975371088,0.27625022928815246,0.01208553183823824,-0.016081247478723526,0.0023904531262815,-0.0003783498877594164,-0.0007502549380444838,0.0005565304519381024
1103,1625451604.418379,0.0,-0.041468750685453415,-0.00011938324314542115,0.006804727017879486,-0.0004292384017360387,0.02942328946748165,0.27624701597458756,-0.01880713738501072,0.019072478637099266,-0.0029358691535890102,-0.0015016221607378887,0.0006726291039021624,-0.00011455760092689012
1104,1625451604.4284282,0.0,-0.041433315724134445,1.061221701093018e-05,0.006786167621612549,-0.00039537681924696477,0.029408967916483265,0.27625271554247605,0.003563416190445423,0.010550364851951599,0.0023904531262815,0.0018606427424521226,0.0004845111576428622,6.584252403303628e-05
1105,1625451604.438621,0.0,-0.04144016653299332,2.640404272824526e-05,0.006769133731722832,-0.0003873864795226195,0.029412947902816622,0.27625199696815783,-0.006023963913321495,-0.006493866443634033,-0.005066398065537214,0.0025322028146216526,-0.00020297056401972452,0.00020601848263066954
1106,1625451604.4485292,0.0,-0.04137155041098595,-8.876927313394845e-05,0.006762022152543068,-0.00041890241804059397,0.02939270699055642,0.2762524735918711,0.007824474014341831,-0.007559130899608135,-0.005066398065537214,-0.0011332247774155898,-0.0005929619532217485,0.00012707946863837203
1107,1625451604.4589515,0.0,-0.04143007844686508,-0.0001053022569976747,0.0067702047526836395,-0.0004239269442197352,0.029410923585024604,0.27625341093861183,0.005693945102393627,-0.003298073308542371,-0.008262191899120808,-0.0020880504424077486,0.00015945303023005345,3.257550262214566e-05
1108,1625451604.4685085,0.0,-0.041398026049137115,-4.908390110358596e-06,0.006741536781191826,-0.0004010696390723406,0.02940316799151952,0.2762532844635299,-0.002828170545399189,0.015876686200499535,0.0013251886703073978,0.0006024854796680195,0.0002889139021458003,-0.00010018462736138841
1109,1625451604.4785516,0.0,-0.04137461259961128,-8.339149644598365e-06,0.006711943075060844,-0.000388949096805237,0.02939185774935442,0.27625496993065685,0.01528132427483797,-0.003298073308542371,0.0002599241561256349,0.0017872615915595052,-0.0007169435492030931,-3.466949843070285e-05
1110,1625451604.488512,0.0,-0.0413188561797142,-3.8278347346931696e-05,0.0067145936191082,-0.0004003478319575607,0.029382242306056766,0.27625364926318263,-0.001762906089425087,-0.006493866443634033,0.0013251886703073978,0.00024314827380093824,-0.0008332024894169207,3.519271409914269e-05
1111,1625451604.529432,0.0,-0.041268788278102875,-1.788983354344964e-05,0.006717531010508537,-0.00040057319487499243,0.029366488501261057,0.27625836471229903,0.007824474014341831,-0.011820188723504543,-0.0008053402998484671,-0.00013491383761526636,-0.0011455200845058545,-7.243553184197381e-06
1112,1625451604.539238,0.0,-0.041210781782865524,-7.004433427937329e-05,0.006742062047123909,-0.0004125719159569982,0.029346711463065354,0.27626159240849335,0.011020267382264137,-0.00968965981155634,0.00771677540615201,-0.00029922780039309615,-0.001345618990027317,0.0001412145127368566
1113,1625451604.5492127,0.0,-0.04124056547880173,-8.30392527859658e-05,0.006733326241374016,-0.0004158395777857579,0.02935864031453602,0.27626069691644556,0.011020267382264137,-0.015015983022749424,-0.006131662521511316,-0.0008661897795062962,-0.00018857983667261232,0.00010894190906588893
1114,1625451604.5601888,0.0,-0.041246410459280014,-4.081721999682486e-05,0.006726974621415138,-0.0004072726912785554,0.029358341826852728,0.2762583049268928,-0.003893435001373291,-0.019277041777968407,0.005586246494203806,0.0004849360544059905,0.00044670216538630263,-6.372599007042487e-05
1115,1625451604.5692773,0.0,-0.041255198419094086,-5.744805093854666e-06,0.006736321374773979,-0.0003948444092419928,0.029367445553298413,0.2762546326875411,0.003563416190445423,-0.007559130899608135,0.003455717582255602,0.0008037238526134845,0.0005299154141046436,-0.00018335267135251285
1116,1625451604.5793462,0.0,-0.04122752323746681,-2.313285949639976e-05,0.006725665181875229,-0.00040507049979259663,0.029352012606991947,0.27625910082141486,-0.009219757281243801,-0.010754924267530441,0.003455717582255602,-0.00010661484580324883,3.262652225016184e-05,-1.1358736287704556e-05
1117,1625451604.5892704,0.0,-0.04124649986624718,3.286445280537009e-05,0.006715046241879463,-0.00038625689697870114,0.02936239573105842,0.2762600149445311,0.004628680646419525,-0.00968965981155634,-0.0008053402998484671,0.0005252915118102004,-0.00012151797639417268,1.748500359016593e-05
1118,1625451604.5991454,0.0,-0.04127504304051399,5.665366188623011e-05,0.006700091063976288,-0.00037925999659110116,0.029366377512763664,0.2762572427812303,-0.004958699457347393,-0.0011675443965941668,-0.006131662521511316,0.0012872732988922382,0.0006835370805935312,-7.341234001728829e-05
1119,1625451604.6096206,0.0,-0.04128129780292511,4.8812449676916e-05,0.006704611703753471,-0.0003788974473553641,0.029372963246005093,0.27625877179178887,-0.004958699457347393,-0.006493866443634033,0.0013251886703073978,0.0005043327454027321,0.00039486212236530143,3.119099549138395e-05
1120,1625451604.6192043,0.0,-0.041310813277959824,5.740410415455699e-05,0.006669092923402786,-0.0003748598401257103,0.029377250398375895,0.2762534800273736,0.011020267382264137,-0.0011675443965941668,-0.005066398065537214,0.00012424481891952938,0.0006575282324216036,-0.00024143527612905579
1121,1625451604.6613245,0.0,-0.04129043594002724,7.018260657787323e-05,0.006696196272969246,-0.0003724481510010008,0.029376546282612694,0.27625686243955283,0.005693945102393627,-0.013950717635452747,0.0023904531262815,0.00011410862224674267,0.00011817925782539998,-0.0001439839326145727
1122,1625451604.6715767,0.0,-0.04129777103662491,7.851456757634878e-05,0.006708433851599693,-0.00037658659470975187,0.02937966035704511,0.2762591294484439,0.000367622880730778,-0.007559130899608135,0.003455717582255602,-0.0004209226482213189,-0.00035484441550496983,0.00017590136510491782
1123,1625451604.6813908,0.0,-0.041264016181230545,7.118942448869348e-05,0.006689190864562988,-0.0003719435896002224,0.029366436996816028,0.27625838043572737,0.000367622880730778,-0.003298073308542371,0.0023904531262815,-0.00029243684637171336,-0.000498594837596631,1.4210528772445583e-05
1124,1625451604.6916735,0.0,-0.041217535734176636,9.132659761235118e-05,0.00670841708779335,-0.00036993902948228435,0.029356541614380324,0.27625869482859056,-0.001762906089425087,0.005224042572081089,-0.0029358691535890102,-8.654433496940532e-06,-0.0009369787512713099,8.157869016498076e-05
1125,1625451604.701956,0.0,-0.04121662676334381,5.55102014914155e-05,0.006709592416882515,-0.0003768725781217244,0.029352227475697858,0.27626150838624547,-0.006023963913321495,-0.00010227994062006474,-0.0008053402998484671,-0.000267939216759325,-0.0009007179961115474,0.00024973010208122193
1126,1625451604.7113805,0.0,-0.041217707097530365,7.27041915524751e-05,0.006695704534649849,-0.0003748733370481233,0.029354629900854898,0.27626369126658823,-0.006023963913321495,0.0009629845153540373,0.004520982038229704,-5.0686912817881573e-05,-0.00039165144947310833,0.0001329303456396808
1127,1625451604.7212636,0.0,-0.04119783267378807,9.688318823464215e-05,0.00670807808637619,-0.0003654387812546192,0.029350202303572118,0.27626184271314963,-0.002828170545399189,-0.004363337531685829,-0.0008053402998484671,0.0007197071199614928,6.063628623913426e-05,-3.986912043408637e-05
1128,1625451604.7321103,0.0,-0.041158922016620636,9.876897092908621e-05,0.006720215082168579,-0.00035947006549724714,0.029332561324938874,0.27626548443108245,0.005693945102393627,-0.00010227994062006474,0.004520982038229704,0.0007400470657936748,-0.0006009792763410508,-2.861423454760046e-05
1129,1625451604.741537,0.0,-0.04116867482662201,9.471495286561549e-05,0.00672384537756443,-0.0003691898874862362,0.029337043755098137,0.2762634286580158,0.009955002926290035,-0.0011675443965941668,0.009847303852438927,-0.00025698043698932723,-3.096368011921213e-05,-0.00013424796936451153
1130,1625451604.7514107,0.0,-0.041161973029375076,6.1241997173056e-05,0.006734011694788933,-0.00037917529539293476,0.029336213984914518,0.27626384275159177,0.005693945102393627,-0.007559130899608135,0.0013251886703073978,-0.0008039077065494087,0.0006088342509387831,-0.0001850258143369276
1131,1625451604.7909632,0.0,-0.04121483862400055,3.311785985715687e-05,0.0067138671875,-0.00038311798138478126,0.029349733475647732,0.27626041174542504,-0.002828170545399189,-0.006493866443634033,0.0013251886703073978,-0.00039940000852402155,0.000879494912638408,-5.534096033411936e-05
1132,1625451604.8006978,0.0,-0.04124537855386734,9.56615258473903e-05,0.006724391132593155,-0.00036642811904388783,0.029360139779741536,0.2762581862373834,-0.003893435001373291,0.0009629845153540373,0.0023904531262815,0.0005099020666086791,0.001320871647743266,-0.0002016697650680504
1133,1625451604.810695,0.0,-0.04125162959098816,8.394091855734587e-05,0.006706034764647484,-0.0003750041438590271,0.029359112959942632,0.2762606012977617,-0.010285021737217903,0.004158778116106987,-0.0029358691535890102,0.0001517694638695554,0.00031377343028677316,-5.409788223189293e-05
1134,1625451604.8208206,0.0,-0.04123620316386223,0.00011461257236078382,0.0067336540669202805,-0.000367350917020004,0.029360509061583065,0.2762602833091705,-0.008154492825269699,-0.00010227994062006474,0.0002599241561256349,4.6446758926794613e-05,0.00016132499372559158,-5.943328704149044e-05
1135,1625451604.8306274,0.0,-0.04121978208422661,0.00012379794497974217,0.006707889959216118,-0.0003581097424048135,0.029360175319296404,0.2762595050251252,-0.002828170545399189,-0.0022328088525682688,-0.0008053402998484671,0.0009429532604765585,6.614885607738771e-05,2.2896142373192844e-05
1136,1625451604.840773,0.0,-0.041200440376996994,8.081248961389065e-05,0.0067098625004291534,-0.00036981458080402596,0.02935474261888394,0.2762599773892521,-0.000697641575243324,-0.0011675443965941668,0.0013251886703073978,-0.0004457949964354236,-0.00038946861877524054,4.072638273080467e-05
1137,1625451604.8505619,0.0,-0.04123251140117645,6.265428964979947e-05,0.00669369101524353,-0.0003773917873154259,0.029354673064449395,0.27625888050816916,-0.006023963913321495,-0.0022328088525682688,0.0013251886703073978,-0.0009431491303411359,-0.0003300317583762132,7.260091945172971e-05
1138,1625451604.8606348,0.0,-0.041232772171497345,1.8158636521548033e-05,0.006659224629402161,-0.0003853132463978032,0.029364308752706424,0.27625508215795114,0.006759209558367729,-0.016081247478723526,-0.008262191899120808,-0.00043328183532424493,0.0003765708623524241,-0.00012901710064096135
1139,1625451604.8707457,0.0,-0.041261959820985794,2.5689107133075595e-05,0.0066729262471199036,-0.00038380729910075795,0.029368610729148863,0.27625792496724855,0.002498151734471321,-0.00968965981155634,0.004520982038229704,-0.00029864880630037184,0.0006406256299581472,-0.00018409835299295398
1140,1625451604.8806086,0.0,-0.0412202849984169,1.0584859410300851e-05,0.006682338193058968,-0.0003913197605989391,0.02935020824435202,0.2762630730455739,-0.010285021737217903,-0.0022328088525682688,-0.0008053402998484671,-0.0005526970289052495,-0.0007693391506795584,0.000398388869501085
1141,1625451604.9209204,0.0,-0.04121699556708336,1.2113509001210332e-05,0.006627392023801804,-0.0003887908209430496,0.029353158057541975,0.27625899847943675,-0.008154492825269699,-0.003298073308542371,0.003455717582255602,-0.000925435912031589,-0.0015827167916799873,0.0004916913393646613
1142,1625451604.930694,0.0,-0.04120178520679474,9.779934771358967e-06,0.006621144711971283,-0.00039215788213383534,0.029342264779277795,0.27626290474759874,0.001432887278497219,-0.019277041777968407,-0.004001133609563112,1.635625898398538e-05,-0.0005421094442034629,0.00017030759921276526
1143,1625451604.940634,0.0,-0.04121008515357971,1.1481170076876879e-06,0.006639683619141579,-0.0003953745180054341,0.029350310920698154,0.27626162670208987,-0.019872400909662247,-0.0022328088525682688,0.00771677540615201,-5.04201709928241e-06,-0.0002863524292510041,0.00015506765427600078
1144,1625451604.9507565,0.0,-0.04120860993862152,5.790093564428389e-05,0.006648954004049301,-0.0003741107010598252,0.02934795648190211,0.2762585129070608,-0.014546079561114311,0.007354571484029293,0.00771677540615201,0.0005572319631706187,-7.118378228729187e-05,-6.78268110548747e-05
1145,1625451604.9611025,0.0,-0.04122187942266464,6.432415102608502e-05,0.006653711199760437,-0.00037532513687784513,0.029354721703773887,0.2762588101912801,-0.000697641575243324,-0.00010227994062006474,0.0023904531262815,0.0008914805560073788,0.0002635628225833278,-0.00015498924915229996
1146,1625451604.9707062,0.0,-0.04121752455830574,2.3225846234709024e-05,0.006648465991020203,-0.00038651048114483194,0.029352442804373678,0.2762603154704411,0.001432887278497219,-0.01288545224815607,-0.006131662521511316,-0.0004455003493912289,0.00023454192577818773,-4.5391434024973005e-05
1147,1625451604.9809668,0.0,-0.041223179548978806,6.19382772129029e-05,0.006645277142524719,-0.0003757059302655838,0.029354077919041016,0.27626011411331675,0.001432887278497219,0.004158778116106987,0.004520982038229704,-0.00036910107545302446,-8.601284845133016e-05,4.044857734017485e-05
1148,1625451604.9909627,0.0,-0.04123169556260109,3.124753129668534e-05,0.006650276482105255,-0.000381500903794893,0.029353452099437724,0.27626149206642026,-0.002828170545399189,0.0030935134273022413,0.004520982038229704,-7.2580501896835036e-06,-0.00013926655923969297,0.00013420061477636313
1149,1625451605.000849,0.0,-0.04121959209442139,2.7582282200455666e-05,0.0066679734736680984,-0.00038614227811725743,0.029358797185162128,0.276259433365791,0.001432887278497219,-0.0022328088525682688,0.0002599241561256349,-0.0004218222567526189,-1.728088982348458e-05,9.73025734822606e-05
1150,1625451605.0107243,0.0,-0.04122409597039223,4.433441790752113e-05,0.006675144657492638,-0.0003817477300522981,0.02935625902465632,0.27626110345580784,-0.000697641575243324,-0.004363337531685829,0.0013251886703073978,8.397609201414883e-05,0.0002801210269671549,1.0454742570683357e-05
1151,1625451605.0492847,0.0,-0.04125596210360527,0.00012988984235562384,0.006695397198200226,-0.00035888843250041214,0.029363231596531945,0.2762588959082358,-0.015611344017088413,-0.004363337531685829,0.0002599241561256349,0.001323257884473915,7.24938564189992e-05,3.43533517313153e-05
1152,1625451605.0589442,0.0,-0.041215818375349045,0.00013576523633673787,0.006706519052386284,-0.00036054060500606555,0.02935209978283098,0.2762614749613336,0.004628680646419525,0.007354571484029293,0.004520982038229704,0.0009372830917967194,-0.0003118125157663704,4.739011149887828e-05
1153,1625451605.0691507,0.0,-0.04123974218964577,0.00014473285409621894,0.006707796826958656,-0.0003493554798851134,0.02936265836126569,0.27625796660764185,-0.001762906089425087,0.0020282489713281393,0.0023904531262815,0.00025636798294183987,-0.00011196844271887742,-6.217297043380578e-05
1154,1625451605.079131,0.0,-0.04119086638092995,0.00020555531955324113,0.006716500967741013,-0.00033582928490579617,0.029346287752551256,0.2762611979361396,0.003563416190445423,0.006289307028055191,0.008782039396464825,0.001021477587193845,-0.0002106336784942486,-2.0864196022061476e-05
1155,1625451605.089251,0.0,-0.04122626408934593,0.00019406905630603433,0.006723072379827499,-0.00034212024934286017,0.029356833878580187,0.27625719225802126,-0.002828170545399189,-0.004363337531685829,0.005586246494203806,0.000679557851948024,-0.0001447994102615929,8.240236450041558e-05
1156,1625451605.0993114,0.0,-0.041190773248672485,0.00021035163081251085,0.006707228720188141,-0.0003312624476209114,0.029338496498276724,0.2762635891195239,-0.007089228369295597,0.0020282489713281393,-0.004001133609563112,0.00014857811509373046,-0.00047028670711630777,0.000129010330527586
1157,1625451605.1091747,0.0,-0.04117254912853241,0.0002378015487920493,0.006711231544613838,-0.00033234510065550255,0.029342011088495365,0.27625796852538065,-0.003893435001373291,0.007354571484029293,-0.0018706046976149082,0.000369408831629069,-0.0006957884036881016,9.12778535253634e-05
1158,1625451605.1189938,0.0,-0.0411355122923851,0.0002365351829212159,0.00673026405274868,-0.0003306529194976593,0.029337863718985967,0.2762599289280838,-0.012415550649166107,0.009485100395977497,0.005586246494203806,0.00014075269674577694,-0.00031265029578685284,-8.82185762037602e-06
1159,1625451605.1289814,0.0,-0.04114177078008652,0.0002757992479018867,0.006716612726449966,-0.00031911746779843264,0.029330796836340198,0.2762608958166846,0.011020267382264137,-0.00968965981155634,0.0023904531262815,0.0006271754275805645,-0.00039085801889021535,8.841101128854679e-05
1160,1625451605.1391213,0.0,-0.04112965986132622,0.00028165648109279573,0.006735252216458321,-0.00031818050386178687,0.029327452578776392,0.27626135458935475,0.006759209558367729,0.010550364851951599,-0.0008053402998484671,0.0003694054173020298,-0.0003923012450404023,5.382749357465304e-05
1161,1625451605.1782908,0.0,-0.04110555723309517,0.0002027596055995673,0.006698803976178169,-0.0003328492195481328,0.02931905003527962,0.27626724718020496,-0.003893435001373291,0.006289307028055191,0.0013251886703073978,-0.0012243401493079481,-0.00026606335601983886,-4.393512353847272e-05
1162,1625451605.1877725,0.0,-0.041107840836048126,0.00018297656788490713,0.006711775436997414,-0.00034458918951436185,0.029328283893041818,0.27626383906350643,0.001432887278497219,-0.007559130899608135,0.003455717582255602,-0.001399762764059267,0.00030315294379564136,-0.00013458893136783696
1163,1625451605.197846,0.0,-0.04110056161880493,0.00021824307623319328,0.006731098517775536,-0.00033263805013940273,0.0293176127300123,0.2762685834495765,-0.008154492825269699,0.0009629845153540373,0.0013251886703073978,9.250896970065603e-06,-0.00023959036777783553,9.289904584286965e-05
1164,1625451605.2081485,0.0,-0.04109324514865875,0.0001822209160309285,0.006736051291227341,-0.0003456817668241949,0.02931938104727075,0.2762681539914112,0.002498151734471321,0.0030935134273022413,-0.00932745635509491,-0.00017289125584353304,-0.0004912574647254848,0.0001946492920022788
1165,1625451605.217933,0.0,-0.041112836450338364,0.00016562172095291317,0.006711157038807869,-0.00034647856982327613,0.029327679049793248,0.27626373366805945,-0.003893435001373291,-0.008624395355582237,0.0002599241561256349,-0.0008856779731954627,0.00026346774891095655,-0.00018116059611339867
1166,1625451605.2276378,0.0,-0.04112878441810608,8.543755393475294e-05,0.006712473928928375,-0.0003717961210196394,0.029328939926090612,0.2762645729754875,0.025933971628546715,-0.010754924267530441,0.0002599241561256349,-0.001328089541502059,0.0006171887283124996,-0.00010594251054230678
1167,1625451605.237834,0.0,-0.04116247221827507,5.5702636018395424e-05,0.006702039390802383,-0.0003822838815998597,0.029338296896807038,0.27626224293037444,0.01208553183823824,-0.015015983022749424,0.0013251886703073978,-0.0013046448790156229,0.000884535329111219,-4.389096885750415e-05
1168,1625451605.2480764,0.0,-0.041145335882902145,4.55905101262033e-05,0.006712084636092186,-0.00038565283827606683,0.02933252848495218,0.2762641140490968,-0.000697641575243324,0.005224042572081089,0.003455717582255602,-0.0007484363145082445,0.0006092506277787041,-7.23086831056894e-05
1169,1625451605.2580905,0.0,-0.04112128168344498,8.654722478240728e-06,0.006707288324832916,-0.00039248423126927307,0.029331831489583196,0.27626539754956825,0.001432887278497219,-0.00010227994062006474,-0.007196926977485418,-0.0007024188841687799,-4.899309543610078e-05,-1.3733397898701948e-05
1170,1625451605.2679942,0.0,-0.04111029952764511,1.7723068594932556e-05,0.0066878460347652435,-0.00039243061595085893,0.029322746896730867,0.2762654007413387,0.000367622880730778,-0.003298073308542371,0.0002599241561256349,-0.000165833515165224,-0.0005194133460177159,2.526882674897944e-05
1171,1625451605.312456,0.0,-0.04115357622504234,-3.9743841625750065e-05,0.006668027490377426,-0.00040460136113077555,0.029335686885182857,0.2762613848054565,-0.019872400909662247,0.0009629845153540373,0.0013251886703073978,-0.0007621996164966493,-0.000251562002177702,-4.5087066836733905e-05
1172,1625451605.322426,0.0,-0.04110666364431381,-2.3015192709863186e-05,0.006687121465802193,-0.0003976460919801819,0.029318688210063656,0.276263724871564,0.003563416190445423,0.0020282489713281393,0.0002599241561256349,-0.0006893382634542502,-0.00023576002105246146,1.488095700381948e-05
1173,1625451605.3324242,0.0,-0.04112095385789871,-1.1719646863639355e-05,0.0066945478320121765,-0.0003950798672779157,0.029328738223177372,0.27626478800167387,-0.006023963913321495,-0.00010227994062006474,-0.0008053402998484671,0.0003392257693547656,-0.0004035004130800268,0.00012258712313813756
1174,1625451605.3424568,0.0,-0.04107847809791565,-5.329289706423879e-05,0.0067180488258600235,-0.00041025254553772594,0.029313768700349144,0.2762679077968326,-0.011350286193192005,-0.003298073308542371,-0.0008053402998484671,-0.0005184229705726443,-0.00015520191172271216,0.00013852859989329884
1175,1625451605.3525505,0.0,-0.04111387953162193,-3.4557306207716465e-05,0.006720593199133873,-0.00040809589848953,0.02932278077456798,0.27626669193649933,-0.002828170545399189,-0.007559130899608135,-0.0008053402998484671,-0.00047737230780128375,0.0001225194990928814,2.8761950270446375e-05
1176,1625451605.362402,0.0,-0.04110124707221985,-4.712928785011172e-05,0.006727123633027077,-0.0004086991747345517,0.029324987640503633,0.27626159844777076,-0.009219757281243801,-0.006493866443634033,0.00771677540615201,0.0002705799454952489,0.0005287440005654509,-0.00030150927148804677
1177,1625451605.3725183,0.0,-0.04110424593091011,-1.5079276636242867e-05,0.006750062108039856,-0.0004009045153443025,0.029324971545593867,0.2762650746545977,0.011020267382264137,0.005224042572081089,0.009847303852438927,0.0003936187819277843,0.00024641847721727106,-0.00021679150046074178
1178,1625451605.3823695,0.0,-0.04111655429005623,-9.039649739861488e-06,0.0067341867834329605,-0.00040152841616444834,0.029324562831583183,0.2762652533628505,-0.011350286193192005,-0.004363337531685829,0.0023904531262815,0.000254615574178152,-0.00022413748418186773,0.00018295419513339177
1179,1625451605.3924494,0.0,-0.041118234395980835,-6.114470306783915e-05,0.006730560213327408,-0.0004129768404246628,0.02932859335415898,0.27626443332674244,-0.003893435001373291,-0.011820188723504543,-0.0029358691535890102,-0.000282000391827913,-7.971248849814219e-05,-2.5486973409334497e-06
1180,1625451605.4025562,0.0,-0.041122689843177795,-0.00012686074478551745,0.00674889050424099,-0.0004318565010640041,0.02933557276251695,0.2762635746399155,-0.009219757281243801,0.004158778116106987,0.005586246494203806,-0.0015730689360938211,0.00047674379686029104,-3.7447161210055e-05
1181,1625451605.4469311,0.0,-0.04118628799915314,-0.00020921259419992566,0.006771856918931007,-0.0004584681665534343,0.029346217336127883,0.2762644084788788,-0.009219757281243801,0.011615629307925701,0.006651510950177908,-0.003409117920203925,0.0009871312776901916,1.1497415710729732e-05
1182,1625451605.4567707,0.0,-0.04118214175105095,-0.0002209442900493741,0.006764685735106468,-0.0004642362710381154,0.029346037405845057,0.2762620876606293,0.008889738470315933,-0.004363337531685829,0.0023904531262815,-0.002526800899689941,0.0006297985110738033,-9.008048582804581e-05
1183,1625451605.4666336,0.0,-0.04117490351200104,-0.0002204005140811205,0.006762208417057991,-0.00046109511495046746,0.029336377634863034,0.2762672122148799,0.005693945102393627,-0.017146511003375053,0.0002599241561256349,-7.857666889382114e-05,-0.0004210398935824974,-6.516143299643151e-05
1184,1625451605.47681,0.0,-0.041168585419654846,-0.00018295407062396407,0.006779313087463379,-0.0004483321478564589,0.029345403621169074,0.2762619026522024,-0.007089228369295597,-0.004363337531685829,0.003455717582255602,0.0004324420971730613,-0.00020739752938272888,1.3809786137016163e-06
1185,1625451605.4867527,0.0,-0.04118911921977997,-0.0002055476070381701,0.006773676723241806,-0.000457249004826521,0.029347092411955746,0.2762642025538621,-0.011350286193192005,-0.010754924267530441,0.0002599241561256349,0.00026411131937160016,0.00011305740083799322,-8.542807035263302e-05
1186,1625451605.4965665,0.0,-0.04116610437631607,-0.0002303816145285964,0.006767410784959793,-0.00046105243613844826,0.029339657561853874,0.2762614895974825,0.006759209558367729,-0.00968965981155634,0.010912568308413029,-0.00032638342556687365,-0.00013147275774491092,-9.301926821718026e-05
1187,1625451605.5069804,0.0,-0.04118919000029564,-0.00017154624219983816,0.006782516837120056,-0.0004483639985241872,0.02934603873253941,0.2762595914743473,0.002498151734471321,0.005224042572081089,0.003455717582255602,-9.01689670696267e-05,0.00016366430746131294,-0.00025266716239287366
1188,1625451605.516957,0.0,-0.041171059012413025,-0.00018809986067935824,0.006780210882425308,-0.00045264660144713614,0.029342250939237445,0.2762649835529001,-0.001762906089425087,-0.004363337531685829,0.006651510950177908,0.0004447380676542026,5.0607583461703314e-05,-1.1360838908412123e-05
1189,1625451605.5266933,0.0,-0.04118557274341583,-0.00020373426377773285,0.006776183843612671,-0.0004567896980648689,0.029344236759408192,0.2762633706639944,-0.006023963913321495,-0.008624395355582237,0.010912568308413029,4.238564094001162e-05,-0.00033133219073375837,3.0138011171422635e-05
1190,1625451605.5370333,0.0,-0.041158270090818405,-0.0002479276736266911,0.006775973364710808,-0.00046334811569009177,0.02933342677910867,0.2762623635138055,-0.015611344017088413,-0.0022328088525682688,0.004520982038229704,-0.0005736488345668459,-0.0005762224625966507,-0.0002894456441348122
1191,1625451605.578245,0.0,-0.0412151925265789,-0.0002563442103564739,0.006796695291996002,-0.00047549657313572524,0.02935401500643736,0.2762582586523806,0.009955002926290035,-0.010754924267530441,0.0002599241561256349,-0.0006998167146056891,0.00017562235530102382,-0.00028378257899753785
1192,1625451605.587582,0.0,-0.04125786945223808,-0.00026879855431616306,0.0067842211574316025,-0.0004754388511259075,0.029362985813855554,0.2762597484441025,0.004628680646419525,-0.0022328088525682688,-0.0008053402998484671,-0.0005054865459089898,0.0013212053890050406,-0.00014685959511374683
1193,1625451605.5976324,0.0,-0.041233938187360764,-0.0002568134805187583,0.006785860285162926,-0.000469169577154184,0.029360397383426502,0.27626000204184786,-0.001762906089425087,-0.00968965981155634,0.003455717582255602,5.415875649676238e-05,0.00012802744474781883,8.953948787741984e-05
1194,1625451605.607577,0.0,-0.04125392064452171,-0.00021819467656314373,0.006794055923819542,-0.0004588834921020468,0.02936296342713214,0.2762597819981545,-0.000697641575243324,-0.00968965981155634,-0.0018706046976149082,0.0007032934362685116,-0.0001225400354229161,3.676646198261834e-05
1195,1625451605.6174939,0.0,-0.04123961552977562,-0.00020983244758099318,0.006814209744334221,-0.00046034434664439516,0.02935991061064932,0.27625769983763004,0.002498151734471321,-0.005428601987659931,0.005586246494203806,0.000505532840714513,5.5046306765982795e-05,-4.545076088412573e-05
1196,1625451605.6275325,0.0,-0.04126875102519989,-0.0002221522736363113,0.006810544058680534,-0.00046364917274743095,0.029364027356152407,0.276260476345895,0.006759209558367729,-0.00010227994062006474,-0.004001133609563112,-0.00021772519993393247,0.0002408587416615779,9.977248864722383e-06
1197,1625451605.6380465,0.0,-0.04126393049955368,-0.00020349596161395311,0.006813971325755119,-0.00046138108365122166,0.02936264151017238,0.2762597359755197,0.013150796294212341,-0.017146511003375053,-0.0018706046976149082,0.00014552362583363128,0.0002506714580268841,-3.710366981441121e-05
1198,1625451605.6475308,0.0,-0.04125453904271126,-0.00021420681150630116,0.006794771179556847,-0.0004577846824233289,0.029362118355329286,0.2762608985824769,-0.002828170545399189,-0.003298073308542371,0.003455717582255602,8.62268345630329e-05,-0.00034236678412127684,2.469022713843206e-05
1199,1625451605.6576405,0.0,-0.04125109687447548,-0.00019428209634497762,0.006800957024097443,-0.000458471686298291,0.02936011931887201,0.27625875906636466,0.001432887278497219,0.0009629845153540373,-0.007196926977485418,-0.00010672266015199886,-9.316776959045977e-05,4.9245150684343475e-05
1200,1625451605.668016,0.0,-0.041233841329813004,-0.00022224843269214034,0.006817670539021492,-0.0004638600772678622,0.029357537384956146,0.2762614489818481,0.008889738470315933,-0.024603363126516342,0.0023904531262815,-8.122389469637129e-05,3.9575556794949834e-05,5.7365055118653935e-05
1201,1625451605.707564,0.0,-0.04128948971629143,-0.00018067436758428812,0.006858905777335167,-0.0004568015952207266,0.029372871444941377,0.27625843220816587,-0.001762906089425087,-0.0022328088525682688,-0.0018706046976149082,0.0006038694827705814,0.0005036049029172809,-6.006686045364457e-05
1202,1625451605.717592,0.0,-0.04127172380685806,-0.0001444043591618538,0.006878182291984558,-0.0004534609026718775,0.029366166506690765,0.27626416532403986,0.002498151734471321,-0.0022328088525682688,-0.007196926977485418,0.0010523008872358342,0.00044152497892064723,-3.421310722213204e-05
1203,1625451605.7278647,0.0,-0.04123590141534805,-0.0001558592775836587,0.006910290569067001,-0.000451825416267114,0.029357177936443754,0.27626188391522727,0.01528132427483797,0.005224042572081089,0.0023904531262815,0.0001809950836639032,-0.00043501676779255445,0.00015704702505026086
1204,1625451605.7377048,0.0,-0.041220661252737045,-0.00012135173892602324,0.006933169439435005,-0.0004433640375058612,0.029357854928389465,0.2762592530935685,0.007824474014341831,0.009485100395977497,0.0023904531262815,0.00024165234484849709,-0.0004790424484564385,-0.00012100415709961174
1205,1625451605.7476149,0.0,-0.04122642055153847,-0.00014147994806990027,0.006912147626280785,-0.0004509679459672178,0.02935760859992425,0.27626302384552937,0.011020267382264137,0.0020282489713281393,-0.0008053402998484671,0.00011293891950236099,-6.00113431108731e-05,6.398786193251253e-06
1206,1625451605.7575972,0.0,-0.041250456124544144,-0.00013694172957912087,0.006928512826561928,-0.0004473361573473153,0.029362062132542374,0.2762598970218693,-0.003893435001373291,-0.01821177639067173,0.0013251886703073978,-0.00017912438767951226,0.00010889123212342287,7.746186512432153e-05
1207,1625451605.7676206,0.0,-0.04124874994158745,-0.00014135229866951704,0.006949594244360924,-0.00044932404398109055,0.029362664298364767,0.27626083931538886,-0.000697641575243324,-0.003298073308542371,0.010912568308413029,-8.878190640104351e-05,0.00012837915682262495,-4.183436502312109e-05
1208,1625451605.7781339,0.0,-0.04128915071487427,-0.00014052668120712042,0.006947007030248642,-0.0004492644268251772,0.029371788133288432,0.276259687546915,-0.017741871997714043,0.006289307028055191,0.0002599241561256349,-0.00022139166149879154,0.00020079565385317427,-2.4248647830522083e-06
1209,1625451605.787416,0.0,-0.0412648543715477,-0.00013806350762024522,0.006942279636859894,-0.00044813770044177526,0.029362199615741366,0.2762612405506383,-0.012415550649166107,0.0020282489713281393,0.004520982038229704,-2.7370712816251477e-05,-0.0002153817444004356,-1.4729814323516366e-05
1210,1625451605.7974744,0.0,-0.0412910133600235,-0.00015821377746760845,0.006941633298993111,-0.00045703428146063457,0.029375496286382738,0.2762628986325031,0.005693945102393627,0.005224042572081089,0.0023904531262815,-0.0002805011832044445,0.0002397625029116839,7.82098750181485e-05
1211,1625451605.8388667,0.0,-0.04128849506378174,-0.0002160879084840417,0.00693884864449501,-0.00047284970806540233,0.02937249366383638,0.27625940070205307,0.001432887278497219,0.0030935134273022413,0.004520982038229704,-0.0015407823246282864,0.0010222584186663605,-9.85381537737031e-05
1212,1625451605.848659,0.0,-0.041297346353530884,-0.0002505096490494907,0.006959216669201851,-0.0004799089486880112,0.029375768022985554,0.27625875540225514,0.018477119505405426,-0.00968965981155634,-0.0029358691535890102,-0.0014949959926287293,0.0007053638700993554,-0.00018562578419492376
1213,1625451605.8587973,0.0,-0.04125925153493881,-0.00027851323829963803,0.006974291056394577,-0.0004883682791811186,0.029366975281301784,0.27625908816509404,0.009955002926290035,-0.017146511003375053,0.0013251886703073978,-0.0007462613885909966,-0.0001623074323040781,-1.6395961715710328e-05
1214,1625451605.868645,0.0,-0.041313834488391876,-0.0002893091877922416,0.006949450820684433,-0.000499284106111067,0.029378402599811088,0.27626216948028687,-0.01348081510514021,0.0020282489713281393,0.003455717582255602,-0.0009529658679317902,-0.00015363924888640078,0.00011246635414416934
1215,1625451605.8787394,0.0,-0.0413135401904583,-0.00028699508402496576,0.006950195878744125,-0.0004927554972808737,0.02937827188098515,0.27625989791039607,-0.019872400909662247,-0.0022328088525682688,-0.0008053402998484671,-0.00037184068788377584,0.00020681411858038685,2.9558753315569626e-05
1216,1625451605.8885427,0.0,-0.04127946496009827,-0.00025407056091353297,0.006951222196221352,-0.00048055627796923794,0.02937082674165603,0.2762594299490396,-0.015611344017088413,0.007354571484029293,0.004520982038229704,0.0006065171630795556,-0.0005684748361729482,-7.728042773552361e-05
1217,1625451605.8987372,0.0,-0.04124879091978073,-0.0002578688436187804,0.006957123056054115,-0.00048193150794998557,0.029364372431089192,0.2762616671888064,0.008889738470315933,0.0009629845153540373,0.00771677540615201,0.0008597175945137917,-0.0005811960648473823,5.737940105733546e-05
1218,1625451605.9091847,0.0,-0.041267599910497665,-0.00021516613196581602,0.006965357810258865,-0.00047028651265092897,0.029369666940332592,0.2762611067993818,-0.002828170545399189,-0.007559130899608135,0.0023904531262815,0.0008066614589452329,-0.00016995030747425687,7.89504276338268e-05
1219,1625451605.918714,0.0,-0.041244152933359146,-0.00017374666640534997,0.0069596245884895325,-0.00046169678339675474,0.029355420511718168,0.2762644271449359,0.003563416190445423,-0.005428601987659931,0.003455717582255602,0.0009436181388124894,-0.0004987456325546254,0.0002426496725469801
1220,1625451605.9295433,0.0,-0.04124445840716362,-0.0001828500535339117,0.006956851109862328,-0.00046429992568359363,0.029359377063409353,0.2762624320567024,-0.004958699457347393,0.004158778116106987,0.0002599241561256349,0.0005057575544141346,-0.0007235157725881971,0.0002123341036998657
1221,1625451605.9721758,0.0,-0.04117824137210846,-9.267020504921675e-05,0.006984231993556023,-0.00044295834557837865,0.02934127656455903,0.2762663000607143,0.006759209558367729,-0.008624395355582237,0.0023904531262815,0.0006954325452836503,-0.0011016809081678617,0.00014811799228543353
1222,1625451605.9821577,0.0,-0.04120473191142082,-3.897357964888215e-05,0.007010055705904961,-0.00042939740420624983,0.02935065250411399,0.2762662067816683,-0.008154492825269699,-0.008624395355582237,-0.0018706046976149082,0.0013146068386545495,-0.00109440551026396,0.00026229750500960644
1223,1625451605.9919178,0.0,-0.04116916283965111,-5.2330782637000084e-05,0.0070043765008449554,-0.00042970337899379124,0.0293339798125387,0.2762670896261694,-0.003893435001373291,-0.011820188723504543,-0.005066398065537214,0.0007314989381745329,-0.0004850104384538063,5.447622142406582e-05
1224,1625451606.0018232,0.0,-0.04115341603755951,-5.053915083408356e-05,0.0070097483694553375,-0.00043234019198207935,0.029337546275408348,0.27626685085514513,-0.01348081510514021,-0.00010227994062006474,-0.005066398065537214,-0.0001344488591318601,-0.0008755423011747509,0.00010918587227982987
1225,1625451606.0124285,0.0,-0.041123177856206894,-6.148533429950476e-06,0.007015367969870567,-0.0004144427785826438,0.029325249968981053,0.2762674224559511,0.001432887278497219,-0.003298073308542371,-0.0008053402998484671,0.0006438857244299936,-0.000429559684906551,1.4363803393494275e-05
1226,1625451606.021761,0.0,-0.04116811230778694,8.936761878430843e-05,0.007035788148641586,-0.0003889094827718223,0.029342765844831073,0.27626475571173476,0.011020267382264137,0.0020282489713281393,-0.0018706046976149082,0.0019091594305070039,0.00033187853493403963,-9.352087575952651e-05
1227,1625451606.0318906,0.0,-0.041110292077064514,7.74736690800637e-05,0.00704578310251236,-0.0003981468250211159,0.029321768295277648,0.2762700181901693,0.01208553183823824,-0.00010227994062006474,-0.0029358691535890102,0.0007642871779199105,7.46684530793734e-05,0.00010907883705978203
1228,1625451606.0421937,0.0,-0.04114319011569023,0.00011641421588137746,0.007032306864857674,-0.0003840599738200168,0.029332134963505743,0.27626878439075275,0.011020267382264137,-0.005428601987659931,-0.004001133609563112,0.000391835463399938,-0.00033902170378709865,2.7885233127878213e-05
1229,1625451606.0517817,0.0,-0.04105959087610245,0.00010883228969760239,0.007006792351603508,-0.0003850836070580163,0.029311716840394006,0.2762676894283333,0.000367622880730778,0.006289307028055191,-0.0029358691535890102,0.0005286000231663411,-0.000469468848021261,-0.00024080377696000894
1230,1625451606.06206,0.0,-0.041080210357904434,0.00013050096458755434,0.007016271352767944,-0.0003764020215169042,0.029313587943280095,0.27626759151894187,0.003563416190445423,-0.007559130899608135,0.0023904531262815,0.0002833472762921955,-0.0009224260151239547,-1.3570278215188831e-05
1231,1625451606.1067517,0.0,-0.04106971621513367,0.0002175378322135657,0.007086876779794693,-0.00036119612244182864,0.029314765930315394,0.2762700348396969,0.002498151734471321,0.008419835940003395,0.0002599241561256349,0.0014642664996732794,-0.00035531544360489894,4.779191165040372e-05
1232,1625451606.1167915,0.0,-0.041068997234106064,0.000249274744419381,0.007083894684910774,-0.0003552170535684948,0.029309730780366763,0.2762705479254782,0.016346590593457222,-0.005428601987659931,0.0013251886703073978,0.001280423664415464,-0.0003789735562051313,-2.864164726981534e-05
1233,1625451606.126541,0.0,-0.041052620857954025,0.00024685251992195845,0.007101858034729958,-0.0003475865465274175,0.02930614501168123,0.27627094009507064,0.009955002926290035,-0.0011675443965941668,0.0023904531262815,0.0004629635206644873,-0.00028374016971976563,-6.137090977020804e-05
1234,1625451606.136956,0.0,-0.041051700711250305,0.0002935946104116738,0.007106056436896324,-0.00033754078131108256,0.02930716285761569,0.27627228814402105,0.005693945102393627,0.0009629845153540373,-0.0029358691535890102,0.0004550071558848522,-0.0002204650343834515,3.3195585072121816e-05
1235,1625451606.14669,0.0,-0.041076935827732086,0.00024157471489161253,0.0070939864963293076,-0.0003519422319739132,0.029317660875911672,0.2762695325962775,0.000367622880730778,-0.0011675443965941668,-0.007196926977485418,-5.8047361517621776e-05,0.0003627345045963388,-1.388670231491958e-05
1236,1625451606.157032,0.0,-0.04108373820781708,0.00029138277750462294,0.007097925990819931,-0.00033804907386524724,0.029320660205180725,0.2762652276549995,0.001432887278497219,-0.006493866443634033,0.004520982038229704,0.00021306722898404264,0.00045929932744932263,-0.00017582292197441385
1237,1625451606.1670263,0.0,-0.041062068194150925,0.00032439996721222997,0.007093973457813263,-0.00032279815916817084,0.029313844870847455,0.276267731124939,-0.01348081510514021,0.010550364851951599,-0.004001133609563112,0.0010092147355822369,-0.00045671955836685765,-5.5939076667517855e-05
1238,1625451606.1767287,0.0,-0.04101134091615677,0.0003211398725397885,0.007091697305440903,-0.00032660827312661067,0.029296942327823566,0.2762710605089459,-0.009219757281243801,0.009485100395977497,0.003455717582255602,0.0003777838867962324,-0.0011313447504066282,0.00026209226617359755
1239,1625451606.1869721,0.0,-0.04101148620247841,0.0003208569251000881,0.007097102701663971,-0.0003268806256842699,0.02929579450451498,0.2762702609453256,0.002498151734471321,-0.00968965981155634,0.003455717582255602,-6.553822910452785e-05,-0.0007129389678228035,0.00011068847323096758
1240,1625451606.1968732,0.0,-0.04098441079258919,0.00034886179491877556,0.007147602736949921,-0.0003210255774995646,0.029288448918810675,0.27627149357288694,-0.009219757281243801,-0.004363337531685829,0.006651510950177908,0.00024954391012365045,-0.0005280528763321934,1.9481075462941802e-05
1241,1625451606.238632,0.0,-0.04099080339074135,0.0004365615895949304,0.007165221497416496,-0.0002975338109138109,0.029289651734770092,0.276277081297453,-0.003893435001373291,-0.004363337531685829,-0.0018706046976149082,0.0016410538798798898,-0.0005858358151175048,0.00031553307889621096
1242,1625451606.2485664,0.0,-0.04099910706281662,0.00040389192872680724,0.0071338508278131485,-0.0003051816372743252,0.029293746939869213,0.2762741123580914,0.001432887278497219,-0.007559130899608135,0.0023904531262815,0.000977736503917174,0.00014140687775475815,0.00019610212948675164
1243,1625451606.259135,0.0,-0.041015781462192535,0.0004273443773854524,0.007166257128119469,-0.00030589003349494603,0.029301084827126928,0.2762727445944838,-0.001762906089425087,-0.005428601987659931,0.0002599241561256349,-0.0005155691188525481,0.0004899858580222484,-2.27881552569443e-05
1244,1625451606.2688477,0.0,-0.040994688868522644,0.00036372645990923047,0.0071603283286094666,-0.0003202806780987638,0.029289363799483284,0.2762733072454304,0.009955002926290035,0.0009629845153540373,-0.0008053402998484671,-0.0009903363924258454,-2.640260429243137e-05,4.053358175002379e-05
1245,1625451606.2787635,0.0,-0.04101034253835678,0.0003371578059159219,0.007168754935264587,-0.0003279995297570948,0.029294789124163688,0.2762752130850076,0.005693945102393627,-0.004363337531685829,0.0013251886703073978,-0.000965868141944507,1.575948893162392e-05,5.6134236999679445e-05
1246,1625451606.288713,0.0,-0.0410035140812397,0.00034411298111081123,0.007131991907954216,-0.0003246429809828019,0.029297833462603604,0.2762722588493102,-0.006023963913321495,-0.007559130899608135,0.0013251886703073978,-3.949846030999426e-05,0.00034951083292289204,-7.687883998805508e-05
1247,1625451606.298458,0.0,-0.041062381118535995,0.00034375692484900355,0.0071321167051792145,-0.0003250770948180562,0.029306291156609113,0.27627586866559656,-0.020937664434313774,0.004158778116106987,-0.006131662521511316,-0.00019491380740622655,0.00033202504051347935,-6.319619457159806e-05
1248,1625451606.3090947,0.0,-0.041027966886758804,0.000309919414576143,0.007177721709012985,-0.00033273799554069117,0.029296426369512386,0.2762700781745833,-0.017741871997714043,0.0030935134273022413,0.0002599241561256349,-0.0005814389323082699,3.437523630885465e-05,-8.51087836931114e-05
1249,1625451606.3186808,0.0,-0.04107051342725754,0.0003590189735405147,0.007162300869822502,-0.0003160707752195846,0.0293095057169162,0.2762719540698679,-0.009219757281243801,0.0009629845153540373,0.0013251886703073978,0.00046726751919816867,0.00038169096942454337,-0.00024312636935614834
1250,1625451606.3292112,0.0,-0.041062064468860626,0.0003768588649109006,0.007163273170590401,-0.0003169721551426405,0.02931672397397886,0.2762694480790834,0.003563416190445423,0.01694195158779621,0.0023904531262815,0.00042404978955156645,0.0009232128376565659,-1.303999103569331e-05
1251,1625451606.3694332,0.0,-0.04110844433307648,0.0003470218216534704,0.00715644471347332,-0.0003221731374136727,0.029322828378649086,0.2762713265477128,-0.001762906089425087,-0.0022328088525682688,-0.005066398065537214,-0.0007720801211461015,0.0007459952958134999,-6.617386208544355e-05
1252,1625451606.3793905,0.0,-0.04116079956293106,0.0003332093474455178,0.007157452404499054,-0.0003261244518608583,0.029341057820357612,0.27626503655745094,-0.000697641575243324,-0.0022328088525682688,-0.0029358691535890102,-0.000674415593351897,0.0011374950832755645,-0.00019723640827444503
1253,1625451606.3897564,0.0,-0.0411505326628685,0.00032351899426430464,0.0071754176169633865,-0.0003294428813554115,0.0293312983711704,0.27626757752634806,-0.004958699457347393,-0.008624395355582237,-0.0008053402998484671,-0.00033080593617947865,0.00046839573642182606,-6.262973025132413e-05
1254,1625451606.3994308,0.0,-0.04117438197135925,0.00025213314802385867,0.007157530635595322,-0.00035156759254451747,0.029340709899701237,0.27626523921157653,-0.006023963913321495,0.006289307028055191,-0.0008053402998484671,-0.0014118142216055342,5.991864675287669e-05,5.482541904203289e-05
1255,1625451606.4091995,0.0,-0.04117477312684059,0.0002349345595575869,0.007168332114815712,-0.0003596104014121776,0.029344573470459344,0.2762647202102874,-0.010285021737217903,0.0009629845153540373,0.003455717582255602,-0.0015904356054188607,0.00043172451173040846,-0.00011515978545602058
1256,1625451606.419352,0.0,-0.04124283418059349,0.0002022327098529786,0.007155226543545723,-0.0003623519338122466,0.029359722947765163,0.2762637051284194,0.005693945102393627,-0.0011675443965941668,-0.00932745635509491,-0.0007068896336273958,0.000907316369239548,-9.606210192865686e-05
1257,1625451606.4300652,0.0,-0.04125474393367767,0.00019324765889905393,0.007175592705607414,-0.00036847134485681193,0.02936086118527565,0.27626344424960936,0.002498151734471321,-0.01288545224815607,0.003455717582255602,-0.00042451748759527147,0.0008836821170795087,-0.00012747085843448173
1258,1625451606.4392903,0.0,-0.04124793782830238,0.0002054769138339907,0.007176214829087257,-0.00036516293254594545,0.029364746243789798,0.27626270735102826,0.01208553183823824,0.006289307028055191,0.0023904531262815,-0.0001989017839956976,0.0004080147512735478,-2.7251223077184746e-05
1259,1625451606.449349,0.0,-0.04126348719000816,0.0001871494750957936,0.007183723151683807,-0.00037041841050387825,0.029361313114875456,0.27626218577887096,-0.015611344017088413,-0.008624395355582237,0.00771677540615201,-0.0003347195352216172,9.801094059523576e-05,-8.318952684403828e-05
1260,1625451606.4593396,0.0,-0.041231922805309296,0.00014762906357645988,0.007187876850366592,-0.0003756273201193025,0.029355556626443104,0.27626438313625157,-0.003893435001373291,-0.00968965981155634,0.0002599241561256349,-0.0006643578491230654,-0.00041494892724721954,-4.529699018046697e-05
1261,1625451606.5012732,0.0,-0.041211891919374466,0.0001461872598156333,0.0071996282786130905,-0.0003823332201082358,0.029351906388712566,0.27626460572347067,0.005693945102393627,-0.008624395355582237,0.0023904531262815,-7.907965551761148e-05,-0.0004936014540994415,2.747013225873551e-05
1262,1625451606.5115464,0.0,-0.04120790958404541,0.00019025237997993827,0.0072407592087984085,-0.00037171941695871014,0.029353771756940907,0.27626441082714087,-0.002828170545399189,-0.008624395355582237,0.004520982038229704,0.0007655660736130008,-0.00025118389831590873,3.142701009416179e-05
1263,1625451606.5212426,0.0,-0.0412125289440155,0.00022255693329498172,0.007277106866240501,-0.0003584494468121119,0.02935223595571447,0.27626466935380123,0.014216060750186443,-0.0011675443965941668,0.0023904531262815,0.0010749855320195559,0.00017194410665769151,8.656341223016539e-06
1264,1625451606.531159,0.0,-0.04122551903128624,0.000245106581132859,0.007270922884345055,-0.0003576678268248437,0.02935589385366641,0.2762641461409475,-0.001762906089425087,-0.008624395355582237,-0.004001133609563112,0.0007713635525977917,3.996145449300517e-05,-1.0672061830198891e-05
1265,1625451606.5411782,0.0,-0.04122506082057953,0.0002301233762409538,0.00728740356862545,-0.0003626429591474245,0.02935187734067239,0.27626385586180413,-0.004958699457347393,-0.01288545224815607,0.006651510950177908,2.361339956108901e-05,-9.80248224419002e-05,1.1966775342552308e-05
1266,1625451606.551233,0.0,-0.041200824081897736,0.00022000321769155562,0.00730028934776783,-0.0003655872362383697,0.02934417309050074,0.2762683213683596,-0.003893435001373291,-0.003298073308542371,0.0023904531262815,-0.0005016075734095152,-0.00036679983836479936,4.382772634156067e-05
1267,1625451606.5614946,0.0,-0.041210517287254333,0.000204947660677135,0.007257681339979172,-0.0003683163174381804,0.029352650088889404,0.2762670851955838,-0.004958699457347393,-0.00010227994062006474,-0.010392720811069012,-0.000378157031801663,3.2021379603625305e-05,8.436580605090866e-05
1268,1625451606.571399,0.0,-0.04121715575456619,0.00019364201580174267,0.007230965420603752,-0.00037349489798584046,0.02935437592936567,0.276262040187916,-0.009219757281243801,-0.008624395355582237,0.0013251886703073978,-0.000374477437428026,0.0003222652103076281,-0.00022753398252506316
1269,1625451606.5813403,0.0,-0.04123833775520325,0.00018122958135791123,0.0072289034724235535,-0.00036790067922955194,0.029357459425092762,0.2762662496676239,-0.002828170545399189,-0.004363337531685829,-0.0018706046976149082,-0.00019663742062052324,0.0003593764952431595,-4.837396850553141e-05
1270,1625451606.5912263,0.0,-0.041230086237192154,0.0001808972447179258,0.007216474041342735,-0.00037334799811367114,0.029354819682644598,0.2762608712608896,-0.011350286193192005,0.0009629845153540373,0.006651510950177908,-0.00018148535387172614,-8.469174748983887e-05,0.00014116035506187415
1271,1625451606.6358507,0.0,-0.04118473082780838,0.000314986624289304,0.007190395146608353,-0.00033518606672741647,0.029344713296922523,0.2762656496487351,-0.000697641575243324,0.0020282489713281393,0.0023904531262815,0.0012661947661893028,-0.001526434240129359,-0.0001525019459413953
1272,1625451606.6461802,0.0,-0.041167765855789185,0.00030076433904469013,0.007201500236988068,-0.0003426653663657839,0.02934498815040435,0.27626809444130196,-0.01348081510514021,-0.011820188723504543,0.004520982038229704,0.0016361554718529925,-0.0014133502894370033,2.1329867083087275e-05
1273,1625451606.6557243,0.0,-0.04112357646226883,0.00029486013227142394,0.0072136204689741135,-0.00034462600408458055,0.029326685133923454,0.2762684087140259,-0.004958699457347393,0.006289307028055191,0.00771677540615201,-0.00024213214470771962,-0.0006957997633785184,0.00010722501883865994
1274,1625451606.665521,0.0,-0.0411481112241745,0.0003244938561692834,0.007212517783045769,-0.00033055128672010436,0.029338510260843588,0.27626415992191067,0.000367622880730778,-0.0022328088525682688,0.00771677540615201,0.0005915233967591975,-0.00020402554325707787,-0.00013101973248858185
1275,1625451606.6755323,0.0,-0.041147127747535706,0.0003627785772550851,0.007222587242722511,-0.00032037511685911735,0.029336321276443054,0.27626680858476105,0.014216060750186443,-0.003298073308542371,0.006651510950177908,0.001501451546094632,0.00047267997439118687,-0.0001809207926882517
1276,1625451606.6856952,0.0,-0.04113619774580002,0.0004292787634767592,0.007226042449474335,-0.00030797679086903146,0.029334632709843676,0.27626834360358987,0.004628680646419525,0.008419835940003395,0.004520982038229704,0.001380729071140319,-0.00025125981338716696,0.0002124586082207423
1277,1625451606.6962695,0.0,-0.041088495403528214,0.0003711041063070297,0.007234446704387665,-0.000321243819224451,0.029317407502261014,0.2762707697377293,-0.007089228369295597,-0.0022328088525682688,-0.007196926977485418,0.00013289522017090945,-0.0007467589905279073,0.00023740733897934893
1278,1625451606.70562,0.0,-0.04110777750611305,0.00034923074417747557,0.0072599854320287704,-0.000331424543053363,0.029325449326298485,0.27626863271958735,0.011020267382264137,-0.004363337531685829,0.003455717582255602,-0.0007346782253217487,7.640561766287977e-05,-0.00011225335335335845
1279,1625451606.7157664,0.0,-0.04106082022190094,0.0003977061132900417,0.007252980023622513,-0.00031726537768456825,0.029307640466461067,0.2762696055353912,0.005693945102393627,0.0030935134273022413,0.01197783276438713,1.6767457635287068e-05,-4.8994314495637525e-05,-0.0001004444980984486
1280,1625451606.7260466,0.0,-0.04105527326464653,0.0003807534521911293,0.007260439917445183,-0.0003164021177424342,0.02930305108408196,0.27627025508846587,0.003563416190445423,0.0020282489713281393,0.004520982038229704,0.00040246833919123983,-0.0007651025860663461,4.881849207255026e-05
1281,1625451606.7728877,0.0,-0.041086677461862564,0.0005163302412256598,0.007268544286489487,-0.00028239873861687914,0.029317810035745892,0.2762694270039373,0.004628680646419525,-0.005428601987659931,0.003455717582255602,0.0016932587795638213,-0.0001280246485235133,0.00012102276734981071
1282,1625451606.7824616,0.0,-0.0410744734108448,0.00047972219181247056,0.007279852405190468,-0.0002959690789482716,0.029311513472776315,0.2762693043312767,0.004628680646419525,-0.010754924267530441,0.0002599241561256349,0.001429030668196975,-9.689617398010108e-05,8.713067231103055e-05
1283,1625451606.792471,0.0,-0.04108772054314613,0.0004733433306682855,0.007284199818968773,-0.000300763328045385,0.02931517355604596,0.27627203915251075,-0.020937664434313774,0.0020282489713281393,-0.0018706046976149082,-0.000610313456009268,-0.0004072567468212816,0.00022881571714028143
1284,1625451606.802165,0.0,-0.041032351553440094,0.00048390059964731336,0.007298227399587631,-0.00028956817866731405,0.029305854132765964,0.27627223647822996,0.000367622880730778,0.004158778116106987,0.003455717582255602,-0.00010453173588567146,-0.000287777791810097,6.508799101470896e-05
1285,1625451606.812379,0.0,-0.0410737618803978,0.0004307767958380282,0.007335040718317032,-0.0003146720386231275,0.0293171039813745,0.27626959252291117,-0.011350286193192005,-0.006493866443634033,0.006651510950177908,-0.0005486798200739581,0.0001014137848434749,-0.00016892199918896862
1286,1625451606.8222003,0.0,-0.04105290025472641,0.0004855463921558112,0.007353374734520912,-0.0002909637691672004,0.029309553406075883,0.2762703037391975,0.009955002926290035,-0.005428601987659931,0.003455717582255602,2.7324312102446597e-05,6.077874950491642e-05,2.888977588541806e-05
1287,1625451606.8325245,0.0,-0.04107758030295372,0.0004359357408247888,0.007367754355072975,-0.00030249365194987693,0.029314477082927837,0.276271388687458,0.002498151734471321,0.007354571484029293,0.010912568308413029,0.00032184136020065696,-0.0003157592737963099,0.00014247281532252156
1288,1625451606.8424103,0.0,-0.04103683680295944,0.0004177963128313422,0.007387401536107063,-0.0003140267677421357,0.029303766791354234,0.2762691553935756,0.006759209558367729,-0.00010227994062006474,0.003455717582255602,-0.0009375624413023875,-0.00016239229084518629,-2.9923788864994617e-05
1289,1625451606.8523238,0.0,-0.04108983650803566,0.00045461818808689713,0.007372956722974777,-0.0003033140586212388,0.029316803291119797,0.2762720795068393,0.013150796294212341,-0.00010227994062006474,0.005586246494203806,-1.3584608734673687e-05,0.0001839517914547481,-6.888439237179549e-06
1290,1625451606.8622181,0.0,-0.04110933467745781,0.00044032122241333127,0.007349124178290367,-0.0003007393764423161,0.02932030086638985,0.27627050686654736,0.001432887278497219,-0.004363337531685829,-0.00932745635509491,0.0003731487398379496,0.000768297900794514,2.4203506538562087e-05
1291,1625451606.9076889,0.0,-0.041189227253198624,0.0004311007505748421,0.007365796715021133,-0.00030409349095054244,0.029349121042144356,0.2762652551139145,0.002498151734471321,0.006289307028055191,0.005586246494203806,6.431775473007736e-05,0.0016182672895293103,-0.000264709520865339
1292,1625451606.9175653,0.0,-0.04118828848004341,0.00038763138581998646,0.007365213707089424,-0.0003248553298363238,0.029344769258307132,0.27626604334666394,0.006759209558367729,-0.004363337531685829,-0.004001133609563112,-0.0006400492079961335,0.0012671404538825127,-0.0001387840581564657
1293,1625451606.9277105,0.0,-0.04114941135048866,0.00042329906136728823,0.0073697566986083984,-0.00030917069748973014,0.02933139099229122,0.2762677798413774,0.02060764841735363,-0.005428601987659931,0.0023904531262815,-0.00025160849517224707,-0.000607420710159126,8.872550896415778e-05
1294,1625451606.937946,0.0,-0.041200246661901474,0.00044807299855165184,0.00735849142074585,-0.0003051359212895982,0.02934820196853659,0.27626635045450404,-0.003893435001373291,0.008419835940003395,-0.005066398065537214,0.0005002902350903642,0.0003297442890302517,-7.900205319339396e-05
1295,1625451606.9475102,0.0,-0.04120713844895363,0.0004324384208302945,0.007387347519397736,-0.00030455757864832067,0.02935190978863736,0.27626357869140333,0.001432887278497219,-0.004363337531685829,0.0023904531262815,0.00010678223420506705,0.0011002269493483505,-0.00025755887783656203
1296,1625451606.9575741,0.0,-0.04121556133031845,0.0004330280644353479,0.007373889908194542,-0.00030953661360895446,0.029350482412444978,0.2762674357320817,0.007824474014341831,-0.0022328088525682688,0.0023904531262815,-0.0002373164655038108,0.0003818153597197225,-9.134421061803875e-05
1297,1625451606.9674354,0.0,-0.04123491048812866,0.0004362007603049278,0.0073880720883607864,-0.0003125100308854767,0.029359771999465198,0.27626159908754583,0.007824474014341831,0.0020282489713281393,-0.0008053402998484671,-0.0005276462695729903,0.0005993947805088103,-0.00012283626419797556
1298,1625451606.9775436,0.0,-0.04125259816646576,0.0003706255229189992,0.007374010980129242,-0.0003269093413369381,0.02936068583248902,0.2762660776659345,0.002498151734471321,-0.01821177639067173,-0.004001133609563112,-0.0006027510798313125,0.0005174765459486311,-6.711249211174257e-05
1299,1625451606.9874508,0.0,-0.041263606399297714,0.0003626353573054075,0.007396291941404343,-0.0003270175611407439,0.029366500865885957,0.27626164392377617,-0.002828170545399189,-0.015015983022749424,-0.0029358691535890102,-0.0005617340857347721,-6.341521431328579e-05,0.00014194580275164785
1300,1625451606.99741,0.0,-0.04126928374171257,0.0003707903961185366,0.007356949150562286,-0.0003234547476860736,0.029369104521792436,0.2762623445143992,-0.011350286193192005,0.005224042572081089,0.003455717582255602,-0.00022212461372319998,-6.246878477706675e-05,-6.041579561846277e-05
1301,1625451607.0438266,0.0,-0.041254326701164246,0.00028750166529789567,0.007390642538666725,-0.0003538180980124789,0.029360847522505278,0.27626478935420384,0.009955002926290035,-0.005428601987659931,0.0002599241561256349,-0.0012465761385132828,1.3217297395993883e-05,0.00018685336557714316
1302,1625451607.0535583,0.0,-0.041201021522283554,0.00029758468735963106,0.0073919761925935745,-0.00034498871603762943,0.029353113238814184,0.27626463207149504,-0.002828170545399189,-0.00968965981155634,-0.0018706046976149082,-0.00042891844638738715,-0.00043798332860181543,7.519260134461159e-05
1303,1625451607.0637171,0.0,-0.04120716452598572,0.0003169274714309722,0.00739714503288269,-0.00034565960632896436,0.029353019106531493,0.2762670528922476,0.002498151734471321,-0.004363337531685829,0.00771677540615201,0.0008828176502788798,-0.000256179108077523,-6.309855102527746e-05
1304,1625451607.0733774,0.0,-0.041179485619068146,0.00028206402203068137,0.007402272894978523,-0.00035255891148809615,0.02934412026112103,0.2762647676450952,0.008889738470315933,0.0030935134273022413,-0.008262191899120808,-0.00020592098082113778,-0.0003257374840838248,-0.00011334125722818215
1305,1625451607.0834148,0.0,-0.04120132327079773,0.00023340494954027236,0.007377907633781433,-0.00036786776816653127,0.02934606601083746,0.27626450453852863,-0.002828170545399189,-0.008624395355582237,-0.0008053402998484671,-0.000956662069746741,-0.00043784087056470496,-7.173013706914276e-05
1306,1625451607.0935886,0.0,-0.04119223356246948,0.00025118276244029403,0.007392462342977524,-0.00035763658125863296,0.02935059546765921,0.2762649518339516,0.001432887278497219,0.011615629307925701,0.006651510950177908,-0.0005466054150038705,0.00011787252269725904,0.00010795691155009206
1307,1625451607.1037006,0.0,-0.04116867110133171,0.00023676329874433577,0.007376382127404213,-0.00036099650587895216,0.02933243562709681,0.2762712610820547,-0.011350286193192005,-0.00010227994062006474,0.0023904531262815,0.0001569895527129873,-0.000557294499584869,0.00016066401462463365
1308,1625451607.1140258,0.0,-0.041149482131004333,0.0002106910978909582,0.007386587560176849,-0.00037141364564968055,0.029335686127688644,0.27626564329251896,0.01208553183823824,-0.00010227994062006474,0.0013251886703073978,-0.0006559514370487164,-0.00046821141581584384,2.6401958555013664e-05
1309,1625451607.1235685,0.0,-0.04112248867750168,0.0001827288360800594,0.00736604817211628,-0.0003753777043775941,0.029326170182652822,0.2762669466607023,0.008889738470315933,0.0009629845153540373,0.0023904531262815,-0.0009036328467358924,-0.00012997557008028252,-0.00011194274151385293
1310,1625451607.1334822,0.0,-0.04106348752975464,0.0002055487420875579,0.007356170564889908,-0.0003716793187195991,0.029308861280274004,0.2762694994885655,0.01208553183823824,-0.008624395355582237,0.006651510950177908,-0.00010897919680376313,-0.0011944709932549184,0.00019296394858035135
1311,1625451607.178464,0.0,-0.04108171537518501,0.00029034342151135206,0.007386783137917519,-0.00035211130572333077,0.029318126162756378,0.2762718063308105,0.016346590593457222,0.0030935134273022413,0.0013251886703073978,0.0010806764778147765,-0.001070720170228159,6.280118910869299e-05
1312,1625451607.188342,0.0,-0.04105418547987938,0.0002920581609942019,0.007382234558463097,-0.00034568057371051064,0.02930651782592151,0.27627089286359297,-0.001762906089425087,0.0009629845153540373,-0.0029358691535890102,0.0013912676240427442,-0.0009094228735734444,4.800471897473199e-05
1313,1625451607.198346,0.0,-0.041026562452316284,0.0003159194311592728,0.007386462762951851,-0.0003449074117876094,0.02930090362933846,0.2762728371868183,0.007824474014341831,0.009485100395977497,-0.006131662521511316,0.00042425542736181603,-0.0008158322385825803,2.851935854580345e-05
1314,1625451607.2083905,0.0,-0.041018370538949966,0.00030748522840440273,0.0073694344609975815,-0.00034399353095714014,0.02929858283217463,0.2762697458078839,-0.014546079561114311,0.005224042572081089,-0.0018706046976149082,-3.665520974057074e-05,-0.0005687318742391879,7.867528979502594e-05
1315,1625451607.2182777,0.0,-0.04097587242722511,0.00029139910475350916,0.007370790466666222,-0.0003483688673678459,0.02928793836216667,0.27627824828962677,0.011020267382264137,-0.011820188723504543,0.009847303852438927,-5.535814107619515e-05,-0.000486189010454031,0.00030696868159122147
1316,1625451607.2283962,0.0,-0.04101123288273811,0.0002846283605322242,0.007345898076891899,-0.0003524029744918569,0.0292967640629241,0.27627355841380924,-0.009219757281243801,-0.017146511003375053,-0.0029358691535890102,-0.0001970435314331579,-0.00043235565641380275,0.00019438213016382194
1317,1625451607.2381837,0.0,-0.040988191962242126,0.00031475373543798923,0.0073461271822452545,-0.000340958480747576,0.02929334370730491,0.27627301958935324,-0.003893435001373291,-0.005428601987659931,0.005586246494203806,0.00027576787953951723,-0.0001907002316970068,-0.00021905171016158346
1318,1625451607.248411,0.0,-0.04100058600306511,0.00026235097902826965,0.007360490038990974,-0.00035299645055639206,0.029294651837153712,0.27627246409713013,-0.008154492825269699,-0.003298073308542371,0.009847303852438927,-0.00010694725589406863,-0.00015768818976202915,-6.83621137333391e-05
1319,1625451607.2582154,0.0,-0.04098561778664589,0.00025047853705473244,0.007360553368926048,-0.00036522905973820907,0.029288633060690197,0.2762746673207188,-0.01348081510514021,-0.010754924267530441,0.0013251886703073978,-0.0008771412167402315,-0.0001799411369012552,0.00010178649189962222
1320,1625451607.2684684,0.0,-0.0410124771296978,0.0003062354226130992,0.007335526868700981,-0.00034291893633497245,0.02929800041091017,0.2762707905524478,-0.009219757281243801,-0.00010227994062006474,0.0023904531262815,0.0003165593322325207,4.153059966321046e-05,-8.61415480401449e-05
1321,1625451607.313425,0.0,-0.04096642881631851,0.00031778443371877074,0.007339593023061752,-0.0003368129658766622,0.029281244303234845,0.2762731068120171,-0.004958699457347393,-0.00968965981155634,0.008782039396464825,0.0011957942272534292,-0.00030999908709304023,-9.058591695674632e-05
1322,1625451607.3233678,0.0,-0.04097884148359299,0.00033306912519037724,0.0073343366384506226,-0.00033243065731913823,0.029286922300617725,0.2762761085411626,-0.002828170545399189,0.0009629845153540373,0.004520982038229704,0.0003207203806962037,-0.0004310116438785767,0.0002514062635413054
1323,1625451607.3334086,0.0,-0.040946055203676224,0.000293372810119763,0.007350064814090729,-0.00034675613137102185,0.02928160780394861,0.276274366842463,0.014216060750186443,0.004158778116106987,-0.005066398065537214,-0.0006302128741333884,-3.397430318654476e-05,0.00014869557856446124
1324,1625451607.343498,0.0,-0.04096366465091705,0.0003169387928210199,0.007342999801039696,-0.00033422300488879925,0.02928361604025402,0.2762742155770848,0.009955002926290035,-0.00968965981155634,-0.005066398065537214,-8.180945881372172e-05,-0.00021133259787275621,-0.00012030885351930811
1325,1625451607.353323,0.0,-0.04097755625844002,0.00031332654180005193,0.007312105968594551,-0.00033707940630447325,0.0292875141644586,0.2762747550179071,0.007824474014341831,-0.003298073308542371,0.0013251886703073978,0.0003175803143469104,0.0003171976956716201,1.7573848298610077e-05
1326,1625451607.3633926,0.0,-0.040978312492370605,0.00026827777037397027,0.007301965728402138,-0.00035213150664729215,0.029285487338377193,0.2762727300548241,-0.001762906089425087,-0.005428601987659931,-0.0018706046976149082,-0.0006408160020041471,5.435151582372621e-05,3.6137580636395386e-05
1327,1625451607.3734443,0.0,-0.04098949581384659,0.000292001583147794,0.007301487028598785,-0.00034830205917601303,0.029292892924117173,0.2762754054899669,-0.009219757281243801,-0.00010227994062006474,-0.0029358691535890102,-0.00047496823194855545,-5.1135789812919586e-05,-2.251563386257332e-05
1328,1625451607.3834405,0.0,-0.041017841547727585,0.0002726507664192468,0.007326086983084679,-0.0003460555111131358,0.02930056859755021,0.27627310508338615,-0.002828170545399189,0.009485100395977497,0.00771677540615201,-2.7462239166956865e-05,0.0005203045528137043,-1.2463884371199621e-05
1329,1625451607.393593,0.0,-0.041005607694387436,0.00022412958787754178,0.007338060066103935,-0.00036552493240722683,0.029294952721552643,0.2762725074006179,-0.002828170545399189,0.006289307028055191,0.005586246494203806,-0.000734447246405217,0.00011814084411574958,7.701409135406841e-05
1330,1625451607.4035847,0.0,-0.04104920104146004,0.0002378472127020359,0.007334824651479721,-0.00036171112524334414,0.02930603593299773,0.2762721000907308,-0.001762906089425087,-0.007559130899608135,0.005586246494203806,-0.0006242694314587101,0.00027979617750637626,3.7523993350438275e-05
1331,1625451607.4489884,0.0,-0.04097522050142288,0.00014719832688570023,0.00732441246509552,-0.00038337202282479055,0.02928259735671769,0.27627662931896135,0.01528132427483797,-0.007559130899608135,0.0002599241561256349,-0.0009046161004178238,-0.00011390243955747346,0.0002193416004897347
1332,1625451607.4586732,0.0,-0.04099150374531746,0.00021949716028757393,0.007350930944085121,-0.00036756225257026515,0.02928914884691325,0.2762735332752815,0.01208553183823824,-0.003298073308542371,-0.0018706046976149082,-0.00023223496109384971,-0.00029221076360492397,0.00011630995133686653
1333,1625451607.4685757,0.0,-0.041007257997989655,0.00019629535381682217,0.007340531796216965,-0.0003704458812104003,0.02929254228274234,0.2762740815264523,-0.008154492825269699,0.0030935134273022413,0.0013251886703073978,0.0005015503250806409,0.0003810315188261355,-0.0003201823841349652
1334,1625451607.4785028,0.0,-0.041005995124578476,0.0001409644028171897,0.007349511608481407,-0.0003919111477254586,0.029294087146394164,0.27627501401958093,-0.01880713738501072,-0.0022328088525682688,-0.0029358691535890102,-0.0009823763570007782,-8.542816503815976e-05,-4.705717425195546e-05
1335,1625451607.4885497,0.0,-0.04105672612786293,0.00018181154155172408,0.007330846041440964,-0.0003713024425612693,0.029311213366466943,0.2762716692187583,-0.019872400909662247,-0.008624395355582237,0.0013251886703073978,-0.00012909273722191625,0.0004810595750915833,2.774464467730865e-06
1336,1625451607.498715,0.0,-0.04100131615996361,0.00014124115114100277,0.00733904168009758,-0.00038845700219344165,0.02929371753754339,0.27627273001620306,0.004628680646419525,-0.004363337531685829,-0.005066398065537214,1.2515568133006163e-05,7.111041627621821e-05,-9.97267961434277e-05
1337,1625451607.5085962,0.0,-0.0410645417869091,0.00015782390255481005,0.007317010313272476,-0.0003831210978957611,0.029310286501180498,0.27627158862878354,0.003563416190445423,-0.00010227994062006474,-0.004001133609563112,-0.000607710544042927,0.00014261144558155438,-2.4343476642762928e-05
1338,1625451607.5185096,0.0,-0.041077904403209686,0.00018281574011780322,0.007323339581489563,-0.00037091476182229965,0.029315942088491698,0.2762683886232298,0.005693945102393627,-0.006493866443634033,-0.0018706046976149082,0.0008002573901087242,0.0009539077828374651,-9.227919200492375e-05
1339,1625451607.5287542,0.0,-0.04110036417841911,0.00014907601871527731,0.007308676838874817,-0.000379655534671737,0.029321149002950887,0.276268919374338,-0.002828170545399189,-0.0022328088525682688,0.005586246494203806,6.307558303522305e-05,0.00045919511354657977,-9.11524154866838e-05
1340,1625451607.5388844,0.0,-0.041116975247859955,0.00012781238183379173,0.007313992828130722,-0.00039158535526173655,0.02932168348324058,0.27627003820065243,-0.008154492825269699,-0.0011675443965941668,0.0013251886703073978,-0.0009118598070820809,0.0003730972579342453,1.2881967524030239e-05
1341,1625451607.585235,0.0,-0.04111554101109505,4.2616273276507854e-05,0.0072464607656002045,-0.0004124048487463908,0.029327185675126856,0.2762693327797264,-0.000697641575243324,-0.0022328088525682688,0.0013251886703073978,-0.0012487204680507948,0.00043623925304922366,-0.000174463997008839
1342,1625451607.5953841,0.0,-0.04116835445165634,8.291070116683841e-05,0.007284346967935562,-0.0004029192385052935,0.0293417649550538,0.2762673167743058,0.005693945102393627,-0.007559130899608135,-0.0008053402998484671,-0.0006369256096238035,0.0008249361413206305,-0.00019899313541713674
1343,1625451607.605261,0.0,-0.04117888584733009,9.046349441632628e-05,0.007236067205667496,-0.0003962151211337958,0.02934388655500928,0.2762695959248046,0.002498151734471321,-0.006493866443634033,-0.004001133609563112,0.0002992996996379279,0.0008236124904349829,-4.035563570130686e-05
1344,1625451607.6157095,0.0,-0.04114656150341034,4.071759758517146e-05,0.007228994742035866,-0.00040936154155450655,0.02933275685063346,0.2762694485291258,-0.008154492825269699,-0.005428601987659931,-0.0018706046976149082,-0.00027349980520478037,-0.00021984493606544628,0.0001603357078619763
1345,1625451607.6253278,0.0,-0.0411214642226696,5.606823833659291e-05,0.007217423990368843,-0.0004048629242877355,0.029328968824328755,0.27627039998074693,0.002498151734471321,0.0009629845153540373,0.003455717582255602,-0.00040858890843415487,-0.0005058077332921384,5.957488621853195e-05
1346,1625451607.6353106,0.0,-0.041132405400276184,6.016070256009698e-05,0.007193645462393761,-0.00040550515755934796,0.02933203507252416,0.2762709709452894,0.002498151734471321,-0.006493866443634033,0.004520982038229704,0.0002587644341616423,0.000139981005237449,-9.64417316157472e-05
1347,1625451607.6454906,0.0,-0.04112524911761284,6.969782407395542e-05,0.0071708522737026215,-0.000402107618484325,0.029324909923667472,0.2762683254839101,-0.004958699457347393,-0.017146511003375053,-0.0018706046976149082,0.0003454874709981151,-0.0001631942121470409,-0.00018157467321373613
1348,1625451607.6556354,0.0,-0.04111037775874138,7.811284740455449e-05,0.007164124399423599,-0.0003938218413658198,0.02932575837910467,0.2762695229608335,0.003563416190445423,0.0009629845153540373,0.0023904531262815,0.00036980536023584974,-0.0003232907986554391,-5.8396158994928085e-05
1349,1625451607.6654327,0.0,-0.04113168641924858,4.698691191151738e-05,0.007196251302957535,-0.0004093884837595499,0.029327606918341617,0.2762666776706138,-0.02626398764550686,0.0030935134273022413,0.0002599241561256349,-0.000567102690914201,-0.0003948482089670746,1.1079471628960512e-05
1350,1625451607.6752598,0.0,-0.041097335517406464,6.660533836111426e-05,0.007193893194198608,-0.00040687510965103924,0.02931633340737517,0.2762718507193807,0.008889738470315933,0.0009629845153540373,0.0023904531262815,-0.000571669519774321,-0.0005707119598435303,7.720129361720242e-05
1351,1625451607.719027,0.0,-0.0411299504339695,7.147373980842531e-05,0.007210448384284973,-0.00040318322476930873,0.029328361511433837,0.27627121338714217,-0.012415550649166107,-0.006493866443634033,0.0002599241561256349,-0.00021754944782118862,0.0005510134160516695,1.3815605153933794e-05
1352,1625451607.7286282,0.0,-0.041139066219329834,5.093892104923725e-05,0.007204953581094742,-0.0004085665533414551,0.029326728286575413,0.2762705397763736,-0.019872400909662247,-0.005428601987659931,0.0023904531262815,-0.0006464037464004583,0.0008385811719006368,-0.00022674896384717542
1353,1625451607.7387335,0.0,-0.04114828631281853,2.0148116163909435e-05,0.007213739678263664,-0.0004174390768851982,0.029332209252089375,0.27626988647774414,0.006759209558367729,0.004158778116106987,0.003455717582255602,-0.0007327635328917789,0.0001900636225326896,-4.9253976030502464e-05
1354,1625451607.7488878,0.0,-0.041125159710645676,2.2404594346880913e-05,0.007217960432171822,-0.0004111463799105833,0.029325982827424976,0.2762729254072913,0.002498151734471321,-0.007559130899608135,-0.0029358691535890102,-0.00021501917580209372,8.475223579611048e-05,3.2179940048524664e-05
1355,1625451607.7587566,0.0,-0.041158776730298996,7.2409166023135185e-06,0.0072122011333703995,-0.0004212386234037496,0.029340109046073135,0.2762686376290664,0.002498151734471321,-0.011820188723504543,0.0002599241561256349,2.8941999236091012e-05,0.00031377667666109075,-1.4509753058593488e-05
1356,1625451607.7685664,0.0,-0.04115462675690651,1.4274846762418747e-06,0.0072052497416734695,-0.00041950212323881714,0.02933583154587116,0.27626555888201604,-0.002828170545399189,0.0030935134273022413,-0.0008053402998484671,-0.0006382050033800532,0.00026069879399417885,-0.00020982871551012406
1357,1625451607.778865,0.0,-0.04112210497260094,-1.1506141163408756e-05,0.007207363843917847,-0.00042588031266504317,0.029326007001969627,0.2762694400199381,0.001432887278497219,-0.005428601987659931,-0.007196926977485418,-0.000305782423624147,-0.0006171049820426554,1.342696284924798e-05
1358,1625451607.7885258,0.0,-0.04113583266735077,-1.9603176042437553e-06,0.007218172773718834,-0.0004237498713356505,0.029330653277561826,0.276267458557454,0.022738177329301834,-0.0011675443965941668,0.0023904531262815,-0.0004250412860109963,-0.00015453372833763493,0.00014956809700252896
1359,1625451607.799132,0.0,-0.04116487503051758,6.659183418378234e-05,0.007209263741970062,-0.0004048028842865842,0.029337005457452783,0.2762714774711534,-0.001762906089425087,0.005224042572081089,0.0002599241561256349,0.00018460127332260788,5.8072430493761186e-05,7.483241941134354e-05
1360,1625451607.8088465,0.0,-0.04111511632800102,2.9072281904518604e-05,0.00720464251935482,-0.0004147144295640476,0.02932609318978048,0.27627072660152796,0.001432887278497219,0.007354571484029293,0.003455717582255602,5.573306823142961e-05,-0.000658713126135565,0.00019758216075665408
1361,1625451607.853742,0.0,-0.04116043448448181,-2.2438587620854378e-05,0.007197687402367592,-0.0004287194837720304,0.029337366658296622,0.2762666440386021,-0.008154492825269699,-0.00010227994062006474,0.0013251886703073978,-0.0008906882637130641,-0.00015863678518893487,-1.658342447440423e-05
1362,1625451607.8638632,0.0,-0.04115326330065727,-0.00010983436368405819,0.007188150659203529,-0.0004495032684011871,0.029334417600476663,0.276269565041358,-0.004958699457347393,-0.006493866443634033,-0.0029358691535890102,-0.0012933694556071557,0.00024866334407023225,6.0297339451980185e-05
1363,1625451607.8736842,0.0,-0.04113670065999031,-0.0001624037977308035,0.007162179797887802,-0.00046314454110296666,0.029329678878165344,0.27626998750095094,0.005693945102393627,-0.011820188723504543,0.0013251886703073978,-0.0015814863241799017,-0.00022577842039036623,0.0001399349046298847
1364,1625451607.8835979,0.0,-0.04115217551589012,-0.00018006982281804085,0.007128393277525902,-0.00047279951118534697,0.029338463096355842,0.27626389802292484,-0.008154492825269699,-0.006493866443634033,-0.0018706046976149082,-0.0013680156742472932,9.447266244028649e-05,-0.0002501088416882364
1365,1625451607.8937976,0.0,-0.04112917557358742,-0.0001997702056542039,0.007146041840314865,-0.0004789485056465523,0.029327493353584047,0.27626790707730464,0.002498151734471321,-0.006493866443634033,0.0002599241561256349,-0.0010566607961516852,-2.449588589814134e-05,-0.00019595612066043862
1366,1625451607.903724,0.0,-0.04116440564393997,-0.0002363257808610797,0.0071367621421813965,-0.0004916099684560069,0.029341195431124206,0.2762685269482372,-0.009219757281243801,-0.00010227994062006474,0.0002599241561256349,-0.001052412817041979,3.458557748298504e-05,0.00016853481604599268
1367,1625451607.9136703,0.0,-0.04112788289785385,-0.0002501726266928017,0.007138436660170555,-0.0004952022546162935,0.029324073926396015,0.27627173992698567,-0.001762906089425087,-0.007559130899608135,0.00771677540615201,-0.0007682052719413976,-0.00015182372976329882,0.00016270837996374627
1368,1625451607.9242003,0.0,-0.04119284078478813,-0.00023537263041362166,0.007126256823539734,-0.00048198335312205076,0.029340143275603373,0.27627100953111294,0.000367622880730778,-0.011820188723504543,0.01197783276438713,0.00036032012031809123,0.0002447157629536276,-0.00010971888998529188
1369,1625451607.9335809,0.0,-0.04120669886469841,-0.00021519861184060574,0.007128538563847542,-0.0004823574833442562,0.02935171787267994,0.2762670041648075,0.000367622880730778,-0.0022328088525682688,0.0013251886703073978,0.0004942907282375981,0.0013356632604719619,-0.00031431701554154943
1370,1625451607.9435325,0.0,-0.041238073259592056,-0.00023084657732397318,0.007098359987139702,-0.000491494677439995,0.029356594779793764,0.2762672925222514,0.013150796294212341,-0.004363337531685829,-0.0029358691535890102,-0.00026196875331217686,0.000739340511501899,-0.0001354173076246812
1371,1625451607.993335,0.0,-0.04128137230873108,-0.0002775894245132804,0.007054785266518593,-0.0005028020724178878,0.02937638572608691,0.2762646619477493,0.008889738470315933,-0.008624395355582237,-0.0008053402998484671,-0.001101644164324856,0.0011780024916875288,-3.470577971864e-05
1372,1625451608.003016,0.0,-0.04127348214387894,-0.000327391957398504,0.0070611704140901566,-0.0005141910707668201,0.02936711743593861,0.2762655868434613,0.003563416190445423,-0.0011675443965941668,0.004520982038229704,-0.0013671693949261102,0.0008395710585529323,-0.00011476175754781054
1373,1625451608.0126932,0.0,-0.04132616147398949,-0.00031682197004556656,0.007060948759317398,-0.0005113698048152052,0.029378942841795395,0.2762643100530836,0.009955002926290035,-0.011820188723504543,0.0002599241561256349,-0.00040310392613615467,0.0005567555705015917,-0.0001156989918733436
1374,1625451608.0227036,0.0,-0.04133811593055725,-0.0003091542748734355,0.007052237167954445,-0.0005057570873568049,0.029384222922244255,0.27626356608665736,0.001432887278497219,-0.006493866443634033,-0.004001133609563112,0.0006735550785797133,0.0007208084517658558,-0.00013346267057777074
1375,1625451608.0327797,0.0,-0.04135013371706009,-0.00027471926296129823,0.007053148001432419,-0.0004963989006223565,0.02939139746823416,0.2762612468242715,0.001432887278497219,-0.00968965981155634,0.003455717582255602,0.0009571849970290917,0.0004768890041387411,-0.00016539765836485288
1376,1625451608.042853,0.0,-0.041382044553756714,-0.0002918593818321824,0.007080771028995514,-0.000505054702046058,0.02940099149048401,0.27625734926979784,-0.012415550649166107,-0.003298073308542371,0.003455717582255602,-1.6039580455761405e-05,0.0005332062813439303,-0.00015233302050520145
1377,1625451608.0526855,0.0,-0.04138265177607536,-0.0002821020898409188,0.00707622803747654,-0.0005021757208775041,0.02939752375469938,0.2762639023273209,-0.001762906089425087,0.006289307028055191,-0.0008053402998484671,-0.00047967848680425623,0.0003640827128766023,1.87019911152842e-05
1378,1625451608.0629904,0.0,-0.04141576588153839,-0.0002908833557739854,0.007085302844643593,-0.0004991466737354691,0.029403632596665098,0.27626310229101647,-0.012415550649166107,-0.003298073308542371,-0.0018706046976149082,1.8720860993679395e-05,-7.142264336267365e-05,4.029586592020223e-05
1379,1625451608.072644,0.0,-0.04138460382819176,-0.00031660415697842836,0.007086401805281639,-0.0005120686178440859,0.029395967974413198,0.276264449234233,-0.011350286193192005,0.007354571484029293,0.0023904531262815,-0.000583835537812388,-0.0004954451943458379,4.9818965461737354e-06
1380,1625451608.0829473,0.0,-0.04138889163732529,-0.00034371844958513975,0.007087372243404388,-0.0005167657310703039,0.029396001903217985,0.27626062379514416,0.021672913804650307,-0.0022328088525682688,0.0013251886703073978,-0.0009243548556402928,0.00018452798371268545,-1.606568249064993e-05
1381,1625451608.1294062,0.0,-0.0414375439286232,-0.00046102170017547905,0.00710933655500412,-0.0005560296509572182,0.02941414432311467,0.2762558805932564,-0.007089228369295597,-0.003298073308542371,-0.008262191899120808,-0.0018398421579175015,0.0006305680369828209,-0.00021877223077344663
1382,1625451608.1391072,0.0,-0.041385553777217865,-0.0004166766884736717,0.007084120064973831,-0.0005368177144091102,0.029400821233384722,0.27626004885742056,0.009955002926290035,0.015876686200499535,0.005586246494203806,-0.0009401518239094523,-1.9583541594524445e-05,-1.8068394067393985e-05
1383,1625451608.1490352,0.0,-0.04140656813979149,-0.00039506127359345555,0.007105842232704163,-0.0005348169516342094,0.029401641039750362,0.27625752281092225,0.008889738470315933,0.005224042572081089,0.008782039396464825,0.000917974834670125,-0.00025577586228752407,5.955614133420413e-05
1384,1625451608.159716,0.0,-0.041364941745996475,-0.00040463951881974936,0.007102183997631073,-0.0005344346460620028,0.029396279176665603,0.2762617112828964,0.016346590593457222,0.0020282489713281393,0.0002599241561256349,0.00021576568747468854,-5.666826729549962e-05,0.00010432039684044937
1385,1625451608.169101,0.0,-0.041388072073459625,-0.0003638332709670067,0.007122090086340904,-0.0005236948555799384,0.029401804962060726,0.2762623920641366,0.007824474014341831,-0.003298073308542371,0.0013251886703073978,0.0005771005760239121,-9.486208255543206e-05,0.00013483893127892824
1386,1625451608.1791844,0.0,-0.041368987411260605,-0.00037089164834469557,0.007093777880072594,-0.0005216389120405729,0.029393518774934575,0.27626234300978303,-0.016676606610417366,-0.004363337531685829,0.0002599241561256349,0.000499947835461819,-0.00036057898038504194,-2.4560783571867542e-05
1387,1625451608.1891901,0.0,-0.04136661812663078,-0.00038734421832486987,0.00711415521800518,-0.0005298583726656494,0.029390677949883433,0.27626005855234104,0.018477119505405426,0.0009629845153540373,0.008782039396464825,-0.0004870477462583918,-7.784698282614852e-05,-0.00010015487991647806
1388,1625451608.1995254,0.0,-0.041404418647289276,-0.00043171626748517156,0.0071122609078884125,-0.0005480140756453991,0.029406144070891947,0.2762615393910603,0.006759209558367729,-0.011820188723504543,-0.0008053402998484671,-0.0009226588760893376,0.000596823109254558,5.3629692482657646e-05
1389,1625451608.209207,0.0,-0.04136604443192482,-0.0003742128610610962,0.007090207189321518,-0.0005252765015261798,0.029392482774507005,0.27626098353461376,0.009955002926290035,-0.00010227994062006474,-0.0018706046976149082,0.00021844081868807879,-0.0002599907390590526,0.0001594628006650821
1390,1625451608.219033,0.0,-0.041386984288692474,-0.0003649427671916783,0.007119385525584221,-0.000526875455470914,0.02939929066616847,0.2762599124795915,-0.011350286193192005,-0.00010227994062006474,-0.004001133609563112,0.0008015261897103316,-0.0007106353322755787,-9.130436097250092e-05
1391,1625451608.2695615,0.0,-0.041340116411447525,-0.0003480114974081516,0.007125949487090111,-0.0005224986011614849,0.029387280721856646,0.276260253123612,0.003563416190445423,-0.022472834214568138,0.0002599241561256349,0.0005881475044655647,-0.0007335779691163945,-7.55276904438307e-05
1392,1625451608.2794602,0.0,-0.041358742862939835,-0.00032331631518900394,0.00714215449988842,-0.000516245059405708,0.029393568595022165,0.27626201186235627,-0.000697641575243324,-0.006493866443634033,-0.0029358691535890102,0.0006431528181091381,-0.0008126556439727223,0.00010468762602264886
1393,1625451608.2896564,0.0,-0.04138222336769104,-0.00027904752641916275,0.007151108235120773,-0.0005013109064740257,0.02940111721229797,0.2762587249813033,-0.011350286193192005,-0.004363337531685829,0.006651510950177908,0.0007398862477970805,0.0002943402097356287,9.343943796726561e-05
1394,1625451608.2999053,0.0,-0.04135289043188095,-0.0003046225174330175,0.007144587114453316,-0.0005173031002602135,0.029388067855482432,0.27626401045390203,-0.008154492825269699,0.0020282489713281393,-0.0018706046976149082,9.440136592676886e-05,-0.0004923691134614122,5.8466354624667534e-05
1395,1625451608.3095622,0.0,-0.04134669899940491,-0.00028127868426963687,0.007124081254005432,-0.0005039771133033555,0.02938848036490381,0.2762635837705032,0.009955002926290035,0.0030935134273022413,-0.0008053402998484671,-0.00017093240812281928,-0.0007398579770318203,0.00018579494561959522
1396,1625451608.3195343,0.0,-0.04134192690253258,-0.00027520384173840284,0.007135288789868355,-0.0005024166781590206,0.029388001242582396,0.2762605557776052,0.000367622880730778,0.006289307028055191,0.0023904531262815,0.0005819236247631209,0.00011127185599894885,-0.00012590071004247246
1397,1625451608.3296096,0.0,-0.041377052664756775,-0.00029065361013635993,0.007090777158737183,-0.0005052891969309775,0.02939970326968757,0.2762598760543791,0.004628680646419525,0.0020282489713281393,-0.005066398065537214,5.317370015774384e-05,0.0005972614851601537,-0.00018804378400006142
1398,1625451608.3395393,0.0,-0.041371461004018784,-0.00029938470106571913,0.007103811949491501,-0.0005110933415737734,0.029398143920628166,0.2762614015432572,0.000367622880730778,-0.007559130899608135,0.005586246494203806,-5.933243863940135e-05,0.0003052329129650328,0.0001024864348768344
1399,1625451608.3496425,0.0,-0.04136794060468674,-0.0002651681425049901,0.007115023210644722,-0.0004991550634761352,0.029393327815666913,0.27626449388782404,-0.006023963913321495,-0.007559130899608135,-0.0008053402998484671,0.000270395008295245,-0.0003265392741266176,0.00020944719485651753
1400,1625451608.3595436,0.0,-0.04133929684758186,-0.00023976049851626158,0.007106265053153038,-0.0004948019472486576,0.029383288958239114,0.2762611425142299,-0.007089228369295597,0.0020282489713281393,0.003455717582255602,0.0005651515580041831,-0.0006971070731926622,1.3269674367595758e-05
1401,1625451608.4043844,0.0,-0.04133716970682144,-0.00020947115262970328,0.007099254056811333,-0.00048313958496999654,0.029385819755973687,0.2762618115213452,-0.011350286193192005,-0.0022328088525682688,-0.0018706046976149082,0.0002283121480023889,-0.0011253788528887033,-9.48598659290424e-05
1402,1625451608.4141715,0.0,-0.041376229375600815,-0.00023534015053883195,0.007085938006639481,-0.0004930004613849931,0.02939754463500354,0.27626039347769304,0.004628680646419525,-0.003298073308542371,0.005586246494203806,-0.000210719894347463,9.796549183092225e-05,-6.00551054005853e-05
1403,1625451608.4243107,0.0,-0.041358452290296555,-0.00018844014266505837,0.0071256328374147415,-0.0004752270759051311,0.029393015339772843,0.27626458714514424,0.003563416190445423,-0.007559130899608135,0.0013251886703073978,0.0002457398450643758,0.0003562508759225995,2.7862681461616125e-05
1404,1625451608.4343817,0.0,-0.04133229702711105,-0.00016248394967988133,0.007116418331861496,-0.0004677247043843799,0.02938369349229305,0.27626239442910944,0.01208553183823824,0.0009629845153540373,-0.006131662521511316,0.0007865217930948955,-0.0005684496606383846,7.548602844479614e-05
1405,1625451608.444226,0.0,-0.04132154583930969,-0.00015440327115356922,0.0071019381284713745,-0.0004682397665353166,0.029384691831376285,0.27626459329422753,0.002498151734471321,-0.008624395355582237,0.003455717582255602,0.0003321590489746994,-0.0003539282344028989,6.13776830487822e-05
1406,1625451608.4542427,0.0,-0.041315581649541855,-5.431979661807418e-05,0.007071977481245995,-0.00044205909090803963,0.029382369207658764,0.2762650561820809,0.0174118559807539,0.0020282489713281393,-0.0018706046976149082,0.0010224811593577351,-2.4715683406766507e-05,9.740263277712773e-05
1407,1625451608.4642687,0.0,-0.0412885844707489,-4.148256266489625e-05,0.007070127874612808,-0.0004355897311618742,0.02937484240308958,0.27626484109959704,-0.003893435001373291,0.006289307028055191,0.0013251886703073978,0.0014940733028461779,-0.0004940858490480503,-2.1929827062391927e-05
1408,1625451608.4742749,0.0,-0.041276246309280396,-1.6654434148222208e-05,0.007063455879688263,-0.00043448276369264377,0.029372367851752595,0.2762638537551423,0.002498151734471321,0.007354571484029293,-0.0029358691535890102,0.00044447095781503175,-0.0005329706511386788,9.417590872616063e-06
1409,1625451608.484285,0.0,-0.04126754403114319,-5.487003363668919e-06,0.007064729928970337,-0.0004252886190065433,0.029363277182094895,0.27626647881984634,0.004628680646419525,-0.016081247478723526,0.003455717582255602,0.0006023019604797385,-0.000455959641769673,9.136785064680131e-05
1410,1625451608.4942489,0.0,-0.04126569628715515,4.5453489292412996e-05,0.007089756429195404,-0.0004063140881375507,0.02936382186705091,0.27626739975696046,-0.017741871997714043,0.007354571484029293,0.0023904531262815,0.001142681617412349,-0.000689366566412591,0.00019265567631142978
1411,1625451608.540804,0.0,-0.04122738167643547,7.99634144641459e-05,0.007096527144312859,-0.0003997269805069009,0.02935615214681178,0.27626714472502784,-0.003893435001373291,-0.00968965981155634,0.0002599241561256349,0.00128363088091436,-0.0007299024587032958,-6.411419039586429e-05
1412,1625451608.550713,0.0,-0.04120880737900734,3.0912982765585184e-05,0.0070956069976091385,-0.00041633285619104704,0.02935287482442263,0.276267816437327,0.005693945102393627,0.004158778116106987,0.006651510950177908,-0.0002913417477999017,-0.0007782474679436211,-0.00016049548804644126
1413,1625451608.560576,0.0,-0.04127589985728264,4.3988111428916454e-05,0.007092319428920746,-0.00041860176786796127,0.029365752334476893,0.2762660479783767,0.008889738470315933,-0.02566862665116787,-0.0008053402998484671,-0.0005756435392874534,0.00041869294926627775,-7.98668675455008e-05
1414,1625451608.5706599,0.0,-0.04122772440314293,1.8509046640247107e-05,0.00707378052175045,-0.0004189990849841202,0.029359030874933127,0.27626813241840065,0.006759209558367729,-0.011820188723504543,-0.006131662521511316,3.846230322780938e-05,0.00038004234964109866,-2.4659207830607887e-06
1415,1625451608.5808108,0.0,-0.041214410215616226,7.507216650992632e-06,0.007067753002047539,-0.0004248014875547282,0.029351535363258213,0.2762690560473989,0.000367622880730778,-0.003298073308542371,-0.007196926977485418,-0.0005086421073453775,-0.0005860540562951805,0.00013618003961184566
1416,1625451608.590855,0.0,-0.04115999862551689,2.423499245196581e-05,0.007067767903208733,-0.0004170600834570923,0.029338556844670564,0.27626978198707036,-0.004958699457347393,-0.007559130899608135,-0.004001133609563112,0.0001980023155040513,-0.0008748393674450938,2.1330764688097346e-05
1417,1625451608.6006758,0.0,-0.04116733744740486,1.0485120583325624e-05,0.007069354876875877,-0.0004149752518666644,0.02934544837100706,0.2762679356900181,0.000367622880730778,-0.00010227994062006474,-0.0008053402998484671,0.00042269822624580036,-0.0003827808612489247,-4.8682352479576945e-05
1418,1625451608.6106744,0.0,-0.04115321859717369,6.469502113759518e-05,0.007055087015032768,-0.0004084050834346209,0.029330855299752892,0.2762732473118751,-0.000697641575243324,0.012680893763899803,-0.0018706046976149082,-9.886530477526967e-05,-0.0003366046448563602,0.00018542971901041626
1419,1625451608.620984,0.0,-0.041149064898490906,7.126858690753579e-05,0.007061980664730072,-0.00039790431154311523,0.02933556551785712,0.27627374910507363,0.004628680646419525,-0.006493866443634033,-0.0018706046976149082,0.0004906059352795131,-0.0005311964268924082,0.00020519828964605795
1420,1625451608.6307461,0.0,-0.04112881422042847,7.458790787495673e-05,0.007058143615722656,-0.0004057195281332096,0.029329187314344536,0.2762748214751074,0.006759209558367729,-0.011820188723504543,0.0023904531262815,0.00048460219729754765,-0.00019216924073524967,0.00014838231882411104
1421,1625451608.681123,0.0,-0.04110025614500046,1.1877680663019419e-05,0.007009446620941162,-0.000415078628130755,0.029326064857852226,0.2762727051783538,-0.009219757281243801,-0.0011675443965941668,-0.0018706046976149082,-0.0009484353936315229,3.9345235963128746e-05,0.00010545328323138578
1422,1625451608.6905818,0.0,-0.041120920330286026,1.57273025251925e-05,0.007027314975857735,-0.00042076142085867296,0.029326761654815084,0.27627138495053816,0.001432887278497219,-0.006493866443634033,0.003455717582255602,-0.0004991632717503334,0.0004004939098954433,-6.616611125895514e-05
1423,1625451608.700799,0.0,-0.04111042991280556,7.82782444730401e-06,0.00701986625790596,-0.0004196118901938703,0.029320978164128528,0.27627470863685943,-0.002828170545399189,-0.011820188723504543,0.0002599241561256349,-5.038137287808355e-05,-0.00014212546546891656,5.696936214050437e-05
1424,1625451608.7106044,0.0,-0.04111790657043457,6.565358489751816e-06,0.00702052004635334,-0.0004259272437815917,0.029324941797729813,0.276274062703625,0.009955002926290035,0.007354571484029293,0.003455717582255602,-0.0007053857657210701,-5.8796857170394205e-05,9.977651699532069e-05
1425,1625451608.7211092,0.0,-0.041047822684049606,-2.205959754064679e-05,0.007017903029918671,-0.0004189688749284548,0.02930466577709718,0.27627676766502274,0.002498151734471321,0.0009629845153540373,-0.0008053402998484671,-0.0003914239378285466,-0.0005546499040598213,0.00011554855372305981
1426,1625451608.7309437,0.0,-0.04102099686861038,-2.1385843865573406e-05,0.007042009383440018,-0.0004285579383151439,0.029295279342032597,0.276278111357498,0.007824474014341831,-0.019277041777968407,0.006651510950177908,-0.00014929949457282747,-0.0011097129688974225,0.00020478919257543588
1427,1625451608.7406878,0.0,-0.04102788865566254,4.304363392293453e-05,0.007041413336992264,-0.00041373031494058854,0.02930484921887217,0.2762729622447269,-0.003893435001373291,0.0030935134273022413,-0.0008053402998484671,0.000251470394645804,-0.00012126490469061957,-9.810698952406394e-05
1428,1625451608.751256,0.0,-0.04097288101911545,5.4345582611858845e-06,0.007024003192782402,-0.00042017950063130693,0.029285953326132347,0.2762819977071001,0.004628680646419525,-0.007559130899608135,-0.0008053402998484671,0.0006091349137094979,-0.00023385402305821726,2.634925204145997e-05
1429,1625451608.7606816,0.0,-0.0409817211329937,6.529624806717038e-05,0.007030567154288292,-0.0004070056914021389,0.02929326802624474,0.2762771858557588,0.009955002926290035,0.0009629845153540373,0.0023904531262815,0.00030749253443933835,-0.000277175928881022,-2.2102694060686497e-05
1430,1625451608.7711446,0.0,-0.04096284136176109,4.4535554479807615e-05,0.007040441036224365,-0.00040996921867184066,0.029283112075490295,0.2762741254071699,0.008889738470315933,-0.00968965981155634,0.0013251886703073978,0.0003421924664967748,-9.324850733276422e-07,-0.00022855173057319064
1431,1625451608.8223135,0.0,-0.04093697667121887,3.735726932063699e-05,0.0070661380887031555,-0.0004158876377700904,0.029275843771677225,0.27627825566902275,0.009955002926290035,0.0009629845153540373,0.008782039396464825,-0.00022930356231425485,-0.0009095016194480275,0.00010814731347804001
1432,1625451608.832591,0.0,-0.04098852351307869,1.0062765795737505e-05,0.007060403004288673,-0.00042344291476417023,0.029290804466027318,0.27627481667015985,0.008889738470315933,-0.004363337531685829,0.0002599241561256349,-0.0005021641283947107,0.00043023260862622446,-6.935969386768337e-05
1433,1625451608.8424425,0.0,-0.0409780815243721,-1.231214264407754e-05,0.007068023085594177,-0.0004297221951774649,0.02928922140583526,0.27628000185125096,-0.015611344017088413,-0.010754924267530441,-0.0029358691535890102,-0.0009540086734132938,0.0003637626440792606,0.00010690594663305635
1434,1625451608.85242,0.0,-0.04101099818944931,-6.121990736573935e-05,0.0070843081921339035,-0.00044095942186851006,0.029296021706207875,0.2762743443842704,0.004628680646419525,0.005224042572081089,0.00771677540615201,-0.0009813563921185029,0.00021773634348203343,-1.3099712738956817e-05
1435,1625451608.8625422,0.0,-0.04104559123516083,-3.2074807677417994e-05,0.007087700068950653,-0.00043923064555746044,0.029306572320248095,0.2762717264508032,-0.000697641575243324,-0.02140756882727146,0.003455717582255602,-7.256148090333914e-05,0.0009315369917678541,-0.000423030001333617
1436,1625451608.8725245,0.0,-0.04105941951274872,2.9368093237280846e-06,0.007069474086165428,-0.0004196458559619781,0.02931079466693351,0.27627592662514866,0.004628680646419525,-0.0011675443965941668,-0.004001133609563112,0.0008818353753469495,0.0006086579177935846,-5.104049539694489e-05
1437,1625451608.8829424,0.0,-0.04110605642199516,1.2090313248336315e-06,0.007075155153870583,-0.00042663227690390576,0.02932641331012731,0.2762701734872599,-0.001762906089425087,-0.00010227994062006474,0.0013251886703073978,0.0005630580666448534,0.0006803466076623713,-1.5111685417887093e-05
1438,1625451608.8923452,0.0,-0.04108260199427605,1.3909419067203999e-05,0.007068479433655739,-0.00042277146347374783,0.02931623915704812,0.2762751685765924,0.004628680646419525,-0.00968965981155634,-0.005066398065537214,1.7630393403175466e-06,0.0001668415263989017,-4.217565953509121e-05
1439,1625451608.902496,0.0,-0.04110989719629288,2.293381839990616e-05,0.007078979164361954,-0.0004236187376781761,0.029322715127560108,0.2762742220320321,-0.01348081510514021,0.005224042572081089,0.00771677540615201,0.0002298348069694004,-0.00039050034265220116,0.00015617988008469156
1440,1625451608.9122822,0.0,-0.04103882238268852,2.5111366994678974e-06,0.007089549675583839,-0.00042667235016263794,0.029305884774396503,0.27627530480803175,0.011020267382264137,-0.005428601987659931,0.0002599241561256349,-0.0001200762734679315,-0.00042413102387082503,-1.0441969685977225e-05
1441,1625451608.9625478,0.0,-0.04107598215341568,-4.889426054432988e-05,0.0070659928023815155,-0.00044876334482489566,0.029315430160833995,0.2762788959166175,0.004628680646419525,0.008419835940003395,0.004520982038229704,-0.0015112584040984718,-0.0003879863873024216,0.00013012317735757513
1442,1625451608.972468,0.0,-0.04105423018336296,-6.619957275688648e-05,0.007068200036883354,-0.00044767896054673934,0.029311063588693155,0.2762747071907406,0.008889738470315933,-0.015015983022749424,-0.011457985267043114,-0.0011178394463319443,-4.044854068815809e-05,4.331734740451219e-05
1443,1625451608.9835944,0.0,-0.04103853553533554,-3.632932202890515e-05,0.007051426917314529,-0.0004328929660147793,0.029309836554108848,0.2762750607144222,0.0174118559807539,-0.00968965981155634,0.0023904531262815,0.0007759163328767282,-0.00019974916789077026,-0.00016174464829695926
1444,1625451608.992506,0.0,-0.04105355218052864,-6.825214950367808e-05,0.007036436349153519,-0.00044426789919400217,0.029310787822653353,0.2762733428789497,0.005693945102393627,-0.0022328088525682688,0.0023904531262815,1.700590143899205e-05,0.00012273498336599125,-3.747476406226994e-05
1445,1625451609.0026293,0.0,-0.04107121378183365,-0.0001069403369911015,0.007034832611680031,-0.0004519280699044892,0.029317566968340952,0.2762726415976825,0.000367622880730778,-0.015015983022749424,0.00771677540615201,-0.0011289421592621774,0.0004394596106749846,-9.74602782282353e-05
1446,1625451609.0126133,0.0,-0.04109180346131325,-2.2872001864016056e-05,0.007048524916172028,-0.0004322615352714207,0.029321436066709075,0.27627191537525053,-0.007089228369295597,-0.007559130899608135,0.005586246494203806,0.00034049012982796743,0.0006610168374060205,-3.194371402666414e-05
1447,1625451609.0225003,0.0,-0.041063688695430756,-1.0632968042045832e-05,0.007044948637485504,-0.00043172961277504474,0.02931753593780176,0.27627024962589,-0.015611344017088413,0.010550364851951599,0.004520982038229704,0.0006045500530807983,-0.0003594107089995448,5.131221436496752e-05
1448,1625451609.0331159,0.0,-0.041050296276807785,-1.31716369651258e-05,0.0070225875824689865,-0.00043141106979700805,0.029306281739706327,0.2762764935218006,-0.017741871997714043,-0.015015983022749424,-0.004001133609563112,0.0001929717197686327,-0.000984186052941493,0.0001344291035226742
1449,1625451609.0428433,0.0,-0.04103970527648926,-6.96512870490551e-06,0.0070241838693618774,-0.0004207502507691946,0.029310232388542086,0.2762760270208672,-0.006023963913321495,-0.007559130899608135,0.0013251886703073978,0.0008324039497778435,-0.0002778760531315407,6.477137037413073e-05
1450,1625451609.052613,0.0,-0.04102616384625435,-4.11728979088366e-05,0.007026193663477898,-0.0004334178986860407,0.029301266295577867,0.27627468616311096,0.001432887278497219,-0.00010227994062006474,-0.0008053402998484671,-0.00017356714828261436,0.00010020986240642626,-0.0001655317038155762
1451,1625451609.100539,0.0,-0.041007157415151596,2.89983581751585e-05,0.00704461894929409,-0.0004173536072613268,0.029295345236450943,0.2762756757641535,-0.02200292982161045,0.004158778116106987,-0.005066398065537214,-0.00019007770663959542,-0.0013490820548126368,0.00015097302969966142
1452,1625451609.1099157,0.0,-0.040999848395586014,-1.4421355444937944e-05,0.007056014612317085,-0.00043283053063498944,0.029292144189135894,0.27627842613035847,-0.007089228369295597,0.004158778116106987,-0.0018706046976149082,-0.0001316130428263229,-0.0010099200259219695,0.00029166837025822114
1453,1625451609.1195378,0.0,-0.04100668057799339,-1.7646001651883125e-05,0.007042208686470985,-0.0004331612797832743,0.029297933278521746,0.27627632203830754,0.002498151734471321,-0.013950717635452747,-0.004001133609563112,-0.0005630761185900244,0.000349353869351958,-3.1409657834078812e-06
1454,1625451609.1294975,0.0,-0.041029054671525955,-4.007818643003702e-05,0.007037825882434845,-0.00043934277330901633,0.029306165319420083,0.2762765769851087,-0.003893435001373291,-0.0022328088525682688,0.0002599241561256349,-0.00024155622077788694,0.000513789175323731,-6.433369855759073e-05
1455,1625451609.1397226,0.0,-0.041050948202610016,-0.0001004087389446795,0.007018016651272774,-0.00045833223499311404,0.02931109284618781,0.27627437454212445,-0.003893435001373291,-0.005428601987659931,-0.005066398065537214,-0.001082025363467996,0.0004079499927693436,-3.122762253934018e-05
1456,1625451609.1499183,0.0,-0.04106125608086586,-4.105881089344621e-05,0.0070018526166677475,-0.00044132497719866215,0.02931322671707979,0.27627545146716126,-0.009219757281243801,0.0020282489713281393,-0.011457985267043114,-0.0001911347995564059,0.00020855009426977043,2.7191456102495756e-05
1457,1625451609.1596482,0.0,-0.041083578020334244,-6.713508628308773e-05,0.007025763392448425,-0.0004436524641663747,0.02931808802698275,0.27627355614957194,-0.000697641575243324,-0.006493866443634033,0.0002599241561256349,0.0006280579106444453,0.00034462255821552724,3.532849475086907e-05
1458,1625451609.1694672,0.0,-0.04111400619149208,-0.00011682661715894938,0.007016502320766449,-0.00045999508179467297,0.02932156491843743,0.27627099840842095,0.002498151734471321,-0.0011675443965941668,-0.00932745635509491,-0.0006191443330412874,0.0005833646727058103,-0.00012218876502217448
1459,1625451609.1794844,0.0,-0.04111657664179802,-9.438901906833053e-05,0.007028661668300629,-0.0004484791494130669,0.02933112646090117,0.2762718618588258,0.007824474014341831,-0.008624395355582237,-0.0008053402998484671,-0.0002218369873397669,0.0007598954352130327,-4.1814524305934236e-05
1460,1625451609.1896148,0.0,-0.041106678545475006,-0.0001395061262883246,0.0070251524448394775,-0.0004636138582387178,0.02932346684746489,0.27627641332298025,0.01528132427483797,-0.004363337531685829,0.0023904531262815,-0.00023207380779962774,0.0002106655823850067,0.00022440626851136719
1461,1625451609.2438447,0.0,-0.04118550941348076,-5.104445153847337e-05,0.007001684978604317,-0.0004440951163960233,0.029347432389232576,0.2762709540507599,-0.003893435001373291,-0.0011675443965941668,0.0023904531262815,0.0008898720273973323,0.0007012403680965017,0.00010768902734182216
1462,1625451609.2535129,0.0,-0.04116682708263397,-6.947328802198172e-05,0.007008001208305359,-0.00044659599243047216,0.02934188788863496,0.2762701692779673,0.003563416190445423,0.020137744024395943,0.006651510950177908,0.0008847116065789788,0.0008467422911227859,-5.9426945076519386e-05
1463,1625451609.2635825,0.0,-0.041173096746206284,-0.00012203474761918187,0.007017292082309723,-0.00045852299883876457,0.029343691640290673,0.2762687879190153,0.004628680646419525,-0.007559130899608135,-0.0029358691535890102,-0.0006186477794395779,-0.0002176054412440195,1.3502186275196133e-05
1464,1625451609.2737849,0.0,-0.04118887707591057,-7.357547292485833e-05,0.007021225988864899,-0.0004543348440918388,0.02934135082465384,0.27627168558224313,0.001432887278497219,-0.006493866443634033,0.003455717582255602,9.828624243112953e-05,8.52774060975986e-05,-6.265045110219202e-05
1465,1625451609.283982,0.0,-0.04117013141512871,-0.00010045967064797878,0.00704202800989151,-0.0004565702484195383,0.02934583490597424,0.2762675853727245,-0.012415550649166107,0.0009629845153540373,-0.0029358691535890102,0.0001311902565273015,-3.921200427465963e-06,-0.00013814451767729766
1466,1625451609.293966,0.0,-0.04114363715052605,-0.00012160866754129529,0.0070153530687093735,-0.00046407077700386795,0.029338563486032088,0.276271869948005,-0.011350286193192005,0.0009629845153540373,0.006651510950177908,-0.0005600047227960833,-0.00020546662942540705,7.3952903947273945e-06
1467,1625451609.303931,0.0,-0.04118745028972626,-9.71550471149385e-05,0.007024342194199562,-0.0004522114160876306,0.029350771783371178,0.2762702611127793,-0.006023963913321495,0.0009629845153540373,0.010912568308413029,0.00017009421080785902,0.00021043291780138465,0.00019216279932732022
1468,1625451609.3142204,0.0,-0.0411718375980854,-8.524541044607759e-05,0.007023187354207039,-0.00045158048882500135,0.029342553390890626,0.2762735142798609,-0.008154492825269699,-0.0022328088525682688,0.0023904531262815,0.000653456757216646,-1.460554650792079e-05,0.00010441468900437017
1469,1625451609.3237555,0.0,-0.041172485798597336,-2.7098460122942924e-05,0.007032150402665138,-0.0004329825103957935,0.02934662845930585,0.2762685089377429,0.001432887278497219,0.0009629845153540373,0.004520982038229704,0.0006941131091778173,-0.00036033409686881724,-0.00011864617041588006
1470,1625451609.3334973,0.0,-0.04112905636429787,-4.015251761302352e-05,0.00703786313533783,-0.0004337845946876043,0.0293319242614783,0.27627389475911684,0.011020267382264137,0.009485100395977497,0.004520982038229704,0.0004318327429734227,-0.00024937054476884387,-6.775023493042365e-05
1471,1625451609.3820312,0.0,-0.041070301085710526,-2.49286531470716e-05,0.007000802084803581,-0.0004340266007892696,0.029314706533908642,0.27627764311702907,0.01208553183823824,-0.004363337531685829,0.003455717582255602,0.00011453981592131574,-0.0013537037096942952,0.0003954948868944886
1472,1625451609.3915157,0.0,-0.04106529802083969,5.9578451327979565e-06,0.006989767774939537,-0.00042495496374486685,0.029312487941923884,0.2762769926342894,0.004628680646419525,0.008419835940003395,-0.006131662521511316,0.00037449105534405916,-0.0010083984331509498,0.00023416953034780755
1473,1625451609.401712,0.0,-0.04107305407524109,4.067207919433713e-05,0.006979363039135933,-0.0004177048915409709,0.029312636388994784,0.2762765798934268,0.008889738470315933,-0.006493866443634033,-0.00932745635509491,0.0004977314363127553,-5.400482045020993e-05,-4.224611096830641e-05
1474,1625451609.4116392,0.0,-0.04109473153948784,1.9589147996157408e-05,0.006991565227508545,-0.00042729479091614675,0.02931850800773899,0.2762769867304625,0.016346590593457222,-0.005428601987659931,-0.006131662521511316,0.00018944279809203032,0.0005664304045611942,-4.5024442552673125e-05
1475,1625451609.4219253,0.0,-0.04104822129011154,1.2048811186105013e-05,0.007000138983130455,-0.0004208836413493802,0.02930864862441125,0.2762772760385224,-0.003893435001373291,-0.00968965981155634,-0.0018706046976149082,-0.00022832204391705179,-0.00027941494529284445,4.989324836248945e-05
1476,1625451609.4315495,0.0,-0.04103723540902138,-7.008493412286043e-06,0.006970962509512901,-0.0004276753665389821,0.029305616168477135,0.27627865918612354,0.006759209558367729,0.009485100395977497,0.0013251886703073978,-0.0004922440169272337,-0.0007227944631897102,0.00011380392782328433
1477,1625451609.4416769,0.0,-0.04107667878270149,9.560142643749714e-06,0.006989730522036552,-0.0004209939036442581,0.02931342762650988,0.2762743220462728,0.003563416190445423,0.0030935134273022413,0.004520982038229704,-0.00035012141308210954,0.00025958022209372105,-0.00012202608272106768
1478,1625451609.4521146,0.0,-0.041053544729948044,4.959991201758385e-05,0.006981808692216873,-0.00041263286771864305,0.029309085653359476,0.2762759623799692,0.008889738470315933,-0.011820188723504543,0.0023904531262815,0.0007368852082606129,0.0003046606399803843,-0.00011852650531420371
1479,1625451609.461576,0.0,-0.04106622561812401,3.4842349123209715e-05,0.007000504061579704,-0.0004204330191086361,0.029314635202179792,0.2762751238695858,-0.011350286193192005,0.0020282489713281393,-0.004001133609563112,-5.070679339080823e-05,-0.00024329937665283258,0.0001986486766265109
1480,1625451609.47173,0.0,-0.041029155254364014,-4.655914381146431e-06,0.006984749808907509,-0.00042762303637206706,0.029299358022271654,0.27627855581646193,0.000367622880730778,-0.011820188723504543,-0.005066398065537214,-0.0007395740707569862,-0.0005110629186370867,0.00010113226880598713
1481,1625451609.5206804,0.0,-0.0410449393093586,4.503456875681877e-05,0.006937403231859207,-0.0004155131827551714,0.029305846665628084,0.2762784908606333,-0.008154492825269699,0.007354571484029293,0.005586246494203806,0.00047687107697346316,-0.0009751917456123809,6.15653535905656e-05
1482,1625451609.5305028,0.0,-0.04103444889187813,9.170893463306129e-05,0.006940104067325592,-0.0003965202995538514,0.029300143807192355,0.27627715064084085,-0.008154492825269699,0.0030935134273022413,0.0002599241561256349,0.0014772689212697297,-0.000699970211970649,-3.13617656260692e-05
1483,1625451609.5405433,0.0,-0.040947966277599335,2.0321866031736135e-05,0.006921762600541115,-0.0004211619235428149,0.029281072485966328,0.2762810795045491,0.01208553183823824,-0.005428601987659931,-0.005066398065537214,-6.31956947373397e-05,-0.0008434653548021942,-1.115514798683036e-06
1484,1625451609.55058,0.0,-0.04100003093481064,-5.92903234064579e-07,0.006932146847248077,-0.0004245398442578527,0.02929638629538095,0.2762789647424574,0.000367622880730778,-0.00010227994062006474,0.0023904531262815,-0.0011038063211701965,-0.00021610968823937735,0.00011852416693763061
1485,1625451609.5605066,0.0,-0.04093686863780022,3.328628372400999e-05,0.006957314908504486,-0.00041601794509296686,0.029276943763634454,0.2762802941240089,-0.007089228369295597,0.008419835940003395,-0.004001133609563112,-0.00016198887138987086,-0.0004195952125136118,-4.425932062337783e-05
1486,1625451609.5704026,0.0,-0.04095613956451416,-6.138079334050417e-05,0.006929066032171249,-0.00044110434573913643,0.029286901395119476,0.2762800531087879,-0.006023963913321495,0.0030935134273022413,0.005586246494203806,-0.0007934712917522153,-0.0006326495518421157,1.1521534228745424e-05
1487,1625451609.580669,0.0,-0.040942732244729996,-3.888196079060435e-05,0.0069272480905056,-0.0004348454884513936,0.02927260395663788,0.2762822107267728,-0.011350286193192005,-0.00968965981155634,-0.0008053402998484671,-0.0005177372663497585,-0.00011306594081806607,0.00014801821880777036
1488,1625451609.5905166,0.0,-0.0409579798579216,-2.639717422425747e-06,0.00691756047308445,-0.00043039596999860236,0.029284740090541016,0.2762807288796023,-0.002828170545399189,-0.00010227994062006474,0.0023904531262815,0.0005472511765304068,-0.00015787294058250916,3.169876122979887e-06
1489,1625451609.600666,0.0,-0.04094113036990166,-4.3588748667389154e-05,0.006898511201143265,-0.0004348653685756765,0.029279139461012856,0.2762823419324131,-0.012415550649166107,-0.005428601987659931,0.0013251886703073978,-0.0002217342922078861,-1.077080193160236e-05,4.18428293094153e-05
1490,1625451609.610517,0.0,-0.04095887392759323,-5.2589166443794966e-05,0.006875976920127869,-0.00043658931103934123,0.029280135436375358,0.27628351468720463,0.01208553183823824,-0.01821177639067173,-0.0008053402998484671,-0.0002532756125450485,0.00010790756326871277,0.00012418794694661178
1491,1625451609.660484,0.0,-0.04098580405116081,-5.678983870893717e-05,0.006906801834702492,-0.0004390985488138058,0.02929146962137323,0.2762810391599572,0.009955002926290035,-0.01821177639067173,0.005586246494203806,0.00036455538518097655,0.0008559719622824033,-2.7689376730594934e-05
1492,1625451609.670279,0.0,-0.04096856713294983,-4.544045077636838e-05,0.006886467337608337,-0.00043522051521054095,0.02929047203410861,0.27627974345253525,0.003563416190445423,0.004158778116106987,0.0002599241561256349,0.0003754305902466556,0.00038827167996988263,-8.648020554698176e-05
1493,1625451609.6802065,0.0,-0.041030433028936386,-5.015963688492775e-05,0.006889563053846359,-0.00043976634946012866,0.029300954123532355,0.2762806527465479,0.009955002926290035,-0.00010227994062006474,0.003455717582255602,-6.0281165813627905e-05,0.000637562355371338,-0.00013894382310876988
1494,1625451609.6903026,0.0,-0.04105687886476517,2.0122388377785683e-06,0.006908765062689781,-0.0004318507188921378,0.02931118711553448,0.27627922727510423,-0.003893435001373291,0.0020282489713281393,-0.007196926977485418,6.360576650461232e-05,0.0007689667715134716,-7.378449400866402e-05
1495,1625451609.7002814,0.0,-0.04107636213302612,1.3067619875073433e-06,0.0069002434611320496,-0.00042579347304600584,0.029315274486976933,0.2762738190649503,-0.009219757281243801,-0.004363337531685829,0.0002599241561256349,0.0006738171127458395,0.0003453048993006932,-0.00010486671315437843
1496,1625451609.7102244,0.0,-0.04104209691286087,-2.819811925292015e-05,0.006902430206537247,-0.00043397002561374604,0.029306903631623728,0.27627984912915343,-0.006023963913321495,0.009485100395977497,-0.0018706046976149082,-0.00021304689512015534,-0.00040950106584769415,8.554975211596757e-05
1497,1625451609.7205148,0.0,-0.041020072996616364,2.4385517463088036e-06,0.006894201040267944,-0.0004251516625827928,0.029298999313112556,0.27627732335310196,0.011020267382264137,-0.005428601987659931,0.009847303852438927,9.629814434401736e-05,-0.0004890096534086691,0.00013011243239241245
1498,1625451609.7301874,0.0,-0.041029784828424454,7.983006071299314e-06,0.006901627406477928,-0.0004182165745790431,0.029304611404013463,0.27627663165557126,-0.015611344017088413,-0.004363337531685829,0.003455717582255602,0.000686607238364432,-6.220435326146307e-05,-0.00011728881535354727
1499,1625451609.7402744,0.0,-0.04099738597869873,-6.59615034237504e-05,0.006912205368280411,-0.0004448846710060003,0.02929268407786994,0.2762804845184109,0.004628680646419525,-0.006493866443634033,0.005586246494203806,-0.0008232712009278244,-0.0002015275355939278,0.00012002864133362188
1500,1625451609.7508376,0.0,-0.04101811721920967,-0.00010131153976544738,0.006899796426296234,-0.00046007542717283606,0.02930196459500048,0.2762777563887338,-0.015611344017088413,-0.011820188723504543,0.003455717582255602,-0.0017076285773923938,-8.786240196709963e-05,9.340242055640525e-05
1501,1625451609.7994866,0.0,-0.04096488654613495,-8.059182437136769e-05,0.006866961717605591,-0.0004528710828932553,0.029283664170043522,0.2762816374231683,-0.001762906089425087,-0.003298073308542371,-0.0018706046976149082,-0.0011396815875231035,-0.0009813654081970633,0.000170772340217869
1502,1625451609.809393,0.0,-0.041001155972480774,-2.03325180336833e-05,0.0068392064422369,-0.00043241062516131273,0.029299668687849917,0.27627842704481587,-0.007089228369295597,-0.015015983022749424,-0.005066398065537214,0.0009641004885048305,-0.0006224644119339897,-2.4222815243360422e-05
1503,1625451609.8194635,0.0,-0.040972091257572174,3.144959919154644e-06,0.006816104054450989,-0.00042501148356817453,0.029284911093938153,0.2762816147236324,-0.015611344017088413,0.006289307028055191,0.005586246494203806,0.0012713495636552943,-6.498676646970981e-05,-0.00010135373729698291
1504,1625451609.8293216,0.0,-0.0410035103559494,6.847491022199392e-06,0.006835309788584709,-0.00042774956582504464,0.02929152304557791,0.27628052222418154,-0.002828170545399189,-0.00010227994062006474,-0.0029358691535890102,0.0003408059407627785,-0.00013329342324715286,9.115975757517878e-05
1505,1625451609.8393936,0.0,-0.04102403670549393,6.364512955769897e-05,0.006843302398920059,-0.0004123283587504703,0.029301266819619802,0.2762818343947546,-0.02626398764550686,-0.00010227994062006474,-0.004001133609563112,0.0009185470890123833,0.0005100551494773383,-4.7289392672856674e-05
1506,1625451609.849397,0.0,-0.040967199951410294,9.427446639165282e-05,0.006824048236012459,-0.00040004468563095,0.029283418959172164,0.2762817685414637,0.000367622880730778,0.010550364851951599,-0.0018706046976149082,0.0011469614004137201,-0.00039086535200158153,-2.327651952350531e-05
1507,1625451609.8594632,0.0,-0.040982868522405624,5.5220851209014654e-05,0.0068181343376636505,-0.00041379266150314703,0.02929070434130516,0.2762797570743667,0.013150796294212341,-0.004363337531685829,0.0013251886703073978,-1.5259492344917766e-05,5.632859396627318e-06,-2.7679698486005604e-05
1508,1625451609.8693428,0.0,-0.04097303748130798,4.538625944405794e-06,0.006820984184741974,-0.0004248123473937285,0.029286003320230555,0.2762826639839471,0.004628680646419525,-0.017146511003375053,0.0023904531262815,-0.0008904989647725985,0.0002732980175862634,8.30421310631667e-05
1509,1625451609.8792527,0.0,-0.04101942107081413,2.1188403479754925e-05,0.006830189377069473,-0.00041778081583733473,0.029298612546334805,0.27627717212413233,0.005693945102393627,-0.005428601987659931,0.0013251886703073978,-0.000339144174534544,0.00037980322926287253,-0.00012972159951414776
1510,1625451609.8892534,0.0,-0.040992893278598785,2.0369538106024265e-05,0.006836593151092529,-0.00041822196870037326,0.029293630977686287,0.2762817225011416,-0.010285021737217903,0.0020282489713281393,0.005586246494203806,-0.00016007761004442525,-8.685291262590444e-05,-1.3732808282937233e-05
1511,1625451609.9406269,0.0,-0.04099242389202118,-3.94518137909472e-05,0.006877908483147621,-0.00043612655175643417,0.029294007431683852,0.27627786712774804,-0.003893435001373291,-0.004363337531685829,-0.0018706046976149082,-0.0008721349494490893,-0.0008942518491979087,0.00020657985946790676
1512,1625451609.9505682,0.0,-0.04103396087884903,1.7498736269772053e-05,0.00688033364713192,-0.00042355824954611737,0.029301783026397257,0.276279279513794,0.002498151734471321,-0.0022328088525682688,0.004520982038229704,0.0001025726636092236,0.00047355681179931736,-8.066400041415601e-05
1513,1625451609.9606264,0.0,-0.0410543754696846,2.6898691430687904e-05,0.00686350092291832,-0.0004175319904202793,0.02931235611799852,0.2762765444302032,-0.004958699457347393,-0.0022328088525682688,-0.0018706046976149082,0.0009182842453135989,0.000787627538639984,-6.71380366974133e-05
1514,1625451609.97043,0.0,-0.041024100035429,4.492828156799078e-05,0.006878672167658806,-0.0004187732150518486,0.029302142161444528,0.2762805725576928,-0.004958699457347393,-0.005428601987659931,0.009847303852438927,0.0004312719107486009,-0.0003093037847219744,9.280996436352339e-05
1515,1625451609.9805813,0.0,-0.0410178042948246,4.881521454080939e-05,0.006878696382045746,-0.0004119353496972594,0.029297564905089224,0.27628110853194093,-0.006023963913321495,0.0020282489713281393,-0.0018706046976149082,0.00014831083375109184,-0.0007430750696777381,0.00016034164235864356
1516,1625451609.990616,0.0,-0.04101306200027466,6.048806244507432e-05,0.006889304146170616,-0.0004091265551647086,0.029300151531584932,0.27627955874163124,0.005693945102393627,-0.013950717635452747,-0.0018706046976149082,0.00034692942376570075,-5.3863130359901404e-05,3.7149210833150125e-05
1517,1625451610.0009615,0.0,-0.04102116823196411,5.5491284001618624e-05,0.006884468719363213,-0.0004070390885949071,0.029299362986934314,0.27627839164936474,0.009955002926290035,-0.00968965981155634,0.006651510950177908,0.00033969004018811013,0.00016376408611142932,-9.380219056373803e-05
1518,1625451610.0105507,0.0,-0.04098983854055405,5.8533099945634604e-05,0.006855392828583717,-0.0004084145158547506,0.029292733767622273,0.27628007331436255,-0.002828170545399189,0.004158778116106987,-0.004001133609563112,-0.0002988473800931554,-0.0005154070574730879,0.00010026484142732456
1519,1625451610.0207348,0.0,-0.041000500321388245,5.015858914703131e-05,0.006867030635476112,-0.00041387919498734466,0.029293513932597486,0.2762791515326152,-0.001762906089425087,0.010550364851951599,0.0002599241561256349,-0.0004720381183788785,-0.0005109592976251761,4.2738689657798666e-05
1520,1625451610.0313497,0.0,-0.041010428220033646,6.0243415646255016e-05,0.006853010505437851,-0.00040778154210203976,0.02929549531792159,0.27628143824659124,0.001432887278497219,-0.007559130899608135,-0.0029358691535890102,3.974893771794581e-05,0.00017240194900929292,-4.4329929364140606e-05
1521,1625451610.085828,0.0,-0.041098274290561676,-4.24474710598588e-05,0.006855480372905731,-0.0004393622999706234,0.02932338165084812,0.2762750062036755,-0.008154492825269699,0.006289307028055191,0.003455717582255602,-0.0009798475205964926,0.0014062793587813658,1.3911056336932948e-05
1522,1625451610.0952766,0.0,-0.041083164513111115,-5.0706323236227036e-05,0.006849329918622971,-0.0004385088700115114,0.02931832847567531,0.2762782200721049,-0.008154492825269699,-0.007559130899608135,0.0023904531262815,-0.0009833282793110557,0.001110807932575488,-2.0170428588048357e-05
1523,1625451610.1052477,0.0,-0.04109727218747139,-8.289847755804658e-05,0.006823718547821045,-0.00044939816930183313,0.029320033034163834,0.2762756972254919,0.000367622880730778,-0.00968965981155634,-0.0029358691535890102,-0.0003788897306690126,-0.00010380634672225163,8.394149143318138e-05
1524,1625451610.115405,0.0,-0.041122082620859146,-0.00010249490151181817,0.0067784544080495834,-0.00045896241809595395,0.029322039617063853,0.27627742563715085,-0.002828170545399189,0.006289307028055191,-0.012523249723017216,-0.0010914699587968642,0.00030557382200877665,-1.605693732970912e-05
1525,1625451610.125472,0.0,-0.04114491865038872,-0.00010770169319584966,0.0067658089101314545,-0.0004483099717787209,0.02933342674696761,0.2762736872246242,-0.007089228369295597,-0.006493866443634033,-0.006131662521511316,-1.308345457083868e-05,0.0005256405675861041,-5.9985854629478585e-05
1526,1625451610.1356738,0.0,-0.04114648327231407,-0.0001483224332332611,0.00674811378121376,-0.0004646709128263704,0.02933932109131436,0.27627259202348886,-0.01348081510514021,0.008419835940003395,0.0002599241561256349,-0.0004775576455633147,0.0004898617978826537,-8.91272373733206e-05
1527,1625451610.1452117,0.0,-0.04112230986356735,-0.0001569497399032116,0.006766572594642639,-0.00046482454489601976,0.029329832908657226,0.27627284171609656,-0.001762906089425087,-0.003298073308542371,0.0002599241561256349,-0.0008321134154869882,-0.00022092390241650674,6.882721540451765e-05
1528,1625451610.1557279,0.0,-0.04112967103719711,-0.00010699493577703834,0.00675596296787262,-0.00045657379848659807,0.029330279718003262,0.2762801296413994,0.007824474014341831,-0.006493866443634033,0.004520982038229704,0.0006299694768653875,-7.433161709542102e-05,0.00024951219665723874
1529,1625451610.1654177,0.0,-0.041140116751194,-0.00014300498878583312,0.0067820120602846146,-0.0004643517576600961,0.02933187375543156,0.2762738661737711,0.009955002926290035,-0.003298073308542371,0.0023904531262815,0.0003903401652953488,0.00031404377603717903,-6.699707839158673e-06
1530,1625451610.1755307,0.0,-0.04114546626806259,-0.00017333170399069786,0.006765076890587807,-0.00046622454209657715,0.029336242638769564,0.2762709313255548,-0.000697641575243324,-0.00010227994062006474,-0.005066398065537214,-0.0005067879896361033,-5.089320339812399e-05,-0.00039207414836643124
1531,1625451610.2271762,0.0,-0.04105178639292717,-0.00022373755928128958,0.006759893149137497,-0.00048593505222969263,0.029307271619804953,0.2762768644932465,-0.006023963913321495,-0.019277041777968407,0.0002599241561256349,-0.0002216432448801846,-0.0012353936998894407,-0.00016681244295727775
1532,1625451610.236716,0.0,-0.0411105640232563,-0.00014838931383565068,0.006763622164726257,-0.00046227912621746303,0.02932955242560792,0.27627294373126615,-0.02200292982161045,-0.011820188723504543,-0.008262191899120808,0.0012344264900594234,-0.0006069967467055382,-8.684442172721616e-05
1533,1625451610.2466156,0.0,-0.04108230769634247,-0.00018445798195898533,0.006784724071621895,-0.00047888215467909584,0.02931659982942622,0.2762735677845686,-0.009219757281243801,0.009485100395977497,0.005586246494203806,0.00039067522388750966,0.0001915374983338798,3.888067578461459e-05
1534,1625451610.257172,0.0,-0.04107784107327461,-0.00018284731777384877,0.006783820688724518,-0.00047251619560038233,0.029313667813833363,0.2762762704633053,0.003563416190445423,0.005224042572081089,-0.0008053402998484671,-0.0009442048189765407,-0.0005800883944934076,-3.0160643244655175e-05
1535,1625451610.2667825,0.0,-0.04107324406504631,-0.00018382933922111988,0.006788352504372597,-0.0004698652124789787,0.029316443044264326,0.276278224810066,0.001432887278497219,-0.01288545224815607,0.0023904531262815,0.0003992043328815171,-0.00012923259000949448,-1.9642995450400046e-08
1536,1625451610.277011,0.0,-0.041048672050237656,-0.00017660402227193117,0.0067907534539699554,-0.00046815573529136734,0.029308569165716968,0.2762782605333143,0.003563416190445423,0.005224042572081089,-0.0008053402998484671,-0.00011834834241860145,-0.0002726688464485994,5.976246432938107e-05
1537,1625451610.286617,0.0,-0.04107179120182991,-0.00015193416038528085,0.006784170866012573,-0.00046396777713956366,0.029310004615777117,0.2762779898352387,-0.008154492825269699,-0.00968965981155634,0.003455717582255602,-0.00015297293757860297,-0.000285710560557413,5.409354724558793e-05
1538,1625451610.2965856,0.0,-0.041084643453359604,-0.00010761356679722667,0.006784403696656227,-0.00045767033048642325,0.02931388574734048,0.27628125292501815,0.003563416190445423,-0.010754924267530441,0.00771677540615201,0.0006516995704190839,0.0003879365338198252,3.86619104940882e-05
1539,1625451610.3069344,0.0,-0.04111349582672119,-8.141010766848922e-05,0.006813107058405876,-0.00044839997418447824,0.029326574447206773,0.27627593317391863,0.001432887278497219,0.0009629845153540373,0.0013251886703073978,0.0006532743361810051,0.0006939873016859073,-6.201902423721891e-05
1540,1625451610.3165567,0.0,-0.04107705131173134,-4.9112539272755384e-05,0.006793264299631119,-0.0004387901162595728,0.02931382606122393,0.27628002922616485,-0.000697641575243324,0.008419835940003395,0.00771677540615201,0.0007277797219892649,-0.00010887328737903619,-3.926021526834979e-05
1541,1625451610.3684816,0.0,-0.04106837883591652,2.963287988677621e-05,0.0069397371262311935,-0.00041944939875755705,0.029308374355530818,0.27627729225826225,-0.004958699457347393,0.011615629307925701,0.004520982038229704,0.0011573068355590814,-0.0011784023226040466,0.00027754956709973423
1542,1625451610.3783789,0.0,-0.04102153331041336,1.076655462384224e-05,0.006938908249139786,-0.00042764180832877835,0.029301291291462403,0.27627930264210154,0.005693945102393627,0.006289307028055191,-0.0029358691535890102,0.0002684947285680432,-0.000909696317875804,0.0003200300182692233
1543,1625451610.3884206,0.0,-0.04101288318634033,2.7967500500380993e-05,0.006923949345946312,-0.0004222436315356251,0.02929491482612201,0.27627766773862417,0.013150796294212341,-0.007559130899608135,-0.0008053402998484671,-0.00029499797901564424,-0.00041705243307540844,7.374145818271557e-05
1544,1625451610.39851,0.0,-0.04099249094724655,3.537628799676895e-05,0.00694151408970356,-0.00041795076988015295,0.02929129681612009,0.27627829063237697,0.01208553183823824,-0.008624395355582237,0.008782039396464825,0.00045028276625445586,-0.00031393050347372086,-0.00010395289348832771
1545,1625451610.4083076,0.0,-0.041013315320014954,5.2952091209590435e-05,0.006904087960720062,-0.0004177315123446296,0.02929998485355525,0.27627925574660206,0.000367622880730778,0.005224042572081089,-0.0029358691535890102,8.09405630576075e-05,-5.621910162004134e-05,0.00010743779228570279
1546,1625451610.418538,0.0,-0.04105179011821747,5.9979152865707874e-05,0.006916351616382599,-0.000413273361892251,0.029310597439516417,0.2762767341313266,-0.011350286193192005,-0.005428601987659931,0.004520982038229704,0.0001640806691404781,0.0005853865193246165,3.334930785662131e-05
1547,1625451610.4284418,0.0,-0.04106665775179863,6.711954483762383e-05,0.006921319290995598,-0.00041151662064546624,0.029314715584338145,0.27627617540471877,-0.016676606610417366,-0.005428601987659931,0.0023904531262815,0.0003372020632140746,0.00031642856855198365,-0.0001406129360121631
1548,1625451610.4386094,0.0,-0.04106452316045761,5.7635828852653503e-05,0.006903713569045067,-0.0004134099226991289,0.029310288780206202,0.2762781401051555,-0.01348081510514021,0.005224042572081089,0.006651510950177908,-9.262001623875126e-05,1.528319384625285e-06,6.91241935307786e-05
1549,1625451610.4487367,0.0,-0.04109007120132446,0.00010719566489569843,0.006901897490024567,-0.00039968743924091027,0.029318555403936436,0.2762757820086226,0.000367622880730778,0.006289307028055191,-0.0018706046976149082,0.0006329138947572149,0.00044869664265972123,7.52096229618968e-05
1550,1625451610.4583597,0.0,-0.041074126958847046,0.00015169911785051227,0.006895948201417923,-0.00038428883991330903,0.029317090023634793,0.27627480486849354,-0.001762906089425087,0.008419835940003395,-0.0008053402998484671,0.0012358063577741526,0.0005251032061839261,-0.00019755645785431714
1551,1625451610.508268,0.0,-0.04102163389325142,0.00024389586178585887,0.00692223384976387,-0.000359976438570192,0.02930083457672355,0.2762794498098675,0.009955002926290035,-0.008624395355582237,0.003455717582255602,0.0019859566232947137,-0.0001185520595098867,-0.0003103057836481916
1552,1625451610.5177665,0.0,-0.04104650765657425,0.0002734813024289906,0.006949432194232941,-0.00035268171331249293,0.02930956719183237,0.2762757454994646,-0.003893435001373291,0.004158778116106987,-0.0029358691535890102,0.0014807093320919474,-0.0003184463924620944,-7.899928454482762e-05
1553,1625451610.5276954,0.0,-0.041035376489162445,0.00026013466413132846,0.006963586434721947,-0.0003565561879814716,0.029300775878365895,0.27627936299581846,0.006759209558367729,-0.010754924267530441,0.00771677540615201,0.0002082664478194305,9.672397926022621e-05,2.810860865795186e-05
1554,1625451610.5376863,0.0,-0.04108009487390518,0.0003049649822060019,0.006985032930970192,-0.0003453260967167665,0.02931519084709231,0.27627896335016394,0.009955002926290035,0.007354571484029293,-0.0008053402998484671,0.0004597642427811425,0.0006538423166492746,-4.0971755019269305e-06
1555,1625451610.547938,0.0,-0.04108475148677826,0.0003249487199354917,0.007019698619842529,-0.00034117625927650164,0.029320224904032813,0.2762744191004245,-0.001762906089425087,-0.010754924267530441,0.006651510950177908,0.0010725656965670472,0.0007801205683551138,-0.0001709836889679078
1556,1625451610.5576458,0.0,-0.041084617376327515,0.0003104298666585237,0.007022833451628685,-0.00035089033713590206,0.029319348038285592,0.27627825672378387,-0.008154492825269699,-0.015015983022749424,0.005586246494203806,-5.154692035833505e-05,-3.3310588383859577e-05,-2.7995117795686595e-05
1557,1625451610.56798,0.0,-0.04107796773314476,0.00027025016606785357,0.007030308246612549,-0.00035951217477869085,0.029317330082350455,0.27627725532965713,0.002498151734471321,-0.011820188723504543,-0.010392720811069012,-0.0008477008811447169,1.9374157328814203e-05,3.9499233315186137e-05
1558,1625451610.5778081,0.0,-0.0411105677485466,0.0002957340038847178,0.007028618827462196,-0.00034955896876417286,0.02932262614183114,0.27627919152025554,-0.001762906089425087,0.009485100395977497,0.0013251886703073978,-0.00010400787637480517,0.00038274251743224445,-9.869007062952224e-05
1559,1625451610.5876682,0.0,-0.04112213850021362,0.00029132948839105666,0.006999185308814049,-0.0003526236087497067,0.029332444950986435,0.27627509588235916,0.004628680646419525,-0.006493866443634033,-0.010392720811069012,0.0002631188043520404,0.0006539143120591383,-6.454523350456898e-05
1560,1625451610.5979319,0.0,-0.04109052196145058,0.00028371860389597714,0.007007403299212456,-0.0003550451798359916,0.02932271356824362,0.276274016108648,0.004628680646419525,-0.003298073308542371,-0.0018706046976149082,-0.0001363542366107785,4.641412726676432e-05,-0.00016478883580220172
1561,1625451610.6496189,0.0,-0.041075512766838074,0.00039149122312664986,0.0070140063762664795,-0.00032543303080050795,0.029316298024686487,0.2762834373430352,0.000367622880730778,-0.004363337531685829,-0.0008053402998484671,0.0012402904099002977,-0.0008681562599502275,9.12046304446519e-06
1562,1625451610.6593835,0.0,-0.04103492945432663,0.0004000531625933945,0.007019286975264549,-0.0003202428811006769,0.029307607147640642,0.27627715741558895,0.008889738470315933,-0.00010227994062006474,0.0002599241561256349,0.0017087592981845745,-0.000668333581131188,-0.0001285588820660311
1563,1625451610.6702394,0.0,-0.041093163192272186,0.00047099540825001895,0.007035739719867706,-0.0003014438795766461,0.029323012462635308,0.2762787154113589,0.005693945102393627,0.004158778116106987,-0.0008053402998484671,0.0009730072843644004,0.0003516965495512626,-0.00027057247824567143
1564,1625451610.679478,0.0,-0.04107406362891197,0.0004736729897558689,0.007023835554718971,-0.00030020743472215783,0.029316821669532186,0.27627878900560787,0.007824474014341831,-0.006493866443634033,-0.004001133609563112,0.0008301108396131416,0.0003429374706117802,-3.013548759417845e-05
1565,1625451610.6894608,0.0,-0.04105641320347786,0.0004977743374183774,0.007000116631388664,-0.0002897226894510718,0.029312877719236068,0.2762768289854924,-0.001762906089425087,0.0030935134273022413,-0.0029358691535890102,0.00031644779802497117,-0.0005356056781858156,-5.656373987961499e-05
1566,1625451610.6996152,0.0,-0.04100698605179787,0.0004823484050575644,0.006992844864726067,-0.00029361339514916845,0.029295301561457474,0.2762805507838392,0.014216060750186443,-0.005428601987659931,-0.007196926977485418,0.0002241293789683995,-0.0007567466799631167,3.704028789944875e-05
1567,1625451610.7094295,0.0,-0.04101662337779999,0.0005103898583911359,0.006991244852542877,-0.00029155883129346194,0.029298815816289896,0.2762786927815288,0.005693945102393627,0.008419835940003395,0.0002599241561256349,-0.00012700511999924255,-0.0005736409070510722,7.264077177417224e-05
1568,1625451610.7200024,0.0,-0.04101722687482834,0.000569275114685297,0.007014140486717224,-0.00027047971824330913,0.029298124270793688,0.27628008470265353,-0.002828170545399189,0.004158778116106987,0.006651510950177908,0.0009784075161642278,1.0522509240148888e-05,2.4108387657997174e-05
1569,1625451610.729501,0.0,-0.04101831838488579,0.0005656609428115189,0.0070170070976018906,-0.0002740805835681273,0.029298576188661545,0.27627906760824855,-0.006023963913321495,0.0009629845153540373,0.0023904531262815,0.0007680047737115681,-4.369448098275943e-05,-4.102893086738245e-05
1570,1625451610.7397661,0.0,-0.041011858731508255,0.0005599533906206489,0.006996484473347664,-0.0002811116002435707,0.029297716484223565,0.2762824206552544,0.002498151734471321,-0.01288545224815607,0.006651510950177908,1.4962007376923723e-05,0.0001613467997802515,-5.0220934063497356e-05
1571,1625451610.7942228,0.0,-0.04093443974852562,0.0005189724615775049,0.007019517943263054,-0.0002900986682288706,0.029275383817345145,0.27628318138092306,0.004628680646419525,0.0030935134273022413,0.004520982038229704,-0.0005689028605284767,-0.0005573422005849815,0.0001581400996890628
1572,1625451610.802669,0.0,-0.04100487381219864,0.000514380051754415,0.00701385922729969,-0.00028555563243114895,0.029294871634807332,0.276283116259492,0.003563416190445423,-0.0022328088525682688,-0.0008053402998484671,-0.00036536776865159757,0.00041432098555264636,1.691095575192843e-05
1573,1625451610.8129382,0.0,-0.04097577556967735,0.0004922676598653197,0.0070143770426511765,-0.000297543884000738,0.029288366791953707,0.2762789557410184,0.005693945102393627,-0.011820188723504543,0.003455717582255602,-0.00018641989727945934,0.0007773531081470354,-8.771966164067593e-05
1574,1625451610.8226328,0.0,-0.04102773219347,0.0005028255982324481,0.007026441395282745,-0.00029234354085717895,0.0293011876938392,0.2762807669829745,0.009955002926290035,-0.003298073308542371,0.003455717582255602,-0.00024583102888084364,-8.903094258820354e-06,3.233149544046121e-05
1575,1625451610.833083,0.0,-0.040963344275951385,0.0004507157427724451,0.00702923908829689,-0.00030648782989604884,0.029280313376251962,0.2762837762351417,-0.004958699457347393,0.004158778116106987,0.0002599241561256349,-0.00060945517975597,-0.0004210279927712115,0.000202036966865809
1576,1625451610.8429685,0.0,-0.04099837690591812,0.00044339848682284355,0.0070378221571445465,-0.00030301160695259816,0.02929762312214127,0.27627858912117126,0.000367622880730778,-0.010754924267530441,0.004520982038229704,-0.0006325505670429791,0.00020887194423342288,-0.00013288874154741864
1577,1625451610.8533444,0.0,-0.041039593517780304,0.0004689319175668061,0.00707956962287426,-0.00030064117323428535,0.029307137281093937,0.2762788183822218,-0.007089228369295597,-0.0011675443965941668,0.009847303852438927,0.00021686232354268357,0.0014227229654906707,-0.00018209693468606585
1578,1625451610.862636,0.0,-0.04100613296031952,0.0004672300710808486,0.007028520107269287,-0.0003020153601086678,0.0292969404069671,0.27628264144897485,0.01528132427483797,0.0009629845153540373,-0.008262191899120808,4.7679254464806054e-05,0.0004346375391580265,0.00014332921019535194
1579,1625451610.8733382,0.0,-0.04101560637354851,0.0004509773862082511,0.007033832371234894,-0.0003069178011908813,0.02930235831645142,0.27627798074132986,-0.003893435001373291,0.009485100395977497,-0.0018706046976149082,-0.0004902522615067778,-0.00021325276057481912,4.919214562310508e-05
1580,1625451610.8827364,0.0,-0.040967412292957306,0.0004244176088832319,0.007038481533527374,-0.00031715734619133795,0.02928602884777519,0.2762814505503229,0.001432887278497219,-0.006493866443634033,-0.0008053402998484671,-0.000545200383436337,-0.0007018953772360826,-6.610192688063806e-06
1581,1625451610.9365704,0.0,-0.04102775454521179,0.0005521532730199397,0.007017839699983597,-0.0002812776465519404,0.02930494222170687,0.2762776893901738,0.001432887278497219,0.006289307028055191,-0.0008053402998484671,0.0012400660123435497,0.00022632812041806574,-8.315196878446375e-05
1582,1625451610.9456148,0.0,-0.0410429872572422,0.000500455207657069,0.0070319343358278275,-0.00029612201495907153,0.02930904351388633,0.2762771036251456,0.002498151734471321,0.0020282489713281393,0.0002599241561256349,0.000857068809330306,0.0011645742848022697,-0.00023452148613945195
1583,1625451610.9556832,0.0,-0.04106007143855095,0.0005089205806143582,0.007042469456791878,-0.0002910598238823822,0.02930919955707805,0.27628108481057345,-0.006023963913321495,-0.011820188723504543,0.0023904531262815,-0.00023862829040963545,0.00023384697714053663,0.00011187619668572519
1584,1625451610.9662206,0.0,-0.04110926389694214,0.0005455565406009555,0.007064808160066605,-0.00027885089232124877,0.029324753232690987,0.2762774639065992,-0.012415550649166107,0.010550364851951599,0.003455717582255602,0.0003661580510344364,0.0006378694149237844,-5.950026736141063e-05
1585,1625451610.976362,0.0,-0.04110787808895111,0.0005082366405986249,0.007085060700774193,-0.0002958950109845093,0.02932623036418925,0.2762787200007931,0.011020267382264137,-0.003298073308542371,0.0023904531262815,-0.00038264333737670616,0.0009908191349882586,-0.00020909571542224368
1586,1625451610.985844,0.0,-0.0411037877202034,0.0005407041171565652,0.007092984393239021,-0.0002814325182193683,0.02932876093170072,0.2762745037192264,0.013150796294212341,-0.010754924267530441,0.0023904531262815,0.0001573547965488293,0.00037140521821662093,-0.00010889003259293177
1587,1625451610.9958234,0.0,-0.04113154113292694,0.0005856056814081967,0.007122855633497238,-0.0002759647147694694,0.029333676936451406,0.27627384343759753,-0.003893435001373291,0.0030935134273022413,0.005586246494203806,0.000811566375481945,-4.274543302368141e-05,-0.00010361314146022683
1588,1625451611.0056632,0.0,-0.04110273718833923,0.0005553470691666007,0.00714186392724514,-0.00027925807936179936,0.029321826721902068,0.2762769524838017,0.005693945102393627,0.006289307028055191,0.005586246494203806,-0.00031250376351481734,-0.0001703126660152532,5.0810134483879656e-05
1589,1625451611.0161543,0.0,-0.04112914577126503,0.0006008034688420594,0.007161945104598999,-0.000270429681631143,0.029333062008066527,0.2762752916806178,-0.011350286193192005,-0.011820188723504543,-0.0029358691535890102,0.00024433309615977183,4.324696592970883e-05,0.00010661590471324855
1590,1625451611.025613,0.0,-0.04111955687403679,0.0006258462672121823,0.007165595889091492,-0.00026944235096085234,0.02932851248319452,0.2762786188350153,-0.010285021737217903,-0.01288545224815607,0.0023904531262815,0.0008445669621598367,0.00010375882467119597,0.000124474023459545
1591,1625451611.078057,0.0,-0.041138749569654465,0.0005798753700219095,0.007165726274251938,-0.00027339283734278963,0.029330848054583233,0.27627686765588755,0.008889738470315933,-0.01288545224815607,-0.0018706046976149082,-0.00023798101744034372,-0.000533397397555448,0.00010704911909222318
1592,1625451611.0881264,0.0,-0.041152384132146835,0.0005802934756502509,0.0071541424840688705,-0.00027291833442653207,0.02933659910047076,0.2762736018574037,-0.011350286193192005,-0.00010227994062006474,0.004520982038229704,-0.0006187770041668317,-0.0001449804978415332,-0.0001198509707713013
1593,1625451611.0976584,0.0,-0.0411689318716526,0.0005512387142516673,0.007142724469304085,-0.000286509978171888,0.029343744488514255,0.2762723127696146,-0.004958699457347393,-0.007559130899608135,-0.0029358691535890102,-0.0006990244106570377,0.00032560623692917743,-7.759786933889569e-05
1594,1625451611.108031,0.0,-0.041163135319948196,0.0005823224200867116,0.007124243304133415,-0.0002771462119353363,0.029339443796247422,0.2762734573367319,-0.008154492825269699,0.0009629845153540373,-0.007196926977485418,-0.00015485310078615486,3.8555538290011075e-05,8.58617942548413e-05
1595,1625451611.1182585,0.0,-0.04113539308309555,0.0005889792810194194,0.0071329958736896515,-0.0002726666181548307,0.02933487675701294,0.2762751091209932,0.000367622880730778,0.009485100395977497,0.0013251886703073978,0.0002834142043943079,-0.0002741301209341967,0.00012899303568745355
1596,1625451611.1281066,0.0,-0.04112609848380089,0.0005445557180792093,0.007153509184718132,-0.00029141490075192816,0.029330967179804122,0.2762744749403617,0.006759209558367729,-0.010754924267530441,0.004520982038229704,-0.00048492070608862806,-0.00014961742381830383,3.243733528940316e-05
1597,1625451611.1382062,0.0,-0.041147854179143906,0.0005191866075620055,0.007147567346692085,-0.0002924122141083618,0.02933424659073535,0.2762764565552571,0.013150796294212341,-0.013950717635452747,-0.0008053402998484671,-0.00043679330192147793,0.00018900176021131366,-7.230448294466191e-05
1598,1625451611.1476924,0.0,-0.041163213551044464,0.0005787889240309596,0.007140297442674637,-0.0002757230860541207,0.029339350087009143,0.2762743741857144,-0.001762906089425087,0.011615629307925701,0.0013251886703073978,3.930232029114689e-05,0.00020172524346079464,2.7511028586308757e-05
1599,1625451611.158029,0.0,-0.04110518470406532,0.0005744967493228614,0.007139971479773521,-0.00027090847383950956,0.029325252109158186,0.2762735301173502,-0.012415550649166107,-0.003298073308542371,-0.0029358691535890102,0.0008232869109747067,-0.000695910353843698,-4.2264377876954215e-05
1600,1625451611.167691,0.0,-0.04107161983847618,0.0005696406005881727,0.00712241604924202,-0.00027733418115683667,0.02931135485778539,0.276282079351953,0.000367622880730778,-0.00968965981155634,0.0023904531262815,0.00042846248649959783,-0.0009181004814554739,0.00015218494606760005
1601,1625451611.2232506,0.0,-0.041002944111824036,0.0005337286274880171,0.0071108173578977585,-0.0002895986420482152,0.029290300635600786,0.2762823903804973,0.01208553183823824,-0.015015983022749424,0.003455717582255602,-0.0009150178195470768,-0.0014452530592165217,0.0004367807648086279
1602,1625451611.2331471,0.0,-0.04102296382188797,0.0005251803668215871,0.007102023810148239,-0.00028868884187090854,0.02930066769799019,0.27628179158651045,-0.000697641575243324,-0.003298073308542371,0.0023904531262815,-0.0013233598473071696,-0.001035379851507232,0.00030232360975502686
1603,1625451611.243143,0.0,-0.04098929464817047,0.00048248760867863894,0.007117364555597305,-0.00030101704100064797,0.029293241954718628,0.2762794821180588,0.006759209558367729,-0.003298073308542371,0.005586246494203806,-0.0012498635309227315,4.110496966658873e-05,7.270057342780928e-05
1604,1625451611.2526329,0.0,-0.040996551513671875,0.000500094669405371,0.007137743756175041,-0.00030290496666218747,0.029294105876584438,0.2762791046631382,0.008889738470315933,-0.003298073308542371,0.014108361676335335,-0.0006723965621145444,5.736870679144006e-05,-3.800088611760895e-05
1605,1625451611.2625196,0.0,-0.04101818427443504,0.0005129841156303883,0.007137995213270187,-0.0002994030075449336,0.029301360853071647,0.27628311671266026,-0.002828170545399189,-0.017146511003375053,0.003455717582255602,0.0004160113900555834,0.00031255192069775127,8.843225665786622e-05
1606,1625451611.2725208,0.0,-0.041084662079811096,0.0005595185793936253,0.007115449756383896,-0.00028587600393261553,0.029319823000921903,0.276278201928859,-0.014546079561114311,-0.016081247478723526,0.005586246494203806,0.0008966010943962334,0.0006817355783457586,-5.0679067071114274e-05
1607,1625451611.282814,0.0,-0.04103817418217659,0.0005473300698213279,0.007128501310944557,-0.00028059708438458314,0.02930497782661356,0.2762802116208594,-0.006023963913321495,0.008419835940003395,-0.0029358691535890102,0.0005153271456471371,0.00020698229621519542,-0.00011028564502831244
1608,1625451611.2926419,0.0,-0.04103349521756172,0.0005647873622365296,0.007123015820980072,-0.000281774693504086,0.029308620506252714,0.2762809080415844,0.008889738470315933,-0.0022328088525682688,0.009847303852438927,0.00010656365004898989,-0.00020726740058793977,0.00011524041390394972
1609,1625451611.3025663,0.0,-0.04106520861387253,0.0005973814986646175,0.007122041657567024,-0.0002816343725752721,0.02931065167071307,0.27628330280426355,-0.006023963913321495,-0.007559130899608135,0.0013251886703073978,0.00012034637939665393,0.00014242585107053184,0.00018287767356057948
1610,1625451611.3128273,0.0,-0.041013773530721664,0.0005617556744255126,0.007128188386559486,-0.00028250618014225015,0.02929712493355771,0.2762801917679891,0.008889738470315933,0.0020282489713281393,-0.0018706046976149082,-0.00012211469205610808,-0.00045771138653699205,-3.5238469005904365e-06
1611,1625451611.3642209,0.0,-0.0410463847219944,0.0006148753454908729,0.007137604057788849,-0.00026851028175881725,0.02931025848324189,0.2762794850222783,-0.006023963913321495,0.007354571484029293,-0.0029358691535890102,0.0003850711384349318,0.0002946932945205085,-0.00031910774292379996
1612,1625451611.3739276,0.0,-0.04103723168373108,0.000659786572214216,0.007164269685745239,-0.00025674890286320196,0.029306803952446225,0.2762813336958494,-0.007089228369295597,-0.0022328088525682688,0.005586246494203806,0.0009482368209726899,0.0005289999025199288,-6.381158907950028e-05
1613,1625451611.3836143,0.0,-0.04103272408246994,0.0006500149029307067,0.00715918093919754,-0.0002593711190444145,0.029304702759181206,0.2762827072867382,0.002498151734471321,-0.00968965981155634,0.0002599241561256349,0.0006824694465572143,-0.00015363583425267785,3.0292811774672185e-05
1614,1625451611.3938303,0.0,-0.041046932339668274,0.0006961064063943923,0.00713689997792244,-0.00024008066509453863,0.02931128317246931,0.2762757334376962,-0.017741871997714043,-0.0022328088525682688,-0.005066398065537214,0.0008208398798300395,-6.508766656384437e-05,-6.77489070554592e-05
1615,1625451611.4039445,0.0,-0.040985990315675735,0.0007270764908753335,0.007146170362830162,-0.0002377511196386059,0.029292787086144433,0.27628313661401416,0.004628680646419525,0.013746158219873905,0.00771677540615201,0.0009205201324706443,-0.0003808030493944155,6.295465760598936e-07
1616,1625451611.4135835,0.0,-0.041013751178979874,0.0006878272979520261,0.0071562230587005615,-0.00024290959399607404,0.02929746373979187,0.27628030599483855,0.004628680646419525,-0.008624395355582237,0.0023904531262815,0.0003531865395677911,-0.00019017315983104057,0.00013738326503417983
1617,1625451611.4239974,0.0,-0.04095360264182091,0.0007193132769316435,0.007138611748814583,-0.00023947104747137904,0.029281840264804737,0.2762834466023105,0.009955002926290035,-0.008624395355582237,0.0002599241561256349,0.00026643090807284376,-0.00028892325701567595,5.418943480245451e-05
1618,1625451611.4339416,0.0,-0.04103539511561394,0.0007515959441661835,0.007121682167053223,-0.00022700035613760355,0.02930535954390117,0.27627777209231197,-0.001762906089425087,-0.0011675443965941668,-0.004001133609563112,0.0005724356725333071,0.000316367160218146,-0.00018455419003620622
1619,1625451611.443477,0.0,-0.04094470292329788,0.0007080863579176366,0.007148204371333122,-0.00023981404309914717,0.02928124602806649,0.27628361217480835,0.01208553183823824,-0.004363337531685829,0.00771677540615201,-6.760664795108053e-05,-0.00018062383132822968,-3.45259293660554e-06
1620,1625451611.4536018,0.0,-0.04098460450768471,0.0007101052906364202,0.007145848125219345,-0.0002394913278961977,0.029290354712330283,0.2762810604355031,0.026999235153198242,-0.005428601987659931,0.0023904531262815,-0.0007105168104221965,-0.0005012026876131635,0.0001981585682886513
1621,1625451611.5063713,0.0,-0.040908437222242355,0.0006099153542891145,0.007133893668651581,-0.0002692877512113709,0.029275146635187432,0.2762845345465135,0.02060764841735363,-0.00968965981155634,-0.005066398065537214,-0.001390815516780815,0.00031639050543792453,-0.00013102712513196518
1622,1625451611.5161645,0.0,-0.0409119687974453,0.000600696774199605,0.0071405079215765,-0.0002692648718336868,0.029269313247681672,0.27628513151820766,0.000367622880730778,-0.0011675443965941668,0.0002599241561256349,-0.0017585030198722588,-0.00086413821257946,5.27547627912198e-05
1623,1625451611.5263288,0.0,-0.04091830551624298,0.0005983129376545548,0.007147558033466339,-0.0002700853226828906,0.02927556318422568,0.27628139676897234,0.005693945102393627,0.006289307028055191,-0.00932745635509491,-0.00036888532342119114,3.621404803378608e-05,-0.00014221817944558323
1624,1625451611.536234,0.0,-0.04092739522457123,0.0006343047134578228,0.007157955318689346,-0.0002605814405352361,0.02927440163825073,0.2762833538910048,-0.015611344017088413,0.0009629845153540373,0.009847303852438927,0.0005057747698288279,0.00026306360870993165,-0.00010461326806899633
1625,1625451611.5462236,0.0,-0.04090987518429756,0.0006407303153537214,0.007134806364774704,-0.00025809390335174154,0.02927356424071568,0.2762820854389282,0.006759209558367729,0.0020282489713281393,-0.004001133609563112,0.0005567414296308435,-0.00015155415281692798,0.00013420901867864255
1626,1625451611.556522,0.0,-0.04094193875789642,0.0006476107519119978,0.0071250069886446,-0.0002527656445585613,0.02927571628245118,0.2762844777368446,0.005693945102393627,-0.004363337531685829,-0.005066398065537214,0.0002421958866465559,3.1710954697448734e-05,5.553637117191108e-05
1627,1625451611.5661721,0.0,-0.04087662324309349,0.0006999268080107868,0.007129749283194542,-0.0002412171637412655,0.02925885129902861,0.27628803894303283,0.007824474014341831,0.008419835940003395,-0.004001133609563112,0.0006761948931040221,-0.0005697144518939274,0.00017356384864020973
1628,1625451611.576172,0.0,-0.04091987386345863,0.0007168033043853939,0.007160935550928116,-0.00023509072184062924,0.02927452881707189,0.27628543807671274,-0.011350286193192005,-0.0011675443965941668,0.008782039396464825,0.0009316342303545659,-0.0002261597625402352,9.565938895043155e-05
1629,1625451611.5862677,0.0,-0.040838275104761124,0.0007227514288388193,0.007177609950304031,-0.00023973793395005993,0.029249128491301048,0.27628923805055533,-0.001762906089425087,-0.00010227994062006474,0.006651510950177908,0.000525439190426212,-0.00022415094093905763,-6.0189470547217336e-05
1630,1625451611.596464,0.0,-0.04088456183671951,0.0007740832515992224,0.007174286991357803,-0.00021963936403658624,0.029265045181280126,0.27628686779196476,0.005693945102393627,-0.011820188723504543,-0.006131662521511316,0.001036719789781474,-0.00026065431313186096,1.6920330976109493e-05
1631,1625451611.648561,0.0,-0.040867164731025696,0.000769828271586448,0.007169915363192558,-0.00022367964694212927,0.029260168086226918,0.27628649796889626,-0.01348081510514021,-0.022472834214568138,0.0023904531262815,0.001438902316539708,0.0009322713489651107,-0.00017656642792997175
1632,1625451611.6579974,0.0,-0.04082215204834938,0.0007547191926278174,0.007175056263804436,-0.00022777330305489424,0.02924863236711931,0.276288988999732,-0.009219757281243801,0.015876686200499535,0.0002599241561256349,-0.00023609967547113,9.01488087166244e-05,-7.3324064020135725e-06
1633,1625451611.6681457,0.0,-0.04083036258816719,0.0007224525325000286,0.0071735382080078125,-0.00023655812262508152,0.029248876396591558,0.2762869279719804,-0.01348081510514021,-0.005428601987659931,-0.004001133609563112,-0.0005819031588770853,-0.0004915007143407751,3.64242015496149e-05
1634,1625451611.678217,0.0,-0.0408487394452095,0.0007843346684239805,0.007184384390711784,-0.0002198948067646811,0.029252018521308876,0.2762877303373521,0.003563416190445423,0.004158778116106987,-0.004001133609563112,0.0003113035739578626,0.00016762496606217975,-2.504420200730668e-05
1635,1625451611.6882992,0.0,-0.04085206240415573,0.0007799114100635052,0.007203320041298866,-0.00022468084273546962,0.02925293304387943,0.27628842561222955,0.011020267382264137,-0.010754924267530441,0.006651510950177908,0.0004979110621741321,0.00038633974799260793,0.0001874250921965215
1636,1625451611.6982002,0.0,-0.04082832112908363,0.000786022690590471,0.007151108235120773,-0.00022109394129517235,0.029247469749293792,0.27628824116741024,0.007824474014341831,-0.004363337531685829,-0.0029358691535890102,5.53579431220912e-05,5.9079717080094e-05,3.849202792953175e-05
1637,1625451611.70828,0.0,-0.040842387825250626,0.0007592212059535086,0.007173992693424225,-0.00022364517055076943,0.02925112731932166,0.2762853625426616,0.007824474014341831,-0.015015983022749424,0.008782039396464825,0.000171050079656874,0.00018205394067915474,-0.00014518037376748784
1638,1625451611.7181919,0.0,-0.040817663073539734,0.0007832947303541005,0.007165905088186264,-0.00022556475554189742,0.02924059783109329,0.2762889977075459,-0.009219757281243801,-0.00010227994062006474,0.0023904531262815,-0.0006249889852691197,-0.0007145485936138641,5.6581457965852685e-05
1639,1625451611.7280674,0.0,-0.04080664739012718,0.0007782273460179567,0.0071653928607702255,-0.00022387261549677157,0.029242341882411288,0.2762876560734307,0.000367622880730778,-0.004363337531685829,-0.006131662521511316,-0.0005049357944188476,-0.0008975818311775265,0.00018064604499924477
1640,1625451611.7381022,0.0,-0.04076708108186722,0.0007906295941211283,0.007148806005716324,-0.0002194939069626034,0.029226531185474074,0.2762899224854511,0.011020267382264137,0.0009629845153540373,0.0002599241561256349,0.00023602961006309313,-0.0004170636769787702,5.054892884638335e-05
1641,1625451611.7919173,0.0,-0.040800902992486954,0.0008320128545165062,0.00713433139026165,-0.00020478320299866654,0.02924286664538575,0.27628775939479333,0.000367622880730778,0.0020282489713281393,0.0013251886703073978,0.0008047972796792167,-4.318304455287277e-05,-0.00011526295597041854
1642,1625451611.8017385,0.0,-0.040810007601976395,0.0007638956885784864,0.007148388773202896,-0.0002212542272701859,0.02924053582438648,0.2762893430215543,-0.006023963913321495,-0.004363337531685829,0.0013251886703073978,0.00017122915058491654,0.0006314354763518184,-0.00022486969758329047
1643,1625451611.8116436,0.0,-0.040799252688884735,0.000780288886744529,0.007158925756812096,-0.00022309723732121672,0.029242309350367923,0.27628898657829426,-0.004958699457347393,-0.0022328088525682688,0.003455717582255602,-0.0007236678186602377,-0.00029334911254605704,-1.120758636585921e-05
1644,1625451611.82259,0.0,-0.04078402742743492,0.0008047039736993611,0.0071585290133953094,-0.0002072218982307611,0.029237377260673734,0.27628964260315336,0.007824474014341831,-0.004363337531685829,0.004520982038229704,0.00023742705113770265,-0.00011895623827309706,-1.1319973567494862e-05
1645,1625451611.8316348,0.0,-0.04078903794288635,0.0007700084242969751,0.007164830341935158,-0.00022322262376056612,0.02924065183736585,0.27629054295341593,-0.012415550649166107,0.004158778116106987,0.0002599241561256349,-0.0004021124596774664,-0.00022974800943258283,9.55811288025978e-05
1646,1625451611.84157,0.0,-0.04077937826514244,0.0007881246856413782,0.007162462919950485,-0.00021488505790494272,0.029234979763939538,0.27628857105035975,0.005693945102393627,0.006289307028055191,0.004520982038229704,-0.0005905345609473559,-9.539496394412576e-05,1.705620752402693e-05
1647,1625451611.8515887,0.0,-0.0408359169960022,0.0008094084914773703,0.007169313728809357,-0.00021230541005842068,0.029245807532942703,0.2762886934969036,-0.006023963913321495,-0.006493866443634033,0.0013251886703073978,0.0007411074111795102,0.0004062546781006886,-0.00015744034643606664
1648,1625451611.8617713,0.0,-0.04085233807563782,0.0007829352398402989,0.007140437141060829,-0.00021863766632485016,0.029252300937440273,0.27628896648756834,-0.003893435001373291,-0.0022328088525682688,0.004520982038229704,-0.00028856564115898096,0.0007357676416716487,-0.0001429815811787409
1649,1625451611.872481,0.0,-0.04086506366729736,0.0007395375869236887,0.007138015702366829,-0.0002277794833060523,0.02926147461147225,0.2762828086419578,0.014216060750186443,-0.010754924267530441,0.0023904531262815,-0.0009161544345060651,0.0008392871417932028,-0.0003063391688384277
1650,1625451611.8820014,0.0,-0.04087812453508377,0.0007482360233552754,0.007135821506381035,-0.00023114943301375673,0.02926010737869133,0.2762876846549895,-0.010285021737217903,-0.006493866443634033,0.003455717582255602,-0.0008828007490986522,0.00032706943830612727,-8.231426341836897e-06
1651,1625451611.9358513,0.0,-0.04089149460196495,0.0008126560132950544,0.007163504138588905,-0.0002144380768299009,0.029266072022266672,0.2762881903502339,0.001432887278497219,0.005224042572081089,0.0002599241561256349,0.000671121575312072,0.00011254978323057432,0.00037054823666993474
1652,1625451611.9460235,0.0,-0.0409197099506855,0.0008229356608353555,0.007155386731028557,-0.0002054620875361554,0.02927186964352855,0.2762859921927041,-0.008154492825269699,0.0009629845153540373,0.0013251886703073978,0.001383118499635439,0.00021572414766293256,9.072507417777911e-05
1653,1625451611.955852,0.0,-0.04091336205601692,0.0008156378171406686,0.007151041179895401,-0.00021327132125341375,0.029273758453548404,0.276284488307295,0.004628680646419525,-0.00010227994062006474,0.003455717582255602,-0.0002463984918926099,0.00032738727533926674,-0.00013045603209264697
1654,1625451611.9658353,0.0,-0.04092021659016609,0.000803580682259053,0.007160712033510208,-0.0002140659844253462,0.029274919608744038,0.2762845315368372,0.007824474014341831,-0.013950717635452747,0.008782039396464825,-0.0003539210474450023,0.0003199383557660281,-0.0001260238371452154
1655,1625451611.975989,0.0,-0.040913622826337814,0.0008614802500233054,0.0071451254189014435,-0.00019727046291753703,0.029273106925917135,0.276284851429966,-0.003893435001373291,0.0030935134273022413,0.003455717582255602,0.0006902716352962995,5.88460948814979e-05,1.930758924711348e-05
1656,1625451611.9860995,0.0,-0.04092151299118996,0.0008707557572051883,0.007163893431425095,-0.0002015094202205553,0.029272261720974573,0.27628504823439815,-0.003893435001373291,-0.00968965981155634,0.00771677540615201,0.0007704557047728338,-9.167320782852224e-07,-4.222636448730945e-05
1657,1625451611.9956868,0.0,-0.040894631296396255,0.0008631724631413817,0.007164856418967247,-0.00019463743626985802,0.02926391423780062,0.2762882402005699,-0.004958699457347393,-0.008624395355582237,0.003455717582255602,0.00017162828503463544,-0.00040546966588317574,0.00010102689215797169
1658,1625451612.0061269,0.0,-0.040898941457271576,0.0008432953036390245,0.00717669352889061,-0.00020048475538411714,0.029261151250880635,0.2762840819604545,0.001432887278497219,0.0009629845153540373,0.0023904531262815,-7.687156121969633e-05,-0.0005796466993675767,8.587168126466432e-05
1659,1625451612.015779,0.0,-0.04088069871068001,0.0008633206598460674,0.007171347737312317,-0.00020383735868322733,0.02926295842011121,0.27628749622673804,-0.006023963913321495,-0.008624395355582237,0.01197783276438713,-0.0002857696065938377,-0.0002776517356488008,3.9385538076241796e-05
1660,1625451612.025796,0.0,-0.04085925221443176,0.0008859132649376988,0.007156044244766235,-0.00019383607425943472,0.029255157044235314,0.2762884139406953,0.003563416190445423,-0.005428601987659931,0.004520982038229704,0.00035493995675899546,-0.00033341687605086955,0.00019666824343975901
1661,1625451612.0815716,0.0,-0.04090346768498421,0.0009093028493225574,0.0071399882435798645,-0.00018692075128027424,0.029273270118668274,0.2762858173129087,-0.004958699457347393,-0.007559130899608135,-0.0018706046976149082,0.0006075961823088893,0.00012622192612439444,0.00017304878572064295
1662,1625451612.0913906,0.0,-0.04089868441224098,0.0009162710630334914,0.007154880091547966,-0.00018554133574779502,0.02927412165544399,0.27628714760523077,-0.003893435001373291,-0.01288545224815607,0.003455717582255602,0.00026886380571616836,0.0003447093874885063,8.662597382037852e-05
1663,1625451612.1015184,0.0,-0.040916237980127335,0.0009078985312953591,0.007143691182136536,-0.00018751282504538003,0.029271996046241713,0.276284808842162,-0.001762906089425087,-0.010754924267530441,-0.0008053402998484671,0.0002292886605226437,0.00010287597817308597,-0.00018045306483777573
1664,1625451612.1114583,0.0,-0.040902089327573776,0.0008901155670173466,0.00715009868144989,-0.0001864853518255688,0.029271830688050622,0.2762835413587725,-0.001762906089425087,0.005224042572081089,0.0023904531262815,-0.0003436124466920901,-2.064269187694597e-05,-0.0001624166697191035
1665,1625451612.121414,0.0,-0.04093264043331146,0.0008618354331701994,0.007175318896770477,-0.00019837355394437123,0.02928120083203723,0.2762836448253711,0.001432887278497219,-0.007559130899608135,0.003455717582255602,-0.0007095124909705781,0.000452258250764266,-5.515665160753464e-05
1666,1625451612.1313386,0.0,-0.04095911979675293,0.0009054348920471966,0.007178479805588722,-0.00018950243431361397,0.029282747468900902,0.2762845332621209,0.001432887278497219,-0.011820188723504543,0.008782039396464825,7.381579648108353e-05,0.0005069929332949984,-8.360640730730677e-06
1667,1625451612.141484,0.0,-0.04097059369087219,0.0009327480802312493,0.007179141044616699,-0.00017911100404560676,0.02928513394603862,0.276284449031297,-0.002828170545399189,-0.005428601987659931,-0.0018706046976149082,0.0010672502769538275,0.0003427946279654665,-1.4368507527187923e-05
1668,1625451612.151289,0.0,-0.040985796600580215,0.0009546790970489383,0.007186559960246086,-0.00017319257575701408,0.029297104978729997,0.2762800483549661,-0.001762906089425087,0.022268272936344147,0.0013251886703073978,0.000492499070920416,0.0008124100371842574,-0.00023345211598591335
1669,1625451612.1615877,0.0,-0.04095902666449547,0.0009078503353521228,0.00716685876250267,-0.00018531108182102268,0.029285799295876228,0.2762831715358518,0.016346590593457222,-0.01288545224815607,-0.0029358691535890102,5.814054602637936e-05,0.0003286773814828842,-0.0001871732314170404
1670,1625451612.1713948,0.0,-0.04099785163998604,0.000940461759455502,0.007157694548368454,-0.00017040764141339898,0.02929954170794853,0.2762813321476746,0.01528132427483797,-0.005428601987659931,0.0002599241561256349,0.0002211791798448279,0.0003514205281349756,-5.089780021441894e-05
1671,1625451612.2242258,0.0,-0.041040848940610886,0.0007996621425263584,0.0071388185024261475,-0.00021435240317192739,0.029307993337688264,0.2762799985218467,0.007824474014341831,-0.003298073308542371,-0.007196926977485418,-0.0012449518507003548,0.0009373842924402599,3.0190249176560554e-05
1672,1625451612.2342517,0.0,-0.04105367138981819,0.0008678130689077079,0.007166875526309013,-0.0001938007033895836,0.029309717395408517,0.276277408889112,0.006759209558367729,-0.015015983022749424,0.0023904531262815,-0.0007164816513005828,0.0004935460774030879,4.0690719594144876e-05
1673,1625451612.2443278,0.0,-0.041087180376052856,0.0008896058425307274,0.0071844011545181274,-0.00018847264433979882,0.029321067684945162,0.2762770909975531,0.001432887278497219,0.010550364851951599,0.004520982038229704,0.00105476262982472,0.0006995096417784371,-0.00020139247975374804
1674,1625451612.2542365,0.0,-0.041054289788007736,0.0008430739981122315,0.007173003628849983,-0.0002007607101643452,0.029309960038135435,0.2762818144313296,0.01528132427483797,0.005224042572081089,-0.0008053402998484671,-0.0006228039337893466,6.686593375218324e-05,8.900043182679979e-05
1675,1625451612.264139,0.0,-0.04103107750415802,0.0008144599851220846,0.00715271383523941,-0.0002050881085393641,0.02930624562186772,0.2762765549483126,0.006759209558367729,-0.007559130899608135,-0.005066398065537214,-0.0006937474049613369,-0.0004207059235429211,-8.180460076783507e-05
1676,1625451612.274373,0.0,-0.04105900973081589,0.0008602651068940759,0.007126916199922562,-0.00019444010752117658,0.029314151965479443,0.2762766450573825,0.01208553183823824,-0.008624395355582237,0.0013251886703073978,0.00020258139140775128,0.00016893538991748154,-0.00028033677129283896
1677,1625451612.2842615,0.0,-0.0410442054271698,0.0008454526541754603,0.007105579599738121,-0.00019785444987456546,0.029309226414827236,0.27627863751210985,0.01528132427483797,0.0009629845153540373,-0.006131662521511316,0.00023613896771789708,-9.249418548450425e-05,2.587924266238224e-05
1678,1625451612.2939587,0.0,-0.04104768484830856,0.0008486040169373155,0.0070831049233675,-0.0001990273259431241,0.02931117208297236,0.27628073524262436,0.005693945102393627,0.009485100395977497,-0.007196926977485418,-6.167977564197017e-05,-0.0001869740446790739,5.6587380397242316e-05
1679,1625451612.3042605,0.0,-0.04100804775953293,0.0008359441417269409,0.007082108408212662,-0.0002023312979298128,0.029299160994154923,0.27628113842269253,-0.001762906089425087,-0.0022328088525682688,-0.0029358691535890102,-0.00033548046907905715,-0.00018585165659333158,-1.415196016287396e-05
1680,1625451612.3141541,0.0,-0.04102318361401558,0.0007904793601483107,0.007101407274603844,-0.00021285760995452124,0.029301370986222985,0.27628081600153764,-0.01348081510514021,0.008419835940003395,0.0013251886703073978,-0.0007611787890800029,-0.0006077119329358252,-7.416028766567914e-05
1681,1625451612.3685954,0.0,-0.041061460971832275,0.0008245185017585754,0.007068425416946411,-0.00020485943513486732,0.029313850654411937,0.2762813156857947,0.005693945102393627,-0.005428601987659931,-0.0029358691535890102,0.00011489260802377563,0.00023611288195071045,9.615683671856152e-05
1682,1625451612.378028,0.0,-0.04103919491171837,0.000884800567291677,0.007091900333762169,-0.00018928898054464127,0.0293069404308055,0.2762834143345748,-0.003893435001373291,0.004158778116106987,-0.008262191899120808,0.001220143643669171,-0.0002955238533923165,0.0002981606175403677
1683,1625451612.3878083,0.0,-0.041029732674360275,0.0009055074770003557,0.007117079570889473,-0.0001754659588570559,0.02930239518154948,0.27628199186563074,0.005693945102393627,-0.0022328088525682688,0.003455717582255602,0.0010402791269239432,-0.000612805386756808,8.91309332797827e-05
1684,1625451612.3982532,0.0,-0.04101593792438507,0.0009279123041778803,0.007126184180378914,-0.00017555724056139005,0.029296500905129808,0.27628122583444586,0.005693945102393627,-0.010754924267530441,-0.0008053402998484671,0.0008228309544071013,-0.00032058912226127877,-0.0001122066590513982
1685,1625451612.4077866,0.0,-0.041043203324079514,0.0009741747635416687,0.007128790020942688,-0.00016588426343071977,0.029304118490897514,0.27627922660445814,0.019542383030056953,-0.008624395355582237,-0.0029358691535890102,0.0008592707147292422,0.00035413405719901856,-0.00021458185545047002
1686,1625451612.418114,0.0,-0.04106821492314339,0.0010282963048666716,0.0071500446647405624,-0.00015470788909850708,0.029317039597237797,0.27627857557539265,-0.009219757281243801,-0.0011675443965941668,0.0013251886703073978,0.0012541474074887077,0.0006359984294099265,-0.00014426607646787393
1687,1625451612.4277594,0.0,-0.04106174781918526,0.0010436780285090208,0.007141405716538429,-0.0001471074480181786,0.029317446730305056,0.27628096678429365,-0.001762906089425087,0.012680893763899803,0.003455717582255602,0.000861254657723496,0.00035701725140721216,-1.2477720793965182e-05
1688,1625451612.4377851,0.0,-0.04104072228074074,0.0009994058636948466,0.0071420446038246155,-0.0001594979283150652,0.029308487165815425,0.27627992195665957,-0.009219757281243801,0.005224042572081089,-0.004001133609563112,-0.00035554672661449577,-0.00016188125273851865,3.7033519037209875e-05
1689,1625451612.4479659,0.0,-0.041034847497940063,0.0009336263756267726,0.007137572392821312,-0.0001802779975407301,0.029303948900674538,0.276281760444324,0.004628680646419525,-0.010754924267530441,0.0013251886703073978,-0.0013438427778605974,-0.0004374899692487647,9.526924083157017e-05
1690,1625451612.4579272,0.0,-0.041084591299295425,0.0009205623064190149,0.0071554407477378845,-0.00018194904048107752,0.029321380594336678,0.2762768711467012,-0.003893435001373291,-0.017146511003375053,0.0013251886703073978,-0.0007965866140422569,0.0004482817043445577,-5.7967064009244996e-05
1691,1625451612.513122,0.0,-0.04112141206860542,0.0008599213324487209,0.007116992026567459,-0.0001972401092891901,0.029330489382710496,0.27627690079276696,-0.01348081510514021,0.0020282489713281393,0.0023904531262815,-0.0008552471528663878,0.0010476213030501948,-0.00020961535778175343
1692,1625451612.5228841,0.0,-0.04107930511236191,0.0008698099991306663,0.007126597687602043,-0.00019761598665508917,0.029315932074796915,0.2762801129434206,-0.006023963913321495,-0.003298073308542371,0.004520982038229704,-0.0009121072879555074,-8.94937580616765e-06,9.832294768224405e-06
1693,1625451612.5327294,0.0,-0.04111789911985397,0.0008574379608035088,0.007128581404685974,-0.00020143313928226714,0.029329572128013598,0.2762784565716546,-0.007089228369295597,0.0009629845153540373,0.0002599241561256349,-0.0002586583424117106,1.6581732683140612e-05,-4.5396674112497076e-05
1694,1625451612.542817,0.0,-0.041109371930360794,0.0008248536032624543,0.007127923890948296,-0.00020425040842891873,0.029324296659654164,0.2762787097181512,0.005693945102393627,-0.00010227994062006474,0.003455717582255602,-0.0002975687364290257,0.0006533136319070954,-0.00027347415702741896
1695,1625451612.5531957,0.0,-0.04118004068732262,0.0008609846699982882,0.007145408540964127,-0.00019180133426052043,0.029347748440630463,0.27627341602141475,-0.004958699457347393,-0.003298073308542371,0.0013251886703073978,0.0003864316071429581,0.0008544719260269143,-0.000327656639990208
1696,1625451612.5630245,0.0,-0.041165903210639954,0.0008563578594475985,0.007152596488595009,-0.00019969233898841504,0.029345635171052667,0.27627469160077084,0.003563416190445423,0.015876686200499535,0.008782039396464825,-5.7651669137754775e-05,0.0008490426483415501,-0.00014222274026427125
1697,1625451612.572962,0.0,-0.04118763655424118,0.0008253756677731872,0.007142473012208939,-0.00020188253328242561,0.02934389672829997,0.27627605204110084,0.016346590593457222,0.0009629845153540373,0.0002599241561256349,-0.0005705780538102987,0.00012495281065894156,0.00010561069429815563
1698,1625451612.5828576,0.0,-0.04118955507874489,0.0008433712646365166,0.007171940058469772,-0.00020093252269249434,0.02934635577622706,0.2762757556262936,0.001432887278497219,-0.013950717635452747,0.00771677540615201,0.0001346786606081415,-7.405144052261348e-05,2.919938307288987e-05
1699,1625451612.592774,0.0,-0.04117656126618385,0.0007963197422213852,0.007151670753955841,-0.00021004117661672927,0.029340773761888435,0.276274207316509,0.022738177329301834,-0.0022328088525682688,0.0023904531262815,-0.0006259478945685209,0.00017794451009989787,-0.00020781902710317489
1700,1625451612.602762,0.0,-0.04122280329465866,0.0007449990953318775,0.007196804508566856,-0.00023525774556774903,0.02935540617311637,0.2762744640586582,0.003563416190445423,-0.01288545224815607,0.004520982038229704,-0.0013771387035223384,0.0007045578885653864,-0.00015328519902090327
1701,1625451612.6543877,0.0,-0.04121219366788864,0.0008048063609749079,0.007167443633079529,-0.0002116812636752119,0.029354597744452204,0.2762736772355273,-0.009219757281243801,0.0020282489713281393,0.0002599241561256349,-0.00012933577658905555,0.00021270246429858187,0.00010281267873601008
1702,1625451612.6645262,0.0,-0.0411989763379097,0.0008403485408052802,0.007150499150156975,-0.00020993832122406797,0.02934606697306693,0.27627703731806963,0.013150796294212341,0.010550364851951599,-0.004001133609563112,0.0006736530528594167,-0.00034176187898244894,0.0001631213139138635
1703,1625451612.6743348,0.0,-0.04119062051177025,0.000785732758231461,0.007142672315239906,-0.00021288090344328409,0.029343637432421694,0.2762748870993638,0.008889738470315933,0.0009629845153540373,-0.006131662521511316,-0.00019551776391822754,-0.00031485023271539804,4.913168113462721e-05
1704,1625451612.68453,0.0,-0.04119180142879486,0.0008130058413371444,0.007147572934627533,-0.0002053529403448634,0.029350801753647314,0.2762727392015024,0.016346590593457222,0.0009629845153540373,0.00771677540615201,8.352638209668326e-05,5.75338430582263e-05,-0.00016169961003343431
1705,1625451612.6944888,0.0,-0.041205182671546936,0.0008637764840386808,0.007146123796701431,-0.00019740323986690983,0.029354643790900657,0.27627438131395293,0.009955002926290035,0.004158778116106987,-0.0008053402998484671,0.000583108164605981,0.000365755490097803,-6.989292104987424e-05
1706,1625451612.7046006,0.0,-0.041181813925504684,0.0008712931303307414,0.007159149274230003,-0.00020172532513534902,0.029343158819684148,0.2762761770805126,-0.010285021737217903,0.0030935134273022413,0.004520982038229704,0.0002981702287926313,-0.00040779551781557,4.572663530555181e-05
1707,1625451612.714532,0.0,-0.04121873527765274,0.0008621485903859138,0.00717821903526783,-0.00019308260097140179,0.029362457626017864,0.27627260841553947,-0.006023963913321495,-0.006493866443634033,0.006651510950177908,0.00029541107330856986,0.00017859290466242252,-7.622631962664069e-05
1708,1625451612.7246518,0.0,-0.041246358305215836,0.000851948803756386,0.007179126143455505,-0.00020196978698128892,0.029366128885388573,0.2762731907462887,-0.012415550649166107,-0.005428601987659931,-0.008262191899120808,-1.4969458469357747e-05,0.0009882304821179052,-0.00019090845623987145
1709,1625451612.7344184,0.0,-0.04124149680137634,0.0008486139704473317,0.007162511348724365,-0.00019922077780600705,0.0293578379772547,0.2762741662120213,0.000367622880730778,-0.008624395355582237,-0.0008053402998484671,-0.00027688705132522973,5.797841382788791e-05,-6.279447026878268e-05
1710,1625451612.7444825,0.0,-0.04126632958650589,0.0008789083221927285,0.007175209000706673,-0.00019419277836015686,0.029367822429618162,0.276274179888432,0.000367622880730778,-0.010754924267530441,-0.0008053402998484671,0.0005422265574311706,0.0002962875091305261,1.967600513062862e-05
1711,1625451612.8021927,0.0,-0.041202280670404434,0.0007548783323727548,0.007161891087889671,-0.00023116031934197756,0.029351915677070448,0.27627879145244616,0.000367622880730778,-0.003298073308542371,0.0013251886703073978,-0.0013015329661270748,8.250185248668373e-05,0.0001131889678402051
1712,1625451612.8121634,0.0,-0.04122190177440643,0.0007486920221708715,0.007133845239877701,-0.00022573116481439115,0.02935812099222171,0.2762742333509889,0.01528132427483797,-0.013950717635452747,-0.005066398065537214,-0.00136961050710178,0.00012015694304627815,-3.263314576932624e-05
1713,1625451612.8219912,0.0,-0.04123098403215408,0.0007611096953041852,0.00713730975985527,-0.00022239702493878633,0.029358648976068068,0.27627284112902745,-0.000697641575243324,-0.0022328088525682688,0.0013251886703073978,0.00027142430160455967,0.00037817963186045147,-0.00023816073371961538
1714,1625451612.8320792,0.0,-0.04125713184475899,0.0008343301014974713,0.007148727774620056,-0.00020864873378112492,0.02936797558017471,0.27627294799850904,-0.000697641575243324,-0.0011675443965941668,0.005586246494203806,0.0007158154363524239,0.0002777332188091543,-2.441457130431854e-06
1715,1625451612.8418376,0.0,-0.04124253988265991,0.0008723370265215635,0.007162170484662056,-0.00020145761807773693,0.029361146915905398,0.2762747202397937,-0.004958699457347393,0.014811422675848007,-0.007196926977485418,0.0009577234259519091,0.0002628563339596127,2.5468803889455414e-05
1716,1625451612.8522522,0.0,-0.041251275688409805,0.0008790753781795502,0.007130369544029236,-0.0001955437731157722,0.029364406992231633,0.2762720138528395,-0.011350286193192005,-0.01288545224815607,-0.0008053402998484671,0.0005076218370189429,-0.00039473347732720383,3.7488773659959235e-05
1717,1625451612.8623312,0.0,-0.041221871972084045,0.000826444651465863,0.007132675498723984,-0.00021009942125254505,0.0293590782993554,0.2762728946196023,-0.000697641575243324,-0.006493866443634033,-0.0029358691535890102,-0.000204294070811513,-0.0003773465752104485,4.154939956445273e-05
1718,1625451612.8724554,0.0,-0.041253749281167984,0.0008718912722542882,0.0071179624646902084,-0.00019702975688189184,0.029367144697066853,0.2762731318313298,-0.000697641575243324,-0.0011675443965941668,-0.005066398065537214,0.00016904505201336564,6.365685157222097e-05,4.070812965329109e-05
1719,1625451612.8822463,0.0,-0.04123876988887787,0.0008560673450119793,0.007133197039365768,-0.00020202208016276146,0.02936390704705017,0.2762723077346831,-0.002828170545399189,-0.008624395355582237,0.0013251886703073978,0.0004727634572723306,0.00018135444790750226,-7.120193867926432e-05
1720,1625451612.8921757,0.0,-0.04124490171670914,0.0008325957460328937,0.007113277912139893,-0.00019894379230931541,0.029361619004179607,0.27627246972397285,-0.004958699457347393,-0.011820188723504543,-0.00932745635509491,-0.00019877717211148487,-0.0002771724934038753,-9.397697827196281e-05
1721,1625451612.9495423,0.0,-0.04130569100379944,0.0007977929781191051,0.007095677778124809,-0.0002141696770578405,0.029384160823717545,0.27626943104929774,0.004628680646419525,-0.00968965981155634,0.0002599241561256349,-0.0006494706729688667,0.0007499576140598714,1.0946703531879672e-05
1722,1625451612.9595199,0.0,-0.04125988483428955,0.0007921895012259483,0.007104834541678429,-0.00021585173916202627,0.029365581339438965,0.2762720324230583,-0.000697641575243324,0.007354571484029293,-0.0029358691535890102,-0.0009659853133450067,4.195791162628404e-06,0.0001725690763419571
1723,1625451612.9692643,0.0,-0.04123728349804878,0.0007742696325294673,0.007104912772774696,-0.0002234542614636542,0.029357289767248503,0.27627301317130804,0.004628680646419525,0.0020282489713281393,0.0002599241561256349,-0.00045887976243520545,-0.0010879456320911766,0.00014780895567977965
1724,1625451612.9793262,0.0,-0.04121526703238487,0.0007466075476258993,0.007103424519300461,-0.00022518389561761165,0.029353513733115025,0.27627491173004504,0.01528132427483797,0.004158778116106987,-0.0029358691535890102,-0.0005604518354676268,-0.00034534926750511127,-7.56966570810976e-06
1725,1625451612.9892838,0.0,-0.04124107584357262,0.0007663919241167605,0.007081754505634308,-0.00022766010575912127,0.029361383410610876,0.2762712453219403,0.01208553183823824,-0.010754924267530441,0.0002599241561256349,-8.292532776807544e-05,0.000310060171245573,-0.00010107866582989184
1726,1625451612.999415,0.0,-0.041259877383708954,0.0007713824161328375,0.007074587047100067,-0.0002232063964545672,0.029367661451352202,0.2762742258249864,-0.008154492825269699,0.0030935134273022413,-0.0029358691535890102,0.00018102045878879298,0.0003459057357003856,-5.81301994635826e-06
1727,1625451613.0093935,0.0,-0.04127146303653717,0.0007740585715509951,0.007049184292554855,-0.00022153304070939017,0.029371949775127387,0.27627464631056725,-0.003893435001373291,-0.00968965981155634,-0.0018706046976149082,0.00021208931834747308,0.00038832527896408715,0.00010276801272766246
1728,1625451613.0192974,0.0,-0.04126708582043648,0.0007857375894673169,0.007034622132778168,-0.00021476541140542232,0.029371564980151796,0.27627226609546074,-0.006023963913321495,-0.00010227994062006474,-0.010392720811069012,0.0003991206801235336,0.000380239634424093,-0.00011843030477850947
1729,1625451613.0291936,0.0,-0.041279472410678864,0.0008176814299076796,0.00703950971364975,-0.0002091149517082294,0.02936828253469735,0.27627291825174516,0.011020267382264137,-0.0022328088525682688,0.0002599241561256349,0.00047136259856415285,0.00025638457376425905,-0.00018910320064036414
1730,1625451613.0391972,0.0,-0.041289061307907104,0.0008039594977162778,0.007035484537482262,-0.00020691426252579526,0.029378664143840626,0.2762688972016787,0.016346590593457222,-0.0022328088525682688,0.005586246494203806,0.00019082624760712348,0.0004944780471042493,-0.00012596932437800165
1731,1625451613.093251,0.0,-0.04130042344331741,0.0008213456603698432,0.007085904479026794,-0.00020989880911041064,0.02937702772766241,0.27627385341932087,0.004628680646419525,0.0030935134273022413,-0.004001133609563112,-7.66260146990675e-05,0.0008666247388432959,-0.0001607117778090969
1732,1625451613.102766,0.0,-0.0413011871278286,0.0008507647435180843,0.007109750062227249,-0.00019980622652639862,0.029384190519838087,0.27627401112016287,0.014216060750186443,-0.0011675443965941668,-0.0018706046976149082,0.0005435696697505308,0.0013193639802772537,-0.0002092186386128267
1733,1625451613.1127992,0.0,-0.04133867844939232,0.0008581846486777067,0.007085580378770828,-0.00019676959584107728,0.029390639845382108,0.27627089247980163,0.008889738470315933,0.0030935134273022413,-0.010392720811069012,0.00048415008370491445,0.0006092356555986606,-0.00015716049648744937
1734,1625451613.124077,0.0,-0.041312381625175476,0.0008457188378088176,0.007074126973748207,-0.0002028079290869525,0.029385138759704797,0.2762682116972943,0.006759209558367729,-0.0011675443965941668,-0.007196926977485418,-2.0467899486404572e-05,-0.00017679314677718674,-0.00014197553748668536
1735,1625451613.1332166,0.0,-0.04133649170398712,0.0008876520441845059,0.007050817832350731,-0.00018446664458934142,0.029390148193962892,0.2762721309080958,0.006759209558367729,0.009485100395977497,-0.006131662521511316,0.00046029145218267513,4.167404752105625e-05,8.65487407038723e-05
1736,1625451613.1427789,0.0,-0.04129412770271301,0.0008646043133921921,0.0070602260529994965,-0.00019717117327744393,0.02937730448813186,0.27627280948610206,-0.008154492825269699,0.007354571484029293,0.0013251886703073978,0.00024544849861968287,-0.0005913285587335942,0.0002637833883686925
1737,1625451613.1528246,0.0,-0.04132341966032982,0.0009024653700180352,0.0070671699941158295,-0.00018404001429158517,0.029388121551933648,0.27626638226765676,0.007824474014341831,-0.003298073308542371,0.0013251886703073978,0.0001947783081533451,-0.00015783064528655368,-0.0002491597498458936
1738,1625451613.1629624,0.0,-0.04128856956958771,0.0009805387817323208,0.0070543792098760605,-0.00016178869254049322,0.029374203332571708,0.2762732078219834,0.001432887278497219,0.008419835940003395,0.00771677540615201,0.0011923185572177673,1.5870341988896785e-05,-0.0001472953050644458
1739,1625451613.1730063,0.0,-0.04125826060771942,0.0009612123831175268,0.0070778485387563705,-0.00016804797720597342,0.029368620429264733,0.2762738022517577,0.016346590593457222,-0.005428601987659931,0.0002599241561256349,0.0007049826436348386,-0.0006607943544632456,0.00022545649965270467
1740,1625451613.1827345,0.0,-0.041274748742580414,0.000986894709058106,0.007102733477950096,-0.00016777388866349302,0.029371092345494544,0.27627240054301905,-0.009219757281243801,-0.00968965981155634,0.0002599241561256349,0.0002117175261656477,-0.0002814939936614307,6.345660173077175e-06
1741,1625451613.2384717,0.0,-0.04127582162618637,0.000944417726714164,0.007123701274394989,-0.0001746483173005256,0.029370419352001506,0.2762736712290947,-0.016676606610417366,-0.005428601987659931,-0.0008053402998484671,-0.0008816171042442212,-0.0007445819827516059,4.347810636193599e-05
1742,1625451613.2482917,0.0,-0.04126950353384018,0.0009909258224070072,0.007106896489858627,-0.0001578851794014971,0.02937091308231498,0.2762737487807838,-0.001762906089425087,0.007354571484029293,0.0023904531262815,-0.0004531226106682394,-0.0008517756860651342,6.306025946558203e-05
1743,1625451613.2583585,0.0,-0.04128080978989601,0.0009766886942088604,0.0071012359112501144,-0.0001647258455276454,0.029377722581077723,0.2762724606336173,0.003563416190445423,0.012680893763899803,-0.0018706046976149082,0.00029223378948436566,0.00022052397980639919,-4.559005251507421e-05
1744,1625451613.2686162,0.0,-0.04125699773430824,0.0009488984942436218,0.00705106183886528,-0.00017039711203465507,0.02936902327679241,0.2762703646576954,0.01528132427483797,-0.01288545224815607,0.004520982038229704,-0.0003540180674760313,0.00020417183354059398,-6.375470724830548e-05
1745,1625451613.278391,0.0,-0.04126966372132301,0.0009575376170687377,0.007052792236208916,-0.00016811821711468916,0.02937177876532316,0.2762735197657288,0.01528132427483797,-0.007559130899608135,-0.012523249723017216,-6.575860632911246e-05,-0.00021160884403014939,0.0001530912771094194
1746,1625451613.2884955,0.0,-0.041258931159973145,0.0009313785703852773,0.007066601887345314,-0.00017269073586171496,0.02936865114959151,0.27627269499928003,-0.011350286193192005,0.007354571484029293,0.0002599241561256349,-0.0004466895197540358,-0.00042479244133410626,0.0002351171844843897
1747,1625451613.2985148,0.0,-0.041282616555690765,0.0009136208682321012,0.007044775411486626,-0.00017972750180848124,0.029373277833816804,0.276272123944743,0.001432887278497219,0.008419835940003395,-0.0018706046976149082,-0.0006772283191931133,3.81166089424285e-05,-5.5435980074512846e-06
1748,1625451613.308469,0.0,-0.0412910059094429,0.0009038559510372579,0.007035508751869202,-0.00018524073764467075,0.02938045096646104,0.2762732842703969,0.002498151734471321,0.0020282489713281393,-0.0008053402998484671,-0.00047029230964366247,0.0007853484727141099,-4.639280418161488e-05
1749,1625451613.3183906,0.0,-0.041337449103593826,0.000905266497284174,0.007046038284897804,-0.00018245854479916057,0.029390399837816404,0.27627080289782263,-0.009219757281243801,0.0009629845153540373,0.0013251886703073978,-0.00016732499519465528,0.000680570019973604,-8.213700437364431e-05
1750,1625451613.32839,0.0,-0.04133330658078194,0.0009153093560598791,0.0070454515516757965,-0.00017967792786617587,0.029392125704695363,0.27627046985472226,0.001432887278497219,-0.004363337531685829,0.005586246494203806,0.0002620633556085495,0.0004079052330831164,-0.0001017176839139973
1751,1625451613.3856533,0.0,-0.04133458063006401,0.0007341296877712011,0.007052185013890266,-0.00022996688492482598,0.02938937418808562,0.2762733684762464,0.006759209558367729,0.006289307028055191,0.0013251886703073978,-0.0017402794399332179,0.00030488549061122,-5.9744673027439995e-05
1752,1625451613.3953898,0.0,-0.041377097368240356,0.0007145540439523757,0.007047506049275398,-0.00023501482508141158,0.02940100608253378,0.27626947111945055,0.022738177329301834,-0.015015983022749424,-0.0018706046976149082,-0.002143374267820303,0.0010512038409529287,-0.00016865157531560984
1753,1625451613.4054935,0.0,-0.041376642882823944,0.0007118259673006833,0.007041404023766518,-0.00023863925911683792,0.02940088945083657,0.2762706594500932,0.002498151734471321,-0.011820188723504543,0.006651510950177908,-0.000490736541803885,0.0006139364274283247,-0.0001397369926213199
1754,1625451613.4153035,0.0,-0.04136847332119942,0.0006817316170781851,0.007038852199912071,-0.00024401747718139077,0.029396696557402333,0.2762723899198313,0.013150796294212341,-0.023538099601864815,0.003455717582255602,-0.00019791331797616393,2.5731085417399053e-05,2.6280210717961074e-05
1755,1625451613.4252844,0.0,-0.04137974977493286,0.0006909882067702711,0.0070069413632154465,-0.00024032212674281184,0.02940347674265323,0.2762680486926905,-0.015611344017088413,0.011615629307925701,0.0023904531262815,-0.00019866470963757064,0.00013084531692478908,-0.00012815411918690094
1756,1625451613.4354045,0.0,-0.04133846238255501,0.0007018295000307262,0.007011350244283676,-0.00024018783325198412,0.029389489980713772,0.276273397180995,-0.002828170545399189,-0.0011675443965941668,0.005586246494203806,-8.432294365893693e-05,-4.522877801542423e-05,-0.0001474181245617416
1757,1625451613.445596,0.0,-0.04133344441652298,0.0007246513268910348,0.007013978436589241,-0.0002370066678090907,0.029386014398146747,0.27627366519961194,0.01208553183823824,-0.00968965981155634,0.006651510950177908,0.0005234507393629798,-0.0003040465031909631,-0.00012971924819079667
1758,1625451613.4553735,0.0,-0.04131876304745674,0.000719920382834971,0.007007801905274391,-0.00023212495295154428,0.029381162538989182,0.27627585291971707,0.018477119505405426,-0.003298073308542371,0.0002599241561256349,0.0007404102159789733,-9.980589976126995e-05,-0.00022541264336251523
1759,1625451613.4654682,0.0,-0.04135997220873833,0.0007202198030427098,0.007030049338936806,-0.00023300917123827286,0.029389389590785686,0.27627209092176497,0.003563416190445423,-0.007559130899608135,0.003455717582255602,-5.4840744624483394e-05,-0.0001297667526264276,-6.105379712842157e-06
1760,1625451613.4758391,0.0,-0.04133171588182449,0.0006712640170007944,0.007020184770226479,-0.00024301624559669444,0.029382473128925682,0.2762707309994304,0.007824474014341831,0.0020282489713281393,0.0013251886703073978,-0.0010135154686993044,-0.0001513545115305631,-7.78153911616091e-05
1761,1625451613.529244,0.0,-0.04139618203043938,0.0006504773627966642,0.007018471136689186,-0.0002460080544881907,0.02940209236295717,0.27626807751713567,0.006759209558367729,0.0020282489713281393,-0.012523249723017216,-0.0008956469835366121,0.00042714390068295264,-9.229902544833531e-05
1762,1625451613.5383914,0.0,-0.04140879213809967,0.0005890195025131106,0.007017098367214203,-0.00027479466784873646,0.02940947300141259,0.27626824697846514,-0.012415550649166107,-0.008624395355582237,0.005586246494203806,-0.0014645392078765933,0.0007545254435301681,1.8223903273686467e-05
1763,1625451613.5485368,0.0,-0.04142763838171959,0.0006236714543774724,0.007041677832603455,-0.0002631759565037972,0.029410901192198878,0.2762704127688529,-0.002828170545399189,-0.007559130899608135,0.0013251886703073978,-0.0007117692383816658,0.0004907334816613867,6.964279713023973e-05
1764,1625451613.5587125,0.0,-0.04140311852097511,0.0006357818492688239,0.007046878337860107,-0.0002570106138146816,0.02940418425098728,0.27627016949058003,0.003563416190445423,0.0020282489713281393,0.006651510950177908,0.0007831102817016597,-8.213892202149472e-05,1.2909590163686498e-05
1765,1625451613.5684881,0.0,-0.041382621973752975,0.0006658065831288695,0.007035404443740845,-0.0002483065320752764,0.029401357115169773,0.27627243860742134,0.001432887278497219,0.0020282489713281393,-0.0029358691535890102,0.0004762898042078704,-0.0004393403158762543,0.00012743618264530402
1766,1625451613.578502,0.0,-0.04141245037317276,0.0006482580793090165,0.007031301036477089,-0.0002589195015332002,0.029407585060774323,0.2762705858337571,0.005693945102393627,0.0030935134273022413,-0.005066398065537214,-8.47448187789849e-05,0.00022442115000241588,-1.1845931799923678e-05
1767,1625451613.5885656,0.0,-0.04143573343753815,0.000626003893557936,0.0070231761783361435,-0.00026198589484111717,0.02941704168229936,0.2762681186141871,0.007824474014341831,-0.010754924267530441,0.005586246494203806,-0.00038832115230505096,0.0003412397091468206,-0.0002239594696927091
1768,1625451613.5984335,0.0,-0.04143255576491356,0.0006807527388446033,0.00701536051928997,-0.00024342817023547542,0.029409563924105264,0.27626956201895325,0.002498151734471321,-0.0011675443965941668,-0.0018706046976149082,0.0007562184300013248,-0.00016166734500083614,-4.7619503731856194e-05
1769,1625451613.6086388,0.0,-0.04141749441623688,0.0007068742997944355,0.00702301599085331,-0.00023659066998705375,0.029411133540632788,0.27626909528710347,-0.007089228369295597,0.0020282489713281393,-0.0018706046976149082,0.0007397176255104097,-0.0002737205721883313,5.8558760661372056e-05
1770,1625451613.6186714,0.0,-0.041415706276893616,0.0006705455598421395,0.007012773305177689,-0.000249109874583521,0.029412550910007856,0.276267786085249,-0.001762906089425087,0.0009629845153540373,-0.0029358691535890102,-0.0004808236350389579,-2.8182244708320504e-05,-9.73152819284891e-05
1771,1625451613.6763594,0.0,-0.041380759328603745,0.0006507025100290775,0.006951708346605301,-0.0002492446866449241,0.02939807804977495,0.2762710179767094,-0.001762906089425087,-0.008624395355582237,0.0023904531262815,-0.00047930131283935214,-0.00029762370333487114,-0.00020598035197186913
1772,1625451613.6863222,0.0,-0.04137371480464935,0.000658530043438077,0.0069478824734687805,-0.00024387963466068752,0.029400948363820956,0.27626899800643934,0.004628680646419525,0.009485100395977497,-0.0018706046976149082,-5.6663798814480054e-05,-7.837812921547132e-05,-0.00011262585053191214
1773,1625451613.6960964,0.0,-0.04139503464102745,0.0006366248708218336,0.006940262392163277,-0.0002499672880289239,0.029404901291360065,0.27627119696072466,-0.01348081510514021,0.01694195158779621,-0.0018706046976149082,-0.0004373671316241257,0.0002253632624375693,4.652384773887551e-05
1774,1625451613.7060528,0.0,-0.041396502405405045,0.0006384625448845327,0.006950272247195244,-0.00025262256845616504,0.02940714059573358,0.2762671145326244,-0.024133458733558655,-0.0022328088525682688,-0.0008053402998484671,-0.00014355363648694611,7.30632875393101e-05,-3.217606351504319e-05
1775,1625451613.7162647,0.0,-0.04139195755124092,0.0006663374952040613,0.0069413259625434875,-0.0002445760240926617,0.029402044858809505,0.27626915295721965,-0.012415550649166107,0.0030935134273022413,-0.006131662521511316,0.00020721383343289262,-5.239246898699483e-05,-0.00014759234786502755
1776,1625451613.7262053,0.0,-0.04134901612997055,0.0006684827385470271,0.006945734843611717,-0.0002469396034096294,0.02939236964450749,0.2762729924495856,0.001432887278497219,0.013746158219873905,0.006651510950177908,-2.2340074692390134e-05,-0.00044052867043688063,0.0001292540527047819
1777,1625451613.735933,0.0,-0.041368938982486725,0.000722604978363961,0.006975959986448288,-0.00023315517837475125,0.029395809415190682,0.27627124829834326,0.007824474014341831,-0.008624395355582237,0.006651510950177908,0.00079733885103459,-0.0002311480627307266,3.668235756211245e-05
1778,1625451613.746044,0.0,-0.04139376059174538,0.0007840662146918476,0.006946928799152374,-0.00021818916599498916,0.029406630617219744,0.27626743194945325,-0.004958699457347393,-0.011820188723504543,-0.005066398065537214,0.0018206277782509492,0.00026260992665432995,-0.00020298160050848525
1779,1625451613.7562814,0.0,-0.04136441648006439,0.0008041285327635705,0.006954854354262352,-0.0002097887249046526,0.029395629113705316,0.27627001429922265,-0.004958699457347393,0.013746158219873905,0.0013251886703073978,0.0011382693007667844,-2.0429530036134615e-05,-0.00017867485892421886
1780,1625451613.7663782,0.0,-0.04130633920431137,0.000749804254155606,0.0069238729774951935,-0.00021783489943836415,0.029378630891306275,0.2762736675848724,0.016346590593457222,-0.0011675443965941668,0.008782039396464825,-4.45807140725625e-06,-0.0008922358541063756,0.00015515192292908482
1781,1625451613.8285549,0.0,-0.04131985083222389,0.0007615925860591233,0.0069218650460243225,-0.00021722664256025592,0.029385316210069415,0.27627159191715606,0.003563416190445423,-0.008624395355582237,0.0013251886703073978,5.497732441865912e-05,-0.0004067776076473682,0.00010153497297237465
1782,1625451613.8382165,0.0,-0.04133341833949089,0.0007523095700889826,0.006943425163626671,-0.00022368516775062713,0.029389061017235887,0.27627215176683406,0.002498151734471321,-0.0022328088525682688,-0.005066398065537214,-0.0002679496503886955,0.0005038146786025352,-5.250311836705023e-05
1783,1625451613.8483422,0.0,-0.04135071113705635,0.0007346048369072378,0.006942778825759888,-0.00022571538202179053,0.029389740204414275,0.27626829887506965,0.018477119505405426,-0.005428601987659931,-0.0029358691535890102,-0.0003522128290362585,0.0004585362176582365,-0.00012646483405440853
1784,1625451613.8584163,0.0,-0.04138544574379921,0.0007527709822170436,0.006955679506063461,-0.000221292842985929,0.029402458498925192,0.27626902223919747,0.006759209558367729,-0.0022328088525682688,0.003455717582255602,0.0001476463636363777,0.0006500578782013702,-2.9736238031176893e-05
1785,1625451613.8682706,0.0,-0.04137173295021057,0.0006807656609453261,0.006962979212403297,-0.00024436199523085456,0.029396666609343355,0.2762735005244451,-0.006023963913321495,-0.008624395355582237,0.0023904531262815,-0.0009199040019795614,8.889709262206209e-05,0.0002074634619300942
1786,1625451613.8781736,0.0,-0.04141754284501076,0.0006411459762603045,0.006945513188838959,-0.0002486536657547306,0.029409943232984452,0.2762656896562869,-0.010285021737217903,-0.011820188723504543,0.0023904531262815,-0.0012917449698567837,0.00010506926176309299,-4.631388482099704e-05
1787,1625451613.8885972,0.0,-0.041428565979003906,0.0006532732513733208,0.0069708749651908875,-0.00025234358638427656,0.029416078502358056,0.2762671477077514,-0.009219757281243801,-0.007559130899608135,0.00771677540615201,-0.0005771812155391402,0.0006261910830067495,-0.0001682725134762169
1788,1625451613.8983147,0.0,-0.04146214574575424,0.0006294368067756295,0.0069445110857486725,-0.0002551158749923982,0.029424452083043125,0.27626610138486946,0.006759209558367729,0.0009629845153540373,0.004520982038229704,-0.00039967314272112617,0.00048088236425514115,-4.400209031840105e-06
1789,1625451613.9090955,0.0,-0.04144078865647316,0.0006439892458729446,0.006943522021174431,-0.0002509279425641428,0.02941549118001756,0.27626730142285155,-0.010285021737217903,-0.011820188723504543,-0.0008053402998484671,0.00017053559647641986,-0.00045342326935300306,0.00013325422301994924
1790,1625451613.9182453,0.0,-0.0414489209651947,0.0006484071491286159,0.006954720243811607,-0.0002500009108612339,0.029419642807711574,0.27626570747607504,0.004628680646419525,0.014811422675848007,-0.007196926977485418,0.00018390310639754382,-0.00034393504830328885,6.432381831568519e-05
1791,1625451613.9745903,0.0,-0.0414402075111866,0.0006064059562049806,0.006959283724427223,-0.00027068563887110153,0.02941349271371263,0.27627358907702987,0.004628680646419525,-0.003298073308542371,0.009847303852438927,-0.0012300158768691867,0.0008141216010738219,0.00010204576208872501
1792,1625451613.9842799,0.0,-0.041448403149843216,0.0005816250923089683,0.006940053775906563,-0.0002708989577445975,0.029417507196222804,0.2762682167922939,-0.003893435001373291,-0.0011675443965941668,0.0002599241561256349,-0.0014755020358917864,0.00019342510839145794,0.00014289361641003418
1793,1625451613.9942546,0.0,-0.04139645770192146,0.0005457365186884999,0.006950449198484421,-0.0002843937189857468,0.029402008237416614,0.2762703473057367,0.003563416190445423,-0.0022328088525682688,0.0023904531262815,-0.0009489833735441728,-0.0005573094267062875,-5.9353450324225825e-05
1794,1625451614.00449,0.0,-0.041402727365493774,0.0005372908199205995,0.006927933543920517,-0.0002857154385793037,0.02940589764006718,0.27627125654043877,0.000367622880730778,-0.013950717635452747,0.003455717582255602,-0.0008615089536385812,-0.0005531870556293569,0.0001365130925621823
1795,1625451614.014316,0.0,-0.04136216640472412,0.0005306738312356174,0.0069249942898750305,-0.00028152657665410363,0.02939648660491869,0.2762697678836494,0.007824474014341831,-0.015015983022749424,0.0023904531262815,0.0001367175275258184,-0.0002378481904458991,8.445074883951521e-05
1796,1625451614.0245917,0.0,-0.04139367863535881,0.000555395963601768,0.0069124046713113785,-0.0002741373279547543,0.029402423611991357,0.27627154621536715,-0.003893435001373291,-0.006493866443634033,0.015173625200986862,0.00017168776761584064,-0.00021851452586477873,-0.00012842414835859012
1797,1625451614.034348,0.0,-0.041334498673677444,0.000548181647900492,0.006927875801920891,-0.00027947807541238434,0.029381993861598753,0.27627176692618494,-0.012415550649166107,-0.007559130899608135,0.003455717582255602,8.669457434521556e-05,-0.0007064515278596379,-6.711183985509689e-05
1798,1625451614.0442533,0.0,-0.04135289415717125,0.0005400487571023405,0.006916390731930733,-0.000272531731799093,0.02939496017310072,0.2762665573884171,0.005693945102393627,-0.013950717635452747,0.0002599241561256349,0.0002968414457428083,-0.00030239337624166985,-0.00017406804902461769
1799,1625451614.054085,0.0,-0.041330430656671524,0.0005559304263442755,0.006922930479049683,-0.0002742977301144339,0.029387738217710756,0.2762709447227949,0.004628680646419525,0.012680893763899803,-0.0018706046976149082,-9.78474775714007e-06,0.000267608820097273,-5.906475427853894e-05
1800,1625451614.064463,0.0,-0.041329093277454376,0.0005440842360258102,0.00691860169172287,-0.0002804901649318195,0.02938541474775703,0.27627119296676034,0.009955002926290035,0.012680893763899803,0.0002599241561256349,-0.0006181320268528777,-0.0002753789460083846,0.00013306921725674052
1801,1625451614.120474,0.0,-0.04137437045574188,0.0005169545765966177,0.006830776110291481,-0.00028447766007425046,0.02939410099380485,0.27627137750765013,0.008889738470315933,-0.004363337531685829,-0.006131662521511316,-0.0003603965214372722,0.001114916397664124,-0.00018694325266189595
1802,1625451614.1304443,0.0,-0.04135627672076225,0.0005515161901712418,0.006834307685494423,-0.0002722022666229243,0.02938799816068488,0.27627212408611046,0.000367622880730778,-0.00010227994062006474,0.0013251886703073978,0.00022630391711096317,0.000824932532008391,-0.0001225690475778624
1803,1625451614.1402543,0.0,-0.04137609899044037,0.0005463582929223776,0.006814494729042053,-0.0002698294595823783,0.029397555201451826,0.27627074123376644,-0.007089228369295597,0.0030935134273022413,0.0002599241561256349,0.0003713011003201681,-1.0368312903138548e-05,5.811522800990926e-06
1804,1625451614.1501737,0.0,-0.04138952121138573,0.0005264299688860774,0.0068046897649765015,-0.0002780324349784605,0.029400328884845804,0.2762706627444906,-0.006023963913321495,0.004158778116106987,-0.007196926977485418,-0.00021087022126592658,0.0004843342425420571,-3.965623435827654e-05
1805,1625451614.160258,0.0,-0.04140930622816086,0.0005113218794576824,0.006810644641518593,-0.00027680965712095773,0.029409638203688228,0.27626809375453376,-0.009219757281243801,-0.008624395355582237,-0.004001133609563112,-0.00022972872832280078,0.0005956722014711927,-0.0001011848559888292
1806,1625451614.1702747,0.0,-0.04139607399702072,0.0004773594264406711,0.006837636232376099,-0.0002928689695621961,0.029402869738611594,0.27626896018186525,0.006759209558367729,0.005224042572081089,0.003455717582255602,-0.0008070225289218691,0.00022736233131814124,-6.381749533378193e-05
1807,1625451614.1804965,0.0,-0.04138949140906334,0.00046657773782499135,0.00682934932410717,-0.00029552478682168953,0.029401137498014984,0.27627168571959637,0.021672913804650307,-0.008624395355582237,-0.0018706046976149082,-0.0009129201624239548,3.0350056496775055e-05,6.221221786906537e-05
1808,1625451614.1902316,0.0,-0.041376397013664246,0.00044729813816957176,0.006832059472799301,-0.0002980697591408246,0.029397451567629608,0.2762709619896965,0.01208553183823824,-0.00968965981155634,-0.008262191899120808,-9.097633880709047e-05,-6.1886126648928055e-06,-4.536110189828517e-05
1809,1625451614.2004046,0.0,-0.041367486119270325,0.0004509666468948126,0.006834773346781731,-0.00029710406381013715,0.02939589899217332,0.2762698829374274,-0.003893435001373291,0.007354571484029293,-0.004001133609563112,-0.0002309054690900461,-0.0004162989692479286,-2.0168570744963664e-05
1810,1625451614.2102265,0.0,-0.041355349123477936,0.00043567048851400614,0.006843525916337967,-0.0003104177508944511,0.029390752765759205,0.2762742231830949,-0.012415550649166107,0.007354571484029293,-0.0029358691535890102,-0.0005283180000740777,-0.00016162277716814512,0.0001976410833823417
1811,1625451614.2675745,0.0,-0.0414450578391552,0.0005616619600914419,0.0068478770554065704,-0.0002732016238708168,0.02941349914385189,0.2762684526676854,-0.009219757281243801,-0.004363337531685829,0.004520982038229704,0.0006120851943704934,0.0005349435815557999,0.00010867512782720296
1812,1625451614.2775474,0.0,-0.04141473025083542,0.0005915131187066436,0.006858114153146744,-0.0002681213637458421,0.02941027471796398,0.27627146114418977,-0.016676606610417366,0.008419835940003395,-0.0008053402998484671,0.0011085536230058836,-0.00010124023307236238,8.331433689369558e-05
1813,1625451614.288158,0.0,-0.04140845313668251,0.0005823890096507967,0.006862422451376915,-0.00026786339879884824,0.02940650030880159,0.2762695873741299,0.005693945102393627,0.0009629845153540373,-0.007196926977485418,0.0002828341648202336,-0.00047783929937388926,7.07097235787913e-05
1814,1625451614.2975402,0.0,-0.04138220474123955,0.0005865040584467351,0.006871365010738373,-0.0002637343091748401,0.029400139885800022,0.27626823182011423,-0.008154492825269699,-0.003298073308542371,0.005586246494203806,0.00032246474884563297,-0.00045268019740740147,-0.00016629829380224227
1815,1625451614.307371,0.0,-0.041380375623703,0.0005944984150119126,0.0068724267184734344,-0.0002647043903300367,0.029396752618179367,0.2762730691433112,0.01528132427483797,0.004158778116106987,-0.0008053402998484671,8.190287380216111e-09,-0.00011088449355660528,-1.4248128152203989e-05
1816,1625451614.3176384,0.0,-0.04141533747315407,0.0005821944796480238,0.006869837641716003,-0.0002710716704671656,0.02941218871641072,0.2762666128866496,-0.006023963913321495,-0.0022328088525682688,-0.006131662521511316,-0.0001399970055608376,0.00046298369799527305,2.753636368873349e-05
1817,1625451614.3278108,0.0,-0.04141601175069809,0.0006180579657666385,0.006863035261631012,-0.00026093553992977137,0.029410754804851315,0.2762694235149213,-0.014546079561114311,-0.0011675443965941668,-0.006131662521511316,0.00028897918828206737,0.00023259031522943483,-8.68625386081366e-05
1818,1625451614.3376145,0.0,-0.04144914075732231,0.0005995152168907225,0.006887232884764671,-0.00026704344994359086,0.029416627629617005,0.27626473587333816,-0.02626398764550686,0.0030935134273022413,0.004520982038229704,5.2695991746592885e-05,-8.396382688367278e-05,4.4201786874486426e-05
1819,1625451614.3472936,0.0,-0.04140566289424896,0.0005410512094385922,0.006876666098833084,-0.00027981703545391923,0.029405644439109577,0.27626968459946144,-0.011350286193192005,-0.003298073308542371,0.0002599241561256349,-0.0010290582039491052,-0.0004267725779886964,0.0001313411837285832
1820,1625451614.357557,0.0,-0.04144997149705887,0.0005648595979437232,0.006863629445433617,-0.0002759668214352001,0.02941417363728844,0.2762708542382012,0.005693945102393627,-0.00010227994062006474,-0.008262191899120808,-0.0006297073797478539,-1.859470248778185e-05,0.00015503722305107112
1821,1625451614.4134293,0.0,-0.04136531054973602,0.0005230883834883571,0.006907477974891663,-0.0002857154408531376,0.02939946431586138,0.27627184975123037,0.001432887278497219,-0.0011675443965941668,-0.004001133609563112,-0.0006540645570320163,-0.00011080732130179359,7.837399006694372e-05
1822,1625451614.4233005,0.0,-0.041400667279958725,0.0005553308874368668,0.006940104067325592,-0.00027522804897663067,0.029406394122883005,0.276269802313083,-0.001762906089425087,-0.004363337531685829,0.006651510950177908,-0.00019734107545603925,-0.00026909167212770045,-2.256779257339801e-05
1823,1625451614.433286,0.0,-0.04138797149062157,0.0005410733865574002,0.006926385685801506,-0.0002788907282463629,0.029404392065611365,0.27626720400198473,-0.016676606610417366,0.004158778116106987,-0.0008053402998484671,0.00010011210750518598,-0.00017392514147498476,-0.0001596573042484337
1824,1625451614.4439743,0.0,-0.0414125993847847,0.0005565732135437429,0.006923003122210503,-0.0002743875735811904,0.029412631821497857,0.276269020862387,0.002498151734471321,-0.0011675443965941668,0.0023904531262815,-7.013495007923031e-05,0.00011071917671805797,-6.008653648839694e-05
1825,1625451614.4533937,0.0,-0.041379787027835846,0.0005002620746381581,0.006916884332895279,-0.00029257099950915494,0.02939655673987586,0.2762734379901345,0.005693945102393627,-0.010754924267530441,0.005586246494203806,-0.0003540368798109483,-0.00033122927157965156,8.775443038589279e-05
1826,1625451614.4634132,0.0,-0.0413924865424633,0.0004942627274431288,0.006898552179336548,-0.00029369083463430534,0.029404828992621264,0.276269679157904,0.019542383030056953,-0.005428601987659931,-0.005066398065537214,-0.0010927531855663896,-0.00024456078816352143,1.795187508247519e-05
1827,1625451614.4734964,0.0,-0.04140723869204521,0.00043383787851780653,0.006879076361656189,-0.0003096025796595278,0.02940681239194972,0.2762682125914102,-0.010285021737217903,-0.0022328088525682688,0.004520982038229704,-0.0011017241649731457,0.0001534226386906346,6.856543643749232e-06
1828,1625451614.4833415,0.0,-0.041410576552152634,0.0004154713242314756,0.0068901460617780685,-0.00031792418968334957,0.029409781141807062,0.2762702403277282,-0.01348081510514021,0.0020282489713281393,0.0023904531262815,-0.0012910175814573482,-8.67645408986828e-05,0.00015208054497897102
1829,1625451614.4935522,0.0,-0.04141565039753914,0.00039081924478523433,0.006885858252644539,-0.00032173735660610825,0.029409265271858186,0.2762716109139225,-0.007089228369295597,-0.005428601987659931,-0.0008053402998484671,-0.0004500430313274199,0.00011261895935982715,3.718803465933955e-05
1830,1625451614.5034978,0.0,-0.04138529300689697,0.0004036397149320692,0.006895378232002258,-0.000324309592906781,0.029399778259589192,0.2762706397336227,0.006759209558367729,0.008419835940003395,0.004520982038229704,-0.0003439221889391,6.134112925229571e-05,-0.00014303905789591782
1831,1625451614.5607235,0.0,-0.04135660454630852,0.00039379342342726886,0.006926313042640686,-0.00032228247547117644,0.029393701765293045,0.27627238205525684,0.006759209558367729,-0.016081247478723526,-0.0008053402998484671,-0.0001769062019876231,-0.0009522882481073447,-5.963378501482674e-05
1832,1625451614.5700793,0.0,-0.041303180158138275,0.0003674986364785582,0.006915893405675888,-0.0003319235732500356,0.02937916777642617,0.27627573449884635,0.009955002926290035,-0.003298073308542371,0.003455717582255602,-0.00037246354504799097,-0.0016099206104327902,9.88211471586337e-05
1833,1625451614.5803158,0.0,-0.041336242109537125,0.00037521301419474185,0.006935194134712219,-0.0003306733563723935,0.029392240398216946,0.27627279491682843,0.002498151734471321,-0.004363337531685829,-0.004001133609563112,-0.000431186917344169,-0.0003037753213069698,9.233219647910382e-05
1834,1625451614.5900452,0.0,-0.04132616147398949,0.0003654586325865239,0.0069329142570495605,-0.00033031506977779235,0.029384413589877985,0.2762713678149869,-0.008154492825269699,-0.005428601987659931,0.004520982038229704,-3.142963950561837e-05,9.117182281875666e-05,-0.0001276042828037266
1835,1625451614.600032,0.0,-0.041355058550834656,0.00035114644560962915,0.006919190287590027,-0.0003338430617005686,0.029391380243843947,0.2762716100281971,0.009955002926290035,-0.0011675443965941668,-0.005066398065537214,-0.0003583731756040774,0.00012837336961714222,-8.90846195520087e-05
1836,1625451614.6114414,0.0,-0.04136026278138161,0.0003745714493561536,0.00689195841550827,-0.00033225366824029406,0.02938991876830857,0.27627399549689297,-0.003893435001373291,0.0009629845153540373,0.0023904531262815,-0.00019720449496291224,0.0003031320329405954,2.1764520115145303e-05
1837,1625451614.6200516,0.0,-0.04133256897330284,0.0003423935268074274,0.006891358643770218,-0.0003411087617085293,0.029381113166921692,0.27627428906720086,0.011020267382264137,-0.006493866443634033,0.0023904531262815,-0.0005142478516042586,-0.0006406835326588737,0.00030918001621996617
1838,1625451614.6301167,0.0,-0.041350964456796646,0.00033864096621982753,0.006896834820508957,-0.00033653407370805993,0.029392298761515112,0.27627501700930956,0.001432887278497219,0.006289307028055191,-0.0008053402998484671,-0.0006660209519403495,-0.000216169304829891,0.0002562431393754346
1839,1625451614.6403248,0.0,-0.04139213636517525,0.0003167847462464124,0.006876129657030106,-0.0003532646412448964,0.02940246790117737,0.27626895400514184,-0.003893435001373291,-0.008624395355582237,-0.007196926977485418,-0.00032353271669709004,0.0008008788876761348,-0.00019193629260030835
1840,1625451614.6499925,0.0,-0.0413740910589695,0.0002984218008350581,0.0068552494049072266,-0.00034603264891709673,0.0294022171895088,0.27626980715291927,-0.002828170545399189,0.0020282489713281393,-0.005066398065537214,-0.0009187770382679145,0.00014379027947923915,-0.0001130286061250306
1841,1625451614.7111685,0.0,-0.041359156370162964,0.00023260159650817513,0.006919197738170624,-0.0003694595958997904,0.029396210049347934,0.2762707750102662,0.006759209558367729,-0.003298073308542371,0.0002599241561256349,-0.001236248108841624,-0.00048669996823521363,0.00013340338083817562
1842,1625451614.721262,0.0,-0.04135364294052124,0.00020871133892796934,0.006902050226926804,-0.0003754361716991825,0.02939764833960575,0.276270524279196,-0.001762906089425087,0.0020282489713281393,0.0023904531262815,-0.0014891299917067005,-0.00030299841054428494,0.000123848911581887
1843,1625451614.7307436,0.0,-0.04133191332221031,0.00014678435400128365,0.00686752051115036,-0.0003914273689170217,0.029388213007065414,0.27627134548867177,0.006759209558367729,-0.003298073308542371,-0.010392720811069012,-0.0010741597915438833,-0.00037063101412483505,5.849356452350431e-05
1844,1625451614.740945,0.0,-0.041363172233104706,0.00019049461116082966,0.0068597570061683655,-0.0003788525212354704,0.029393378860971917,0.276272471751945,0.000367622880730778,-0.007559130899608135,-0.005066398065537214,4.7748263460906646e-05,-6.456144321243223e-05,-1.1261612753779909e-05
1845,1625451614.751282,0.0,-0.041346993297338486,0.00019246325246058404,0.0068464018404483795,-0.0003778667911243233,0.029391745707657284,0.2762725348681869,-0.007089228369295597,-0.0011675443965941668,-0.005066398065537214,0.0006323094236282018,-0.00018943248501052093,4.010947655487651e-05
1846,1625451614.761032,0.0,-0.041339993476867676,0.0002147683990187943,0.006858106702566147,-0.00037203744657077903,0.02938692213164449,0.27627327787284517,-0.017741871997714043,0.004158778116106987,0.0002599241561256349,0.00020237157140623804,-0.0007766827295615938,0.0001166012808007861
1847,1625451614.770978,0.0,-0.04132506996393204,0.00020324121578596532,0.006857339292764664,-0.00037223335916988787,0.02938580750849723,0.2762722297493251,0.000367622880730778,-0.0011675443965941668,0.003455717582255602,0.0004989089151761365,-0.00025776072071887114,1.1817125689854514e-05
1848,1625451614.7810125,0.0,-0.04128458350896835,0.00020375996246002614,0.006862353533506393,-0.00037228859800085556,0.029371696758375747,0.2762742095866495,0.01208553183823824,-0.007559130899608135,-0.0018706046976149082,9.676805783048821e-05,-0.00035877196312091437,1.5655679996127723e-05
1849,1625451614.7912912,0.0,-0.04128652811050415,0.00017582558211870492,0.006846088916063309,-0.0003793809114844074,0.029372053896924703,0.2762740735451349,0.009955002926290035,-0.0022328088525682688,-0.004001133609563112,-0.0005587944576888246,-0.0006029241496815517,6.689894420082859e-05
1850,1625451614.8011687,0.0,-0.041248977184295654,0.00021249838755466044,0.0068335942924022675,-0.0003717871911925602,0.029362618260044125,0.2762751326232088,0.009955002926290035,-0.005428601987659931,0.0002599241561256349,-4.611808733911809e-05,-0.0005308912986863364,8.051277596697163e-05
1851,1625451614.8615596,0.0,-0.041335880756378174,0.00021616232697851956,0.006821330636739731,-0.0003731471258368521,0.029388827467744537,0.27627179502915167,-0.007089228369295597,0.004158778116106987,-0.007196926977485418,0.0011965865020726863,0.0011823882079503177,-0.00024517618717184546
1852,1625451614.8713634,0.0,-0.04136498272418976,0.0002252090780530125,0.006806284189224243,-0.00037010150735078406,0.02939505745233017,0.2762758959355509,-0.009219757281243801,-0.003298073308542371,-0.008262191899120808,0.000887825321825115,0.0018611440535353685,-0.00021406354972960183
1853,1625451614.8813024,0.0,-0.04133041948080063,0.0002458610979374498,0.006806792691349983,-0.0003646457748754453,0.029387313216879256,0.27627425039336256,0.011020267382264137,-0.005428601987659931,-0.0029358691535890102,0.00023385105746341378,5.802941141005461e-05,6.638971181450369e-05
1854,1625451614.891503,0.0,-0.041354529559612274,0.0002582892484497279,0.0067897457629442215,-0.0003545973621041573,0.029391026996073287,0.276271526810572,-0.009219757281243801,0.008419835940003395,0.0023904531262815,0.0005594911770562791,-0.00022858365245413334,-0.00010389578891972124
1855,1625451614.9013617,0.0,-0.041298799216747284,0.0002703884965740144,0.006802653893828392,-0.0003517866216787846,0.0293756410076016,0.27627353341129574,-0.000697641575243324,0.005224042572081089,0.0023904531262815,0.0003738572526339958,-0.0007821255970007901,0.0001692666813713411
1856,1625451614.9110386,0.0,-0.04132043570280075,0.00028102757642045617,0.006783654913306236,-0.0003480271953656619,0.029381856563559863,0.2762753793485797,0.018477119505405426,-0.007559130899608135,0.004520982038229704,0.00021282997789687973,-0.0005082389398925353,0.00013021134754291795
1857,1625451614.9214146,0.0,-0.0412907712161541,0.00033662677742540836,0.006817406043410301,-0.00033694226864658394,0.02937472138822473,0.27627739314819577,0.003563416190445423,-0.0011675443965941668,0.0013251886703073978,0.0006660090249815187,-7.495286431509405e-05,-3.896652631263841e-05
1858,1625451614.931485,0.0,-0.04132389649748802,0.00035192150971852243,0.006791858002543449,-0.00033161354687263195,0.029382869579976684,0.27627400309402844,-0.007089228369295597,-0.005428601987659931,0.003455717582255602,0.000610588669364533,-0.00019697239273226946,5.820577952132925e-05
1859,1625451614.9413598,0.0,-0.04129297286272049,0.0003685066767502576,0.006799379363656044,-0.0003243915664083233,0.029371544005222197,0.2762768210927011,-0.003893435001373291,0.006289307028055191,0.0013251886703073978,0.00036710694221031115,-0.0002434359202406409,-1.440243385754062e-05
1860,1625451614.9512181,0.0,-0.04131017625331879,0.00034262731787748635,0.006784005090594292,-0.00033382175558274024,0.0293811221997965,0.2762754634656331,0.005693945102393627,-0.00968965981155634,-0.005066398065537214,2.0550424613205685e-05,2.933402680142322e-05,-1.904037793772736e-05
1861,1625451615.0102665,0.0,-0.041275616735219955,0.0003068142686970532,0.006736377254128456,-0.0003418489035270436,0.029370379930647436,0.2762743993655769,0.000367622880730778,-0.005428601987659931,0.004520982038229704,-0.0007363316593399871,0.00012214658987597186,5.446095290473214e-05
1862,1625451615.0201497,0.0,-0.041335251182317734,0.00029901356901973486,0.0067293401807546616,-0.0003469670960979873,0.029386802715926752,0.27627318082390606,-0.007089228369295597,-0.015015983022749424,0.0002599241561256349,-0.0007870263507435927,5.751473122022014e-05,6.60050161105915e-05
1863,1625451615.0301824,0.0,-0.04127123951911926,0.0002728146791923791,0.00673803873360157,-0.000354635049561923,0.029371122549126417,0.27627435272363254,-0.001762906089425087,-0.0011675443965941668,0.004520982038229704,-0.0008119938253691686,2.648205871696323e-05,-5.786826673415941e-05
1864,1625451615.0404134,0.0,-0.041306257247924805,0.00024456658866256475,0.006770377978682518,-0.0003576933361936624,0.029376831758692858,0.2762746880899487,0.004628680646419525,-0.0022328088525682688,0.0013251886703073978,-0.0005816297759732742,-0.0002917376887685288,6.930055794466308e-05
1865,1625451615.0503027,0.0,-0.04128122329711914,0.00028550330898724496,0.006737912073731422,-0.00035095955429403913,0.02937483716195967,0.276274775591973,-0.001762906089425087,0.0020282489713281393,-0.008262191899120808,0.00013613248971494814,9.078771383443976e-05,0.0001222559047032461
1866,1625451615.0606441,0.0,-0.04127340763807297,0.00033493200317025185,0.006762003526091576,-0.00033816853766902716,0.029369680515440033,0.2762734370744283,-0.004958699457347393,0.011615629307925701,-0.006131662521511316,0.0007336666687153307,-0.0004248312195451004,4.22175039773891e-06
1867,1625451615.0702705,0.0,-0.04121509939432144,0.00031636073254048824,0.006727995350956917,-0.0003447315792199576,0.029352730877667807,0.2762778992721928,-0.004958699457347393,0.004158778116106987,-0.006131662521511316,0.0003078222112629235,-0.0010510266929560186,8.211860860462849e-05
1868,1625451615.0804114,0.0,-0.04125415161252022,0.0003261456440668553,0.006738634780049324,-0.00033682788132461533,0.029366563719471432,0.27627603988823424,0.013150796294212341,-0.010754924267530441,-0.0029358691535890102,0.00021276554239068297,-5.348741402441552e-05,6.356910053841912e-05
1869,1625451615.0901096,0.0,-0.041231121867895126,0.00037027374492026865,0.006728501990437508,-0.00032104946620445385,0.029354164183683994,0.27627653298560695,-0.012415550649166107,-0.005428601987659931,0.0023904531262815,0.0010550646981236358,4.503824206616655e-05,-4.515694291465952e-05
1870,1625451615.1004148,0.0,-0.04126204550266266,0.00036187670775689185,0.006742069497704506,-0.00033007526978753865,0.02936565700697502,0.27627511332728055,0.004628680646419525,0.007354571484029293,0.0023904531262815,0.000366432336855544,-0.00017719758364901405,-8.770627754954777e-05
1871,1625451615.1640296,0.0,-0.04130643606185913,0.00033962103771045804,0.0067785996943712234,-0.000340620478916559,0.029377072766907486,0.27627813758903064,-0.009219757281243801,-0.005428601987659931,0.005586246494203806,-0.0013934458244987788,0.001463674814939237,-0.0001188818322867123
1872,1625451615.1737125,0.0,-0.041358500719070435,0.00032312615076079965,0.0067622046917676926,-0.00034164396727250773,0.029399243878880592,0.27627156814193193,0.005693945102393627,-0.006493866443634033,-0.004001133609563112,-0.0013146414370692,0.0018759717434984786,-0.0001796810022355565
1873,1625451615.1838567,0.0,-0.041330620646476746,0.00032977337832562625,0.006706399843096733,-0.0003376866967431183,0.02938555739956114,0.27627117354907327,-0.004958699457347393,-0.006493866443634033,-0.007196926977485418,0.00013687813085804773,0.00040720437694013914,-0.00031680586245586207
1874,1625451615.193884,0.0,-0.041380155831575394,0.00032726104836910963,0.0067176539450883865,-0.0003359087728344104,0.029401192608095025,0.27627114934962954,-0.000697641575243324,0.0020282489713281393,-0.0008053402998484671,0.00022875908899344018,5.33289611189113e-05,-0.00012085236832822153
1875,1625451615.2045105,0.0,-0.04137064889073372,0.0003735081700142473,0.006728207692503929,-0.0003175628828491414,0.02939570038237846,0.27627215709789305,0.002498151734471321,-0.004363337531685829,0.00771677540615201,0.0006967857196751975,0.00034184229327596387,-4.3138137716283824e-05
1876,1625451615.2136881,0.0,-0.04135606437921524,0.00037108585820533335,0.006712013855576515,-0.00032655925320651535,0.029386893533851807,0.2762767471505239,0.005693945102393627,-0.010754924267530441,-0.0018706046976149082,0.0004651054250084382,-0.0006495778299061849,0.00014288496538029325
1877,1625451615.2236938,0.0,-0.04135656729340553,0.00032491335878148675,0.006685784086585045,-0.0003353079161152739,0.029394688254112587,0.2762720410148308,-0.001762906089425087,0.0009629845153540373,-0.005066398065537214,-0.0008926377350552767,-0.00016907987820604184,4.927496641882433e-05
1878,1625451615.2339082,0.0,-0.041329264640808105,0.00032464953255839646,0.006689595058560371,-0.00033855175291056666,0.029384507976812475,0.2762747709925729,-0.004958699457347393,-0.007559130899608135,-0.004001133609563112,-0.0005315288356185009,-0.0001829852799024123,-7.484926133631862e-05
1879,1625451615.244351,0.0,-0.041394319385290146,0.00028333693626336753,0.00667230598628521,-0.00034926680182260916,0.02940527445014851,0.2762719417508263,-0.004958699457347393,-0.005428601987659931,0.00771677540615201,-0.0005661008551304462,0.0004449298622056346,-3.761903486440614e-05
1880,1625451615.2536936,0.0,-0.0414089560508728,0.000258127402048558,0.006659382954239845,-0.00035569438252915087,0.029407191838355072,0.27627040824889926,-0.012415550649166107,-0.007559130899608135,-0.0008053402998484671,-0.0008416289721087084,0.0009127651593739389,-0.0001732312852974874
1881,1625451615.314593,0.0,-0.041369255632162094,0.00027682934887707233,0.006630124524235725,-0.00034656289348287267,0.029398229763842577,0.27627160346081464,-0.003893435001373291,0.005224042572081089,0.0023904531262815,-9.225236934711238e-05,-0.0008138430287663575,0.0002175886259508522
1882,1625451615.3244426,0.0,-0.04135700315237045,0.00027670638519339263,0.00662660039961338,-0.0003464265579841905,0.029393847725529124,0.27627342810351513,0.006759209558367729,-0.0022328088525682688,-0.006131662521511316,0.0004494020714142189,-0.001071037636083448,0.00036662799613952575
1883,1625451615.3344016,0.0,-0.041368819773197174,0.0002499913680367172,0.0066101644188165665,-0.00035593451713542,0.02939517786731269,0.2762733128027459,0.005693945102393627,-0.00968965981155634,-0.0018706046976149082,-0.0003593854877874226,-0.00034383378089977804,2.514241150914251e-05
1884,1625451615.3447309,0.0,-0.041375719010829926,0.00031311213388107717,0.0065996479243040085,-0.00034119605593916497,0.029396225250045455,0.27627548181685524,-0.004958699457347393,-0.005428601987659931,0.0023904531262815,7.424540223734126e-05,-0.0001497426580690171,5.9933051835574336e-05
1885,1625451615.354474,0.0,-0.04133963957428932,0.0002911290212068707,0.006605459377169609,-0.0003416459096029986,0.029390925834047316,0.27627128362823195,-0.006023963913321495,0.009485100395977497,-0.0008053402998484671,0.0004035488018450203,-0.00042622578923568626,-3.278698074372863e-05
1886,1625451615.364505,0.0,-0.041306424885988235,0.0002521479909773916,0.006578652188181877,-0.00035102927643549525,0.02937987363640445,0.2762775328056713,0.001432887278497219,-0.00010227994062006474,-0.0008053402998484671,-0.0007955439880061174,-0.0007780357770668769,0.00012321376425804514
1887,1625451615.3742733,0.0,-0.04128606244921684,0.0002366497938055545,0.006605165079236031,-0.00035943412363960425,0.02936831515889815,0.2762755734700101,0.01208553183823824,0.0020282489713281393,0.0013251886703073978,-0.0008013568158486835,-0.0007006967662554035,0.0001848661657275558
1888,1625451615.3844206,0.0,-0.04130110889673233,0.00027218047762289643,0.006586482748389244,-0.0003488956274420654,0.029377611628297842,0.27627819871930337,0.003563416190445423,-0.00010227994062006474,-0.006131662521511316,0.00018699576300598944,-0.00020779127456103567,-1.6454746359115857e-05
1889,1625451615.3946686,0.0,-0.041289348155260086,0.0002896755759138614,0.006612299010157585,-0.00034226700274690713,0.029374286893965554,0.2762773844809655,0.001432887278497219,0.0030935134273022413,0.0023904531262815,0.0008738354198907998,-2.2768403793595467e-05,6.976549847801244e-05
1890,1625451615.4041555,0.0,-0.04128029942512512,0.0002590991207398474,0.0066153984516859055,-0.0003506668894431436,0.029371735460211608,0.2762741382766696,-0.014546079561114311,-0.005428601987659931,0.003455717582255602,-0.00018238106145111342,-0.0005365710193865093,-3.3401079478839004e-05
1891,1625451615.46271,0.0,-0.04126916825771332,0.00019722545403055847,0.006628876551985741,-0.0003683081768002805,0.0293683820872186,0.2762744353030911,0.001432887278497219,0.019072478637099266,-0.005066398065537214,-0.0013059010241813077,-0.000521018397447751,-8.905418986465342e-05
1892,1625451615.4723048,0.0,-0.04126168042421341,0.00017592302174307406,0.006668372079730034,-0.00037862715485969395,0.029364499583445496,0.27627861667241743,0.000367622880730778,-0.011820188723504543,0.0002599241561256349,-0.000870645170254048,-0.0004702848253378162,0.00017536507406795945
1893,1625451615.4823277,0.0,-0.04126379266381264,0.0001600804680492729,0.00663604773581028,-0.0003878269781755206,0.02936279846251713,0.2762775288508209,0.011020267382264137,-0.01288545224815607,0.003455717582255602,-0.0005438254566612482,-0.000131268569594624,0.00015820799584514351
1894,1625451615.492258,0.0,-0.04132092371582985,0.0001814913412090391,0.006660075858235359,-0.0003768375691835732,0.029388536849382474,0.2762728633406777,-0.010285021737217903,-0.0022328088525682688,0.00771677540615201,-2.6689911558424658e-05,0.0007235071430315837,-0.00019983201603332833
1895,1625451615.5024796,0.0,-0.0412818118929863,0.00018088804790750146,0.006649745628237724,-0.00037675141898327325,0.02937291868751482,0.27627527184385126,0.011020267382264137,0.0009629845153540373,0.0002599241561256349,0.00021000819008450385,0.0007495337634349439,-3.491461799123696e-05
1896,1625451615.512441,0.0,-0.04131779819726944,0.0001568447332829237,0.0066595617681741714,-0.00038073584538460964,0.029381704375857798,0.27627243601293644,0.008889738470315933,-0.008624395355582237,-0.0008053402998484671,-0.0004725344868766172,0.0001210818952939753,-2.6507800963565698e-05
1897,1625451615.5223155,0.0,-0.04129325971007347,0.00014548475155606866,0.006659453734755516,-0.0003837274116735914,0.02937788563932018,0.27627303565344624,-0.003893435001373291,-0.0022328088525682688,0.0002599241561256349,-0.0003441884464508893,0.00011949774622197752,-0.00014888658217977776
1898,1625451615.5323024,0.0,-0.04133233428001404,0.0001990881864912808,0.006642717868089676,-0.0003743197782677468,0.029386097701505985,0.27627806138911376,-0.003893435001373291,0.0009629845153540373,-0.005066398065537214,5.706513926341414e-05,4.5894906964365005e-05,0.00016198173350710882
1899,1625451615.5424376,0.0,-0.04130870848894119,0.00023381412029266357,0.006650868803262711,-0.000368091345781571,0.02937751052071235,0.2762769947328206,-0.009219757281243801,0.012680893763899803,0.003455717582255602,0.0005968916779877015,-0.0001633038344926969,0.0001946647533437964
1900,1625451615.55229,0.0,-0.0412910096347332,0.00029186508618295193,0.0066538602113723755,-0.0003459125928050519,0.029372731019392827,0.27627761362340353,0.005693945102393627,-0.008624395355582237,-0.0029358691535890102,0.0016085595129498153,-0.00037829009832548007,2.5530667577175002e-05
1901,1625451615.614675,0.0,-0.04125916585326195,0.0003604572848416865,0.006672859191894531,-0.0003335637646346909,0.029364856164605102,0.27627756533713044,0.001432887278497219,-0.016081247478723526,0.005586246494203806,0.0021507185330592146,-0.0005767422233158749,7.610544979183872e-05
1902,1625451615.624486,0.0,-0.041248612105846405,0.0003140057669952512,0.006687954068183899,-0.00034403073366959247,0.029362804472351123,0.27627502592016967,0.014216060750186443,0.0009629845153540373,0.0023904531262815,0.0002775517577292559,-0.00034582526891510895,-4.943500155297059e-05
1903,1625451615.6345775,0.0,-0.04129151627421379,0.000300263287499547,0.006661944091320038,-0.0003439702165371136,0.029372960743595543,0.2762776159569208,-0.002828170545399189,-0.003298073308542371,-0.008262191899120808,-0.0006220587678681794,0.0005721971466974554,-7.534542536540379e-05
1904,1625451615.6443825,0.0,-0.04129897430539131,0.00027965439949184656,0.006674483418464661,-0.000350303514345264,0.029377884559557914,0.27627671585670355,-0.011350286193192005,-0.0011675443965941668,0.003455717582255602,-0.0003445186785568754,0.0004029087789554653,-4.891390205445194e-05
1905,1625451615.654425,0.0,-0.04131679981946945,0.00027981880703009665,0.006693519651889801,-0.00034793925985728,0.02937781111666201,0.27627682230990147,-0.009219757281243801,0.0030935134273022413,0.006651510950177908,-0.00038166381610323937,0.00014145936243501597,-4.787220687626626e-05
1906,1625451615.664401,0.0,-0.04130181670188904,0.00027169965323992074,0.006706412881612778,-0.00035354951698546994,0.02937558632431942,0.27627717217801384,-0.001762906089425087,0.015876686200499535,0.004520982038229704,-0.00044069279938304073,6.5322141247393334e-06,9.216482788216238e-05
1907,1625451615.6746397,0.0,-0.04130934923887253,0.0002748676051851362,0.006707478314638138,-0.00035291274764974456,0.02938051034744308,0.2762725951287013,0.007824474014341831,-0.003298073308542371,0.00771677540615201,-0.0003348789286062116,0.00010285535447645129,-0.00011960116057252274
1908,1625451615.6843462,0.0,-0.041324663907289505,0.00026061388780362904,0.006718359887599945,-0.00036285921231969664,0.029383041540356918,0.27627488458226723,-0.002828170545399189,-0.00968965981155634,-0.004001133609563112,-0.0002746820104955332,0.00030839664664661007,-0.00021062357974599067
1909,1625451615.694421,0.0,-0.04130052402615547,0.00024443940492346883,0.006694212555885315,-0.0003608194271956869,0.029377333275863664,0.2762780639025202,0.003563416190445423,-0.006493866443634033,-0.0029358691535890102,-0.0005367434028510729,-5.025846039110461e-05,8.492220174782534e-05
1910,1625451615.705364,0.0,-0.04131576046347618,0.00023571820929646492,0.006684590131044388,-0.0003628541126652479,0.02938138287589071,0.27627378529249313,-0.002828170545399189,0.0030935134273022413,0.004520982038229704,-0.00036855062773708864,-0.00016355788030145236,7.714375494218571e-05
1911,1625451615.7659452,0.0,-0.04123443737626076,0.0002838564105331898,0.006704386323690414,-0.0003531225197601004,0.029360956847497663,0.27627911147798734,0.002498151734471321,0.007354571484029293,0.0023904531262815,4.378901610056648e-05,-0.0010008962137747187,0.00014582661533415206
1912,1625451615.775767,0.0,-0.04125884920358658,0.00027268286794424057,0.006686661392450333,-0.00034949549874929015,0.029364765629669422,0.2762762631755015,-0.004958699457347393,-0.005428601987659931,-0.0029358691535890102,0.0006100015859789384,-0.0009305484168442959,5.02219769787829e-05
1913,1625451615.785875,0.0,-0.04123258590698242,0.000250825600232929,0.006678003817796707,-0.00035532799271581483,0.029363352856378033,0.27627634319647154,0.004628680646419525,0.007354571484029293,0.0023904531262815,-0.00033706991894791023,4.1687328474716315e-05,-0.00010818317097760164
1914,1625451615.7957823,0.0,-0.04126756265759468,0.00024909168132580817,0.00668581947684288,-0.00035902517371472903,0.029367030002208562,0.27627707199826723,0.007824474014341831,-0.004363337531685829,-0.0018706046976149082,-0.0007145838860114253,0.00014094295856277822,1.1514349106150457e-05
1915,1625451615.8057885,0.0,-0.04124368354678154,0.00022335341782309115,0.006671156734228134,-0.0003687681534532833,0.02935939167648905,0.2762781571229088,0.008889738470315933,-0.019277041777968407,-0.0018706046976149082,-0.00020738989264113122,6.772088600915059e-05,-3.854836873822944e-06
1916,1625451615.815573,0.0,-0.04126661643385887,0.00028029148234054446,0.0066766925156116486,-0.00035301072932872324,0.02936907617129971,0.2762792313734939,0.002498151734471321,-0.00968965981155634,-0.004001133609563112,0.00023328847157327103,2.8934711925897826e-05,5.4135023657814513e-05
1917,1625451615.8259082,0.0,-0.04124872386455536,0.0002519538684282452,0.006660196930170059,-0.0003570834110711574,0.029362814248975515,0.2762764100344518,-0.007089228369295597,-0.006493866443634033,0.0013251886703073978,9.151190289163851e-05,-0.0002982535938856562,6.0771541789264505e-05
1918,1625451615.835525,0.0,-0.041259776800870895,0.0002607432834338397,0.006686046719551086,-0.0003587971349699251,0.029362915990792632,0.2762773844470522,0.01528132427483797,0.0020282489713281393,-0.0029358691535890102,-0.0003226073447525922,-0.00017826240889101628,1.5473825978267874e-05
1919,1625451615.8460612,0.0,-0.04128945618867874,0.00026510923635214567,0.006684210151433945,-0.0003575678677034261,0.02937319750905739,0.27627734158209594,-0.000697641575243324,-0.013950717635452747,0.0023904531262815,0.0003232255896468681,0.0005570950790476076,-2.962422660195888e-05
1920,1625451615.8556206,0.0,-0.041320860385894775,0.0003239974903408438,0.006678849458694458,-0.00033803536109584115,0.029381023846350225,0.27627649399605214,-0.016676606610417366,0.007354571484029293,-0.005066398065537214,0.0008617740433889311,0.0003726038225131741,-3.1067601239284934e-05
1921,1625451615.9207191,0.0,-0.04137040674686432,0.0002354951575398445,0.0066393278539180756,-0.00036439077651118784,0.02939833283564835,0.276271530900028,0.014216060750186443,0.006289307028055191,0.0023904531262815,-0.00016626094660242475,0.0011777577780435445,-0.00020514480154099115
1922,1625451615.930599,0.0,-0.04139087349176407,0.000206702301511541,0.006642952561378479,-0.00037229809686784715,0.029399290180896702,0.2762762942037816,-0.001762906089425087,-0.010754924267530441,0.0023904531262815,-0.0009927651530336357,0.0012688389462546983,-0.00027561881339008585
1923,1625451615.940797,0.0,-0.041363779455423355,0.00022075008018873632,0.006639622151851654,-0.0003681915663513932,0.029396879684340238,0.2762743106564311,0.001432887278497219,-0.007559130899608135,0.004520982038229704,-0.00013986161728213268,-3.6274168673012385e-05,0.00010829417873774672
1924,1625451615.9505818,0.0,-0.041397836059331894,0.00024129010853357613,0.006619017571210861,-0.00035896063983840987,0.02939998627227792,0.276272270017132,-0.009219757281243801,-0.003298073308542371,-0.005066398065537214,0.0006219971485077131,-0.00020114796452279566,-3.2386725130431345e-05
1925,1625451615.961077,0.0,-0.04138694331049919,0.0002595885016489774,0.006614655256271362,-0.00035666382786042616,0.029400996613762338,0.27627220924071483,-0.012415550649166107,-0.00010227994062006474,-0.0008053402998484671,0.00044491309500337096,6.684574330254115e-05,-0.00021803421621751623
1926,1625451615.9706929,0.0,-0.04139213636517525,0.0002728721883613616,0.006600853055715561,-0.000358304445372902,0.029400552825426467,0.27627255810805806,-0.008154492825269699,0.004158778116106987,0.005586246494203806,2.313415453254028e-05,0.00021476791820137698,-0.00012492858663647164
1927,1625451615.9807408,0.0,-0.04137573763728142,0.0002519612025935203,0.0066131241619586945,-0.0003555345287443584,0.02939601337271027,0.27627062060936924,0.001432887278497219,-0.008624395355582237,-0.006131662521511316,0.0002777457728097923,0.00020534607547096923,-0.0001622084458412258
1928,1625451615.9905694,0.0,-0.041384775191545486,0.00023203040473163128,0.006622198969125748,-0.00036448749576095674,0.02939950571938483,0.27627374946070543,0.003563416190445423,-0.010754924267530441,0.0013251886703073978,-0.00027908144865537184,-4.6564856484016546e-05,2.96436616882881e-05
1929,1625451616.000992,0.0,-0.041451968252658844,0.00024295959156006575,0.006588369607925415,-0.00036054103223021744,0.029415083852963778,0.27627134310584567,0.003563416190445423,-0.004363337531685829,-0.0018706046976149082,-0.0006159954997519305,0.00037745547529403743,-5.354748744707306e-05
1930,1625451616.011014,0.0,-0.041409850120544434,0.00024282658705487847,0.006608571857213974,-0.00036434399465976736,0.02940648897734114,0.2762716842124587,-0.014546079561114311,-0.0022328088525682688,-0.0008053402998484671,-8.196163383351291e-05,-3.279958068760889e-05,-0.00016829863719307082
1931,1625451616.0731914,0.0,-0.041408997029066086,0.0003581698110792786,0.006622940301895142,-0.0003297838412275114,0.02940736532490739,0.2762714804158523,0.005693945102393627,-0.00968965981155634,0.00771677540615201,0.0016419604712535553,-0.0007806653010017015,6.163560671398227e-05
1932,1625451616.0831115,0.0,-0.041403282433748245,0.00039780043880455196,0.006633937358856201,-0.0003162881907700435,0.029403945907604492,0.27627324723731156,0.004628680646419525,-0.01288545224815607,0.0023904531262815,0.0026592916726136603,-0.0004269736689653472,2.1690683767596716e-05
1933,1625451616.093031,0.0,-0.04144177958369255,0.000393078604247421,0.006660535931587219,-0.0003188807831322471,0.029419388937694163,0.2762684347981696,0.002498151734471321,-0.00968965981155634,0.0002599241561256349,0.0005334029903453612,0.00031185603403024624,-0.0001074581795103799
1934,1625451616.1029553,0.0,-0.041400156915187836,0.0003533249837346375,0.006652243435382843,-0.0003323264149714747,0.02940107244972672,0.27627342622574846,-0.004958699457347393,0.0009629845153540373,0.006651510950177908,-0.001208184220971639,-0.00036002044558292414,-0.00013550291708786219
1935,1625451616.113276,0.0,-0.04142129048705101,0.00033020874252542853,0.006664548069238663,-0.0003421239318588329,0.029408771132158208,0.27627480087611356,0.002498151734471321,-0.004363337531685829,-0.0018706046976149082,-0.0012102726461679424,-0.0005145608748521912,8.93336337847622e-05
1936,1625451616.1228137,0.0,-0.04140285402536392,0.000332383846398443,0.006654310971498489,-0.00033237256479221045,0.02940078751487512,0.27627484314627326,0.008889738470315933,0.006289307028055191,-0.004001133609563112,-0.000206733410504797,0.00024516034355334286,1.3107412454854716e-05
1937,1625451616.1331613,0.0,-0.04141665995121002,0.0003028599312528968,0.006667688488960266,-0.00034378115699250367,0.029408453412135126,0.2762713766978755,0.01528132427483797,-0.007559130899608135,0.0023904531262815,-0.00018362512404031427,9.975781261520581e-05,-0.0001411383257893071
1938,1625451616.1432028,0.0,-0.04142879322171211,0.00030110758962109685,0.006674408912658691,-0.0003446362498168501,0.02941472771200409,0.2762704451882894,0.002498151734471321,0.009485100395977497,-0.005066398065537214,-0.0007373368331865257,0.0005631785478885756,-0.00016597177452300048
1939,1625451616.1527312,0.0,-0.04142514243721962,0.0003377233515493572,0.0066977329552173615,-0.0003353606953261229,0.029410680269111616,0.2762709602908094,0.01528132427483797,-0.003298073308542371,0.003455717582255602,0.0002800115426708108,0.0004607676180208479,-6.819902677844464e-05
1940,1625451616.163139,0.0,-0.04144929721951485,0.00037363197770901024,0.006709489971399307,-0.00032891438858049377,0.029414721263316096,0.27627160684938307,0.003563416190445423,-0.007559130899608135,-0.004001133609563112,0.0009051178791584382,0.0003465391846689724,-1.2281232269832077e-05
1941,1625451616.220371,0.0,-0.041508834809064865,0.00048374931793659925,0.0067406464368104935,-0.00030275898424429043,0.029437112761198286,0.276267650668053,-0.008154492825269699,0.004158778116106987,0.0023904531262815,0.0022518542344397356,0.0007649572966037626,-1.5493478997422197e-05
1942,1625451616.2304835,0.0,-0.041494108736515045,0.0005111349746584892,0.006738906726241112,-0.0002918426663502949,0.02943025516599583,0.2762694802009232,0.001432887278497219,0.014811422675848007,-0.0018706046976149082,0.002096130284517276,0.0005781622847523701,-4.8501356650623126e-05
1943,1625451616.2404544,0.0,-0.041495416313409805,0.0004955178592354059,0.00673271156847477,-0.0002960587473029713,0.02943355972707669,0.276269214404594,0.005693945102393627,-0.003298073308542371,-0.0008053402998484671,0.0002972466288524225,5.946535285806991e-05,-2.4486796464652625e-05
1944,1625451616.2502875,0.0,-0.04151582717895508,0.0005103917792439461,0.006753085181117058,-0.00028404119552976476,0.029438989871603996,0.2762635456010455,-0.007089228369295597,-0.0022328088525682688,-0.0018706046976149082,0.00045189090207422276,0.0004069808957077451,-0.00017476455325250956
1945,1625451616.2607062,0.0,-0.04152996838092804,0.0005416548810899258,0.006727894768118858,-0.0002833286341161617,0.02944406193045914,0.27626650065686753,-0.008154492825269699,0.014811422675848007,-0.004001133609563112,0.00021824517917438908,0.00029756777406665067,-2.8988203924640308e-05
1946,1625451616.2704146,0.0,-0.04153409227728844,0.0004746495687868446,0.006739078089594841,-0.0002995505723427591,0.029441306862761182,0.27626933383981495,-0.000697641575243324,-0.007559130899608135,0.003455717582255602,-0.0006002684219708449,3.928558298813846e-05,0.0001962790238249034
1947,1625451616.2803504,0.0,-0.04153931885957718,0.0005390170845203102,0.006730092689394951,-0.00028410994097656517,0.029442652574862963,0.2762678254052826,0.007824474014341831,0.0030935134273022413,-0.0018706046976149082,1.3324356731017281e-05,0.00015214601025636033,-0.0002333931275355408
1948,1625451616.2904747,0.0,-0.04152851551771164,0.0005849560257047415,0.006726181134581566,-0.00026831679551823223,0.029442684328019803,0.27626656308743613,0.002498151734471321,0.004158778116106987,0.0023904531262815,0.0012163878122261947,0.00031662739743875903,-0.0002832446621491101
1949,1625451616.3005025,0.0,-0.04152714088559151,0.0005704961367882788,0.0067084599286317825,-0.0002717516235472145,0.02944535494521068,0.2762664623336752,0.003563416190445423,-0.0022328088525682688,0.0002599241561256349,0.0005621390637062313,0.00024426551192237723,-4.33118087382027e-05
1950,1625451616.3104126,0.0,-0.04154844582080841,0.0005912188207730651,0.00670182891190052,-0.0002656647676218954,0.029443203251163827,0.2762653018852833,0.004628680646419525,-0.0022328088525682688,0.0023904531262815,0.00033644912649883376,3.854104638586234e-05,-6.850648582656268e-05
1951,1625451616.376444,0.0,-0.04139973595738411,0.0004186758305877447,0.0067625585943460464,-0.0003185049682963431,0.02940390094261712,0.27627306389695216,0.01528132427483797,0.007354571484029293,0.004520982038229704,-0.0021948523894431454,-0.0016774613611389268,0.00015740829438587377
1952,1625451616.3861232,0.0,-0.041386280208826065,0.0004579018277581781,0.0067814309149980545,-0.0003140562478612524,0.02939920383809263,0.27627488702391395,-0.000697641575243324,-0.00968965981155634,0.0013251886703073978,-0.0020954703797011125,-0.002065149440422224,0.0004549596772843946
1953,1625451616.396544,0.0,-0.04133521765470505,0.000450649211416021,0.006768209859728813,-0.00030673564324619484,0.02939104549501434,0.2762736977662079,0.001432887278497219,0.0009629845153540373,-0.006131662521511316,0.0006871831705142984,-0.0006846930112804167,0.0001544605571206627
1954,1625451616.4062471,0.0,-0.0413522943854332,0.00044308899668976665,0.006765576079487801,-0.0003120520876461058,0.029394675932261853,0.2762732143696993,-0.007089228369295597,-0.007559130899608135,-0.008262191899120808,0.0001314922488355475,-0.00032639791306405755,-6.263824588021097e-05
1955,1625451616.4164228,0.0,-0.04128603637218475,0.0004120259254705161,0.006780954077839851,-0.0003208571502390026,0.029374372531526957,0.27627618723086894,0.001432887278497219,-0.004363337531685829,0.0013251886703073978,-0.000654837955352576,-0.000816576845025495,9.726603051047406e-05
1956,1625451616.4262114,0.0,-0.04135551303625107,0.00046702593681402504,0.006758501753211021,-0.0003046665803887044,0.029391784660475845,0.27627491963146156,0.003563416190445423,-0.0011675443965941668,0.0013251886703073978,0.0001406554801124463,-0.0001638200521186601,0.00016572439098577011
1957,1625451616.4363086,0.0,-0.04128333926200867,0.00039840323734097183,0.006748715415596962,-0.0003174405711401443,0.029366838088603152,0.2762770721701045,0.004628680646419525,-0.02140756882727146,0.003455717582255602,5.1243099866912656e-05,-0.0001516181371519764,0.00017722018772743046
1958,1625451616.446229,0.0,-0.041343804448843,0.0003996729210484773,0.006745943799614906,-0.0003202619723155775,0.029391418895611206,0.2762759676269517,-0.010285021737217903,0.008419835940003395,0.003455717582255602,-0.0008988811936000571,-0.0003162613799788895,0.0001275343129049724
1959,1625451616.456556,0.0,-0.041310008615255356,0.00040967369568534195,0.006757011637091637,-0.00032369355711221737,0.029382118860516393,0.2762776058948251,-0.004958699457347393,-0.00010227994062006474,0.00771677540615201,-0.0002784870622359083,0.000510554166655957,4.965978313768287e-05
1960,1625451616.4663818,0.0,-0.04134080559015274,0.00040669788722880185,0.00678066723048687,-0.0003192848773988857,0.029387566706477096,0.2762742464869446,0.008889738470315933,-0.01288545224815607,0.004520982038229704,8.442986336272733e-05,0.0002020052281330893,-7.08479829158975e-05
1961,1625451616.5283968,0.0,-0.04134681820869446,0.0004182990815024823,0.006783301010727882,-0.0003222132051167517,0.029395145336785847,0.27627533734716125,-0.000697641575243324,-0.003298073308542371,-0.0008053402998484671,0.00043547364671544793,0.0010404955038377595,-0.00025509201049336936
1962,1625451616.5377848,0.0,-0.04138347879052162,0.00044975479249842465,0.006764618679881096,-0.00030406819917026123,0.02940136301708876,0.27627475542669216,0.000367622880730778,0.004158778116106987,0.0002599241561256349,0.0008760393871319009,0.0010019712791273984,-0.00019045393239874178
1963,1625451616.548129,0.0,-0.04131167754530907,0.00045903792488388717,0.0067745838314294815,-0.00030749426345491604,0.02938343957883143,0.2762746962490271,-0.01348081510514021,0.0030935134273022413,-0.004001133609563112,0.0004513817056570222,-0.0005521504357204794,-5.156766985942468e-05
1964,1625451616.557799,0.0,-0.04133287072181702,0.0004598041414283216,0.006821030750870705,-0.0003031750258252752,0.029385553210742814,0.27627799997103114,0.01208553183823824,-0.016081247478723526,0.008782039396464825,0.00032342368087857437,-0.0005017061314330867,7.84400668688091e-05
1965,1625451616.567779,0.0,-0.04131973534822464,0.0005280274199321866,0.006818471476435661,-0.00028747623095207175,0.02938498450174329,0.2762770642339491,-0.011350286193192005,-0.0011675443965941668,0.009847303852438927,0.001123150023851482,0.00010118240617520593,0.00014846004001136024
1966,1625451616.5781705,0.0,-0.04133576527237892,0.0005391578888520598,0.006854472681879997,-0.000288559919715492,0.029389404686586733,0.2762750895797442,0.001432887278497219,0.007354571484029293,0.004520982038229704,0.0006658369752548674,0.00019263579238202165,-0.00012181739282602976
1967,1625451616.5877478,0.0,-0.041351161897182465,0.000588993716519326,0.006861118599772453,-0.00027484659949299217,0.02939384938581907,0.27627689231954805,-0.006023963913321495,0.0020282489713281393,0.0013251886703073978,0.0005459527982659134,0.00013175072314234172,-7.53630496986673e-05
1968,1625451616.5980983,0.0,-0.041305407881736755,0.0005657000583596528,0.0068611521273851395,-0.0002782634278238952,0.029380050366176115,0.2762753446746305,0.021672913804650307,0.006289307028055191,0.0023904531262815,0.0004811504965883765,-0.00031322921922359115,-3.9120168189837943e-05
1969,1625451616.608112,0.0,-0.04133400321006775,0.0005344925448298454,0.006869940087199211,-0.00029333411969285905,0.029386714772294646,0.2762752314649598,0.004628680646419525,-0.004363337531685829,0.0023904531262815,-0.0008604681354052973,-0.00021064794757842721,-0.0002037436644084786
1970,1625451616.6176918,0.0,-0.04129733890295029,0.000513259379658848,0.006872998550534248,-0.00029332581995952095,0.029376651240688202,0.27627452673415626,0.006759209558367729,-0.00968965981155634,-0.0029358691535890102,-0.0006414378894513675,-0.0001325899922029741,-8.866005638423026e-05
1971,1625451616.681504,0.0,-0.04133322834968567,0.0004980014055036008,0.006898058578372002,-0.00030130625773601427,0.02938652165183584,0.27627435268975087,0.003563416190445423,0.005224042572081089,-0.0029358691535890102,-0.00034403121608495046,-0.0001708346527268714,-0.00017174189347044956
1972,1625451616.6912308,0.0,-0.041345804929733276,0.0005486274603754282,0.006882159039378166,-0.0002842231508160681,0.02938909330289312,0.27627391435739196,0.002498151734471321,-0.0022328088525682688,0.003455717582255602,0.00032536242235674424,0.00035090331531356905,-0.00014422163905729337
1973,1625451616.7011812,0.0,-0.04135959967970848,0.0005194090772420168,0.006904790177941322,-0.00029595059187537825,0.029399681783041712,0.2762722760113833,-0.014546079561114311,-0.0011675443965941668,0.004520982038229704,0.00022336033983862648,0.0001591017079484403,-2.892848203216178e-05
1974,1625451616.7111504,0.0,-0.041282277554273605,0.00047712287050671875,0.006878601387143135,-0.00030647238564001505,0.029371504202203177,0.27627754233873136,0.006759209558367729,-0.005428601987659931,0.0023904531262815,-0.000868594136379028,-0.0005715769916291205,0.0001350811419628601
1975,1625451616.721283,0.0,-0.04129916429519653,0.00041655966197140515,0.006885366514325142,-0.0003264015691067379,0.029376080145121948,0.2762780815486263,-0.000697641575243324,-0.007559130899608135,0.0023904531262815,-0.0012665187529626932,-0.0008664243756023906,0.00015982975134211692
1976,1625451616.7314496,0.0,-0.04125407338142395,0.00040119633194990456,0.006851973012089729,-0.0003204938731685217,0.02936568550241002,0.27627971026137466,0.003563416190445423,-0.007559130899608135,-0.012523249723017216,-0.0009153385788487947,-0.0003793530354387607,6.986813345953948e-06
1977,1625451616.7413776,0.0,-0.04124843701720238,0.0003872755041811615,0.006827389821410179,-0.00032651056425819086,0.02936691437986049,0.2762768143288104,0.008889738470315933,0.0009629845153540373,-0.006131662521511316,-0.00046692820394060326,-0.0002389489503013054,9.665940627164425e-06
1978,1625451616.7513027,0.0,-0.041266508400440216,0.0003630458959378302,0.006840800866484642,-0.0003366047403792205,0.029371884806832102,0.2762773394019753,-0.010285021737217903,-0.003298073308542371,-0.007196926977485418,-0.000835159488534675,0.00023895060143592998,-0.00010355541400084571
1979,1625451616.7613633,0.0,-0.04126027226448059,0.00038419043994508684,0.006812674924731255,-0.00033528660720368725,0.0293656406944306,0.2762809244640327,-0.004958699457347393,-0.013950717635452747,0.004520982038229704,-0.00022055137060437882,-0.0002282329213482949,8.370791790132331e-05
1980,1625451616.7714882,0.0,-0.041286613792181015,0.00035330094397068024,0.006822967901825905,-0.0003358189835129949,0.029375657210018447,0.2762782231842589,-0.006023963913321495,0.0030935134273022413,0.0023904531262815,-0.0001899148787659675,4.814522272618923e-06,-6.8130980516584214e-06
1981,1625451616.8308616,0.0,-0.041231293231248856,0.0003844851744361222,0.006807155907154083,-0.00032910942003572946,0.029360181083980114,0.27627907308945654,-0.008154492825269699,-0.003298073308542371,0.0023904531262815,0.0005976751314324037,0.00010336267084546622,7.5758542598074375e-06
1982,1625451616.8403683,0.0,-0.041205357760190964,0.000395183073123917,0.006831500679254532,-0.0003272188483657984,0.029353116096353465,0.2762799849468393,-0.008154492825269699,0.0009629845153540373,0.008782039396464825,0.0009825903457265917,-0.0005358421480521539,9.689549982158213e-05
1983,1625451616.850555,0.0,-0.04116363078355789,0.0003567761741578579,0.00683298334479332,-0.0003467459449668295,0.02933841095610732,0.27628317854283,0.011020267382264137,-0.007559130899608135,0.003455717582255602,-0.0004211687266330063,-0.0008655705709188647,5.775488857751195e-05
1984,1625451616.8605514,0.0,-0.04118771851062775,0.00032570402254350483,0.006836112588644028,-0.00034367445955736653,0.02934417783283849,0.27628002667267054,0.004628680646419525,-0.01821177639067173,-0.0008053402998484671,-0.0004919906189006246,-0.00048708402875967253,6.611821611946274e-06
1985,1625451616.8703487,0.0,-0.04118676483631134,0.0002947878383565694,0.006839297711849213,-0.0003580900820748592,0.02934597318011295,0.27628465725652157,-0.01348081510514021,0.008419835940003395,-0.0029358691535890102,-0.0008833470011958635,-4.016805157305433e-05,0.00021130441778075478
1986,1625451616.8808146,0.0,-0.0411272756755352,0.0002609834191389382,0.006879135966300964,-0.0003660060579235014,0.029333110924217698,0.276283745946331,0.01528132427483797,-0.01288545224815607,0.005586246494203806,-0.001153210925228822,-0.0003746036583343488,0.0002850424438997404
1987,1625451616.890415,0.0,-0.041151516139507294,0.0002598778228275478,0.006870929151773453,-0.00036596799914260375,0.029336074535015633,0.27628354324206644,0.003563416190445423,-0.01821177639067173,0.0023904531262815,-0.00012795866990831918,-0.0005634901920958881,1.0205547661442434e-05
1988,1625451616.9006295,0.0,-0.04116092249751091,0.00030686610261909664,0.006886869668960571,-0.00035057453310126385,0.02933957000884603,0.27628069214467543,-0.003893435001373291,0.005224042572081089,0.008782039396464825,0.000583826680423131,-0.0001431594350829028,-0.00015803234437889276
1989,1625451616.910593,0.0,-0.04113227501511574,0.00032796323648653924,0.006894513964653015,-0.0003510593165590714,0.029331722432712495,0.2762830987079153,-0.015611344017088413,0.013746158219873905,0.004520982038229704,0.0005181431144466798,-0.0005443484616310581,-0.00010250043579469837
1990,1625451616.9206247,0.0,-0.041133735328912735,0.00033619749592617154,0.00689307227730751,-0.0003456776048380017,0.029330104218099035,0.27628102673165295,-0.003893435001373291,-0.0022328088525682688,0.0013251886703073978,0.00032180302536603627,-0.0005709235219009141,1.4307565639361036e-05
1991,1625451616.9828887,0.0,-0.040975384414196014,0.00039918074617162347,0.006913170218467712,-0.0003256710920082409,0.02928854352534955,0.2762889992289217,-0.001762906089425087,0.0030935134273022413,0.0002599241561256349,0.0014384799074062989,-0.0019322136863033858,0.00018360574637106908
1992,1625451616.992598,0.0,-0.04095577448606491,0.00040613379678688943,0.006920047104358673,-0.0003329780830834267,0.029282876535565328,0.2762891333745592,-0.002828170545399189,-0.0022328088525682688,0.0023904531262815,0.0008728554723001957,-0.00242450581258472,0.00040111860387813934
1993,1625451617.002414,0.0,-0.04095842316746712,0.0004122191166970879,0.006922736763954163,-0.0003254472068858136,0.029281884761570176,0.2762897540973113,0.002498151734471321,-0.015015983022749424,0.0002599241561256349,6.0168661353376696e-05,-0.0002806027531326767,0.0001046008125675598
1994,1625451617.0126507,0.0,-0.04092277213931084,0.00043404102325439453,0.006933245807886124,-0.00032263636070778423,0.0292732399029159,0.2762971859140849,-0.024133458733558655,0.0030935134273022413,0.0013251886703073978,0.0002461994128541723,-0.0005768999031738494,0.00022534037083122145
1995,1625451617.0225637,0.0,-0.0408700555562973,0.0003714584745466709,0.006923515349626541,-0.0003337199591352466,0.029258366032998466,0.2762905219506235,0.01208553183823824,-0.003298073308542371,-0.0018706046976149082,-0.0005398139353166088,-0.0008886820269497207,4.990294384459464e-05
1996,1625451617.0325525,0.0,-0.040854062885046005,0.0003424281603656709,0.006922859698534012,-0.0003474650421896458,0.02925493767892192,0.27629577981819253,0.008889738470315933,0.0020282489713281393,0.0002599241561256349,-0.001337763655417629,-0.000718214105933197,-8.242116081078364e-06
1997,1625451617.0425093,0.0,-0.04084375128149986,0.0003425288014113903,0.006904911249876022,-0.00034690966411832225,0.029253873363253767,0.2762911818655584,0.029129764065146446,-0.0011675443965941668,-0.0029358691535890102,-0.0006292781106861027,-0.00011845899177802541,6.893113023432623e-05
1998,1625451617.0527997,0.0,-0.04087711125612259,0.0003444445028435439,0.0069394223392009735,-0.000344736236030152,0.029258476859025127,0.27629667500500305,0.006759209558367729,-0.0022328088525682688,-0.005066398065537214,-9.575474952211675e-05,0.00014271118185446466,-0.00010710006231760667
1999,1625451617.0625727,0.0,-0.04082509130239487,0.00029020122019574046,0.006931383162736893,-0.000365360931472436,0.029242924504017255,0.2762975755344255,0.009955002926290035,-0.011820188723504543,0.0013251886703073978,-0.0008861810909100752,-0.0005228804372371594,0.00012371953358472737
2000,1625451617.0725145,0.0,-0.0408402681350708,0.00028979755006730556,0.006941601634025574,-0.00035688221385145324,0.029245952140413707,0.27629566397672894,-0.009219757281243801,0.009485100395977497,-0.006131662521511316,-0.0011003062356916206,-0.0009770541037476062,1.4724608756579942e-05
2001,1625451617.1357973,0.0,-0.0407242588698864,0.0002573960227891803,0.006922177970409393,-0.0003677056529177991,0.029213098355330834,0.27630039705010867,-0.008154492825269699,-0.00010227994062006474,0.004520982038229704,-0.0004279998624321254,-0.0015162688029871124,0.00033788641210913043
2002,1625451617.1453834,0.0,-0.04080747440457344,0.00025407204520888627,0.006919641047716141,-0.00036310586037517634,0.029239015962052715,0.2762968672122885,0.002498151734471321,0.0009629845153540373,-0.0008053402998484671,-0.0003316618944523526,-3.847932789054964e-05,0.00016394913949939344
2003,1625451617.1554213,0.0,-0.040766939520835876,0.00018175976583734155,0.006930600851774216,-0.0003892020722448611,0.029224835161279022,0.27630110463257457,-0.000697641575243324,-0.008624395355582237,-0.005066398065537214,-0.001063155428472726,0.000802166667625592,3.258087235575156e-06
2004,1625451617.1654315,0.0,-0.04080507531762123,0.00017371861031278968,0.0069262683391571045,-0.0003913581624584994,0.029238312977682063,0.2762992395394584,-0.004958699457347393,0.0030935134273022413,-0.005066398065537214,-0.0011315228840889822,3.0965841012761574e-05,2.108622073960893e-05
2005,1625451617.1758776,0.0,-0.040793802589178085,0.00018232990987598896,0.006925739347934723,-0.0003888065058467588,0.02923394839289497,0.2762949164304944,-0.001762906089425087,0.020137744024395943,0.0002599241561256349,-0.0001906799896336347,0.00017920735695825372,-9.160851800530089e-05
2006,1625451617.185441,0.0,-0.04081300273537636,0.00015529769007116556,0.00692899152636528,-0.0004024794152559935,0.02923822064729898,0.2762956182047348,0.022738177329301834,-0.006493866443634033,-0.0008053402998484671,-0.000583760244025944,0.0002720073806865678,-6.550744964147226e-05
2007,1625451617.1956208,0.0,-0.0408666767179966,0.00016156223136931658,0.00693107396364212,-0.0004008776931932398,0.029258189766359056,0.2762963785163006,0.004628680646419525,-0.00010227994062006474,-0.006131662521511316,-0.0003014211594557906,0.0009705162496040479,-3.653828604356147e-05
2008,1625451617.2059762,0.0,-0.04085187241435051,0.0002289808471687138,0.006928499788045883,-0.00038204690234478617,0.02925013248904197,0.27629503002706796,-0.006023963913321495,-0.00010227994062006474,0.004520982038229704,0.0008848714592230094,0.0003667923708688049,-1.7686309602452812e-05
2009,1625451617.2154434,0.0,-0.040869053453207016,0.00021783637930639088,0.006929188966751099,-0.00037642023170579575,0.029258039826868497,0.27629667305168853,-0.004958699457347393,-0.004363337531685829,0.0013251886703073978,0.0009925156996886824,1.9287310869603605e-05,-4.944063884762574e-06
2010,1625451617.2254243,0.0,-0.04086371511220932,0.0002037096710409969,0.006942819803953171,-0.0003838769271325704,0.02925338964787392,0.2762946268234849,-0.003893435001373291,-0.00968965981155634,0.00771677540615201,0.00013767920078536084,0.00023330923181775004,-5.170682957620332e-05
2011,1625451617.2914803,0.0,-0.04088953137397766,0.00029468259890563786,0.0069952309131622314,-0.0003607299815470491,0.029261672241162134,0.27629233493601707,-0.001762906089425087,-0.0022328088525682688,0.003455717582255602,0.0004915682605050864,-0.000325162697233225,-3.6699079107491156e-05
2012,1625451617.3017774,0.0,-0.04085638001561165,0.00023827204131521285,0.006983380764722824,-0.000378566983956663,0.029257283981177655,0.2762953221275069,-0.011350286193192005,-0.0022328088525682688,-0.004001133609563112,4.568822737376114e-05,-0.00042035355245464615,0.00028196427366088605
2013,1625451617.31157,0.0,-0.04086660221219063,0.0002469568862579763,0.006991442292928696,-0.00037948307039862433,0.029256212301756818,0.27629543473402896,-0.01348081510514021,0.010550364851951599,0.004520982038229704,-0.0008849798387476309,-0.0003574159339857686,0.0001395041831125671
2014,1625451617.3214958,0.0,-0.04091867804527283,0.00026105018332600594,0.007005870342254639,-0.00037629342064451204,0.02927055438190384,0.27629344889791796,-0.008154492825269699,0.0009629845153540373,0.006651510950177908,-0.00020708719056977416,0.0004009047968486195,1.8817462157982595e-05
2015,1625451617.3321333,0.0,-0.04096497967839241,0.00026498004444874823,0.007012408226728439,-0.0003695113267715433,0.02928256546213049,0.2762908864230533,0.005693945102393627,0.005224042572081089,0.003455717582255602,0.00016337399571865528,0.0010112303826604206,-6.752306792767687e-05
2016,1625451617.3415658,0.0,-0.04097620025277138,0.00024377412046305835,0.00701393187046051,-0.00037854086693910743,0.029289297573937764,0.27629202127788555,0.008889738470315933,0.004158778116106987,-0.0008053402998484671,-0.00048297028004839717,0.0006522600827517935,-5.7679136228534226e-05
2017,1625451617.3515902,0.0,-0.0409402996301651,0.00022595564951188862,0.006991911679506302,-0.00038253307121566965,0.029271908135594424,0.2762972094898829,0.008889738470315933,0.0020282489713281393,-0.0018706046976149082,-0.0010072248390188767,-0.0003696783033966627,0.00018268857266436636
2018,1625451617.3617556,0.0,-0.04089389368891716,0.0001955557381734252,0.007004633545875549,-0.00039726828041677237,0.029259563674560583,0.2762950191964886,-0.001762906089425087,0.008419835940003395,0.0002599241561256349,-0.0009034023071913803,-0.0013021638008049172,9.57602692993568e-05
2019,1625451617.3718066,0.0,-0.040877923369407654,0.00018858560360968113,0.00701306015253067,-0.0003936337356763783,0.02925905293159166,0.2762923719524534,-0.012415550649166107,0.009485100395977497,-0.004001133609563112,-0.0005995238857978275,-0.0010621637190083824,-0.00012251615322776143
2020,1625451617.3815472,0.0,-0.04087507352232933,0.00013924360973760486,0.006994128227233887,-0.0004093368981932799,0.02925548867344259,0.27629557071640837,0.011020267382264137,-0.007559130899608135,-0.0018706046976149082,-0.00031177344825786274,2.778174232105545e-05,1.9562264341982247e-05
2021,1625451617.4425747,0.0,-0.040998246520757675,0.00014239037409424782,0.007009273394942284,-0.0004095693051697699,0.029296308954471127,0.2762888594850626,0.002498151734471321,-0.0022328088525682688,-0.00932745635509491,-0.000406346016062458,0.0015022403345639772,2.0796228043988948e-05
2022,1625451617.4525855,0.0,-0.041009098291397095,0.00015196535969153047,0.007032135501503944,-0.00041053237610885057,0.029291701896142927,0.27629327652704117,0.001432887278497219,-0.004363337531685829,0.0002599241561256349,0.0002964395175104513,0.0013069712148572458,-4.8227597584031444e-05
2023,1625451617.4626188,0.0,-0.041036371141672134,0.0001850019907578826,0.007002769038081169,-0.0003974161425086137,0.029302925750199396,0.2762889862575638,-0.000697641575243324,-0.011820188723504543,0.0002599241561256349,0.0006581247934566766,0.00043021239717262386,-5.504688435540361e-05
2024,1625451617.4724562,0.0,-0.04102874919772148,0.00016326195327565074,0.007002552971243858,-0.000403304378430093,0.029302899084950484,0.2762902386142467,-0.010285021737217903,-0.0022328088525682688,-0.0029358691535890102,0.0001062058587027796,0.0003896200851324232,-0.00024653286203059365
2025,1625451617.4825866,0.0,-0.041050076484680176,0.00020900048548355699,0.006986768916249275,-0.0003871569636302516,0.029312754865357962,0.2762865681668708,0.000367622880730778,-0.005428601987659931,-0.0029358691535890102,0.0002936199565513832,0.00026747258876579793,-0.000117776767764552
2026,1625451617.4925878,0.0,-0.0410357229411602,0.0002853809855878353,0.006985729560256004,-0.0003630917138042339,0.029304003797246195,0.2762878946979231,-0.001762906089425087,-0.006493866443634033,-0.0029358691535890102,0.0018755676590571269,0.0003110660391353236,-5.095125626003768e-05
2027,1625451617.5024712,0.0,-0.0410350002348423,0.0002823715622071177,0.007019883021712303,-0.0003653846936262986,0.02930682732265475,0.27628735600384113,-0.002828170545399189,0.0020282489713281393,0.00771677540615201,0.0010112594123491618,-0.00011206987263681677,9.672955363242237e-06
2028,1625451617.5124254,0.0,-0.041034433990716934,0.00029013556195423007,0.007036415860056877,-0.0003667382986835277,0.029303449578280995,0.2762864606953279,-0.003893435001373291,0.0009629845153540373,0.0013251886703073978,-3.272209154441176e-05,-8.087250432273393e-05,1.549614815167576e-05
2029,1625451617.5226068,0.0,-0.04105031117796898,0.00031638110522180796,0.0070362817496061325,-0.0003594955793639956,0.02930714988519563,0.27628979182055846,0.004628680646419525,0.005224042572081089,0.0013251886703073978,0.0005573028750352825,0.0003226737156929537,0.00011917123595619221
2030,1625451617.532538,0.0,-0.04106958210468292,0.00037114828592166305,0.007043538615107536,-0.00035370820127077207,0.029316392386645844,0.2762860376917316,-0.001762906089425087,0.015876686200499535,-0.0018706046976149082,0.0006676953424921735,0.00040538392662808523,3.0140231829627482e-05
2031,1625451617.5976691,0.0,-0.04100536182522774,0.00039834724157117307,0.006994130089879036,-0.0003411183447621646,0.02929795326006821,0.2762909384697443,0.02380344085395336,-0.005428601987659931,-0.0018706046976149082,0.00019254952807857783,3.1978736427443235e-05,-0.0002385538530863929
2032,1625451617.6075995,0.0,-0.041002191603183746,0.0004111812449991703,0.007018154487013817,-0.0003324163885460793,0.029294114848037622,0.27629167490299167,-0.002828170545399189,-0.0011675443965941668,0.003455717582255602,0.0002049903879327316,-0.00080890639758075,-6.863663006387597e-06
2033,1625451617.6176643,0.0,-0.040961749851703644,0.0004457783361431211,0.0070006344467401505,-0.00031936993796594787,0.029284073755666613,0.2762943135951892,0.0174118559807539,0.005224042572081089,0.008782039396464825,0.0007273917356821469,-0.0006864042514028494,0.00012616242869570966
2034,1625451617.6275847,0.0,-0.040948182344436646,0.0004003298527095467,0.007015129551291466,-0.0003325045254522971,0.029279012955746933,0.2762924253881656,-0.008154492825269699,0.011615629307925701,0.006651510950177908,-0.0002963717886327797,-0.0005109285994500987,2.299124810527739e-05
2035,1625451617.6376996,0.0,-0.0409013032913208,0.00041485761175863445,0.007013266906142235,-0.00033396849208496004,0.029267956141428554,0.27629138422232447,0.007824474014341831,-0.017146511003375053,0.0002599241561256349,-0.0004926850890068459,-0.0004048927945241758,-0.00013476654409649334
2036,1625451617.647769,0.0,-0.04098554700613022,0.00047627161256968975,0.007055440917611122,-0.00031316242464562993,0.029292383078616376,0.27628850656056125,-0.011350286193192005,-0.010754924267530441,0.006651510950177908,0.001085416908393846,0.0006755667781218845,-0.00029936564768806177
2037,1625451617.657592,0.0,-0.04093078896403313,0.0004780329472851008,0.0070467423647642136,-0.0003180593656252201,0.02927552489198148,0.27629567775755715,-0.010285021737217903,-0.008624395355582237,0.0023904531262815,0.0008681178901890655,6.851124457990863e-05,0.00017550541747295733
2038,1625451617.6675107,0.0,-0.04096834734082222,0.0004659445839934051,0.007008658722043037,-0.00031680224299691223,0.029283896205930707,0.2762940864271996,-0.004958699457347393,-0.00968965981155634,0.005586246494203806,7.687476893288825e-05,-0.0003060332728406343,0.00024619622127625666
2039,1625451617.6775417,0.0,-0.040942199528217316,0.0004838388995267451,0.00698435865342617,-0.00031386460947722267,0.02927746113634907,0.27629259359179803,-0.003893435001373291,0.01800721511244774,-0.0029358691535890102,-6.647147822292442e-05,7.621370547486852e-05,-9.703686734535573e-05
2040,1625451617.6874135,0.0,-0.04095090925693512,0.00048224718193523586,0.0069852564483881,-0.0003115363188836845,0.0292856679363808,0.276292660237225,0.014216060750186443,-0.015015983022749424,0.0002599241561256349,0.00020011882739860823,8.354306564949055e-06,4.090693938401329e-05
2041,1625451617.7526982,0.0,-0.04099520295858383,0.00041993087506853044,0.006948566064238548,-0.0003302745499010398,0.029292000415756324,0.2762905787952878,0.002498151734471321,-0.006493866443634033,0.004520982038229704,5.887279347448016e-05,0.0014321298490975916,-3.649474185850348e-05
2042,1625451617.7626696,0.0,-0.04093151167035103,0.0004478545452002436,0.006965430453419685,-0.00031741002035678284,0.02927574114244389,0.2762954543688456,-0.001762906089425087,0.005224042572081089,0.003455717582255602,-0.0001366315505155017,5.3193178373980344e-05,0.0001457409384254605
2043,1625451617.7725914,0.0,-0.040929753333330154,0.0004263562732376158,0.0069552939385175705,-0.0003258935901210083,0.029276913614477172,0.27629396249507954,0.011020267382264137,0.006289307028055191,-0.0018706046976149082,-0.00016791531878588298,-0.0007672571344507664,0.00011256279884100033
2044,1625451617.7824833,0.0,-0.040914684534072876,0.0004535360203590244,0.006967710331082344,-0.00032176321950989906,0.029265058546830522,0.2762970171448622,-0.004958699457347393,0.0009629845153540373,-0.006131662521511316,-0.00015298444752970773,-0.0004041747242252371,5.843794268795864e-05
2045,1625451617.7922947,0.0,-0.04091012850403786,0.0004868294927291572,0.006962636485695839,-0.00031238542498453203,0.029267555896918727,0.2762916024466085,0.002498151734471321,-0.00010227994062006474,-0.007196926977485418,0.000756950120317188,-0.00023673346149884916,-4.073055373909349e-05
2046,1625451617.802433,0.0,-0.04088656231760979,0.0005038626259192824,0.006962371990084648,-0.0003074338325290346,0.02926418194579302,0.27629442580283214,-0.017741871997714043,0.004158778116106987,-0.0008053402998484671,0.0008549508092895481,-0.0004779220753135857,-8.628915693655946e-05
2047,1625451617.8125587,0.0,-0.04090316221117973,0.0005240647005848587,0.0069747064262628555,-0.0003054367287090645,0.029271713054770415,0.2762919637306408,0.002498151734471321,-0.00010227994062006474,0.0023904531262815,0.0006091252183727027,-5.904373144192873e-05,-7.02307060418863e-05
2048,1625451617.8226886,0.0,-0.0409202054142952,0.0005247367080301046,0.006978122517466545,-0.00030260908818628696,0.029277518079636973,0.2762928565682324,-0.002828170545399189,-0.007559130899608135,0.003455717582255602,0.0003684547226458325,0.0007227702703950598,-7.49996290270739e-05
2049,1625451617.8324606,0.0,-0.040878575295209885,0.0004995704512111843,0.006957923993468285,-0.0003026755032203843,0.02926210989305013,0.2762961803935783,0.006759209558367729,-0.003298073308542371,-0.006131662521511316,1.1973646029268357e-05,-0.0003598879213332653,0.00016546946325517468
2050,1625451617.8424037,0.0,-0.040922995656728745,0.0005039272364228964,0.00698256678879261,-0.00030536730214208996,0.029270389354281237,0.27629736274792777,0.002498151734471321,-0.00010227994062006474,-0.0008053402998484671,-0.00011357671233817385,-0.0001814234402633645,2.4806708660582716e-05
2051,1625451617.904815,0.0,-0.040941838175058365,0.0005759911728091538,0.006977370008826256,-0.0002822675250088724,0.029276687434516363,0.2762942347327903,0.001432887278497219,-0.00010227994062006474,-0.004001133609563112,0.0013445887977717613,0.0011533059072555611,-0.00010358746382844411
2052,1625451617.914743,0.0,-0.040956057608127594,0.000610050221439451,0.0069658998399972916,-0.0002783411229617602,0.02927979866291258,0.27629495922157377,0.005693945102393627,-0.016081247478723526,-0.0008053402998484671,0.0019678022363143768,0.0008101670671107056,6.78452990557946e-05
2053,1625451617.924581,0.0,-0.04092562943696976,0.0005917692906223238,0.006991719827055931,-0.0002843520903563698,0.02927709550978727,0.2762894170872163,0.001432887278497219,-0.0011675443965941668,0.0023904531262815,4.8532040564402385e-05,-0.00014429769073827657,-1.1980259482366734e-06
2054,1625451617.934512,0.0,-0.04097463935613632,0.0005592175875790417,0.007020106539130211,-0.00029157336244673565,0.02928588454284852,0.27629416558307973,-0.003893435001373291,-0.003298073308542371,0.003455717582255602,-0.00072693976354845,7.728703995658769e-05,-2.9334287775869195e-05
2055,1625451617.944815,0.0,-0.04097387567162514,0.0005904472200199962,0.00699554942548275,-0.00028201739394619063,0.02928574567156212,0.27629420095729373,-0.000697641575243324,-0.0011675443965941668,0.003455717582255602,3.0835949424213224e-05,0.0004666020916810571,0.00015229472421304294
2056,1625451617.9545338,0.0,-0.04097672551870346,0.0005724758957512677,0.007003871724009514,-0.00028740919124368297,0.029291153090206946,0.2762908787142519,-0.003893435001373291,0.0030935134273022413,-0.0008053402998484671,-0.00013846664032654148,0.00013574470466284696,-0.0002129157839181993
2057,1625451617.9656243,0.0,-0.04096502810716629,0.0005536324460990727,0.007006688043475151,-0.0002956376315567111,0.02928004596022002,0.2762937258643896,-0.000697641575243324,0.0020282489713281393,0.005586246494203806,-0.0009860512199551662,-0.0001243892878952283,-9.016192919897423e-05
2058,1625451617.9745193,0.0,-0.040981195867061615,0.0005640991148538888,0.0070297326892614365,-0.0002906374501707512,0.029286696924794756,0.2762952654679824,0.001432887278497219,0.005224042572081089,0.006651510950177908,-0.0008721352235661093,3.75049725049394e-05,8.701673116280731e-05
2059,1625451617.9852006,0.0,-0.04100227355957031,0.0005694948486052454,0.007045349106192589,-0.00029290877141043004,0.029298020617054832,0.2762864097750265,0.007824474014341831,-0.005428601987659931,-0.0029358691535890102,-0.000249932880850341,0.0006706499095015971,-0.00011278415622902964
2060,1625451617.994646,0.0,-0.04098956286907196,0.0005674473941326141,0.007033428177237511,-0.00028968930290267786,0.029292604541829602,0.2762870257665866,0.007824474014341831,-0.007559130899608135,0.004520982038229704,0.0001569248802593506,6.780255425257447e-05,-8.608371743871511e-05
2061,1625451618.059322,0.0,-0.0408354327082634,0.0005842040991410613,0.0070715248584747314,-0.00028921855283349507,0.029251952556955473,0.276294656704073,-0.010285021737217903,0.009485100395977497,0.004520982038229704,0.00019815453270973228,-0.002613204748116909,0.00033428228108431255
2062,1625451618.0691223,0.0,-0.040822211652994156,0.000585005444008857,0.0070576295256614685,-0.00028283605178132387,0.02924844166185399,0.27629535669959615,-0.007089228369295597,-0.0022328088525682688,-0.0029358691535890102,0.00042508355379150705,-0.0024958668723933466,0.00028481062951349665
2063,1625451618.0795012,0.0,-0.04085399955511093,0.0005890442407689989,0.00708119198679924,-0.0002883029251400798,0.02925838582815706,0.27629663415577144,-0.014546079561114311,0.004158778116106987,-0.0008053402998484671,0.00016272059017746236,1.8969859562439693e-05,9.692979430793378e-05
2064,1625451618.0894015,0.0,-0.040833137929439545,0.0005563227459788322,0.007094491273164749,-0.0002977874538701297,0.029249539838825195,0.2762977078820048,-0.002828170545399189,-0.004363337531685829,0.01197783276438713,-0.0003705408316746721,-0.00011322349817986196,0.0002162139019924301
2065,1625451618.099301,0.0,-0.040805261582136154,0.0005711683770641685,0.00709306076169014,-0.0002935929767808043,0.029240880836807745,0.2763002557128762,0.003563416190445423,-0.005428601987659931,-0.005066398065537214,-6.792325604622109e-06,-0.0007804658388087697,0.0001201370166042181
2066,1625451618.1092257,0.0,-0.04076981544494629,0.0005377898924052715,0.007064756006002426,-0.0003017767302165575,0.02923208318602219,0.27630013146464927,0.003563416190445423,-0.007559130899608135,-0.006131662521511316,-0.0003089516967199755,-0.0009813822636521154,8.52938317570324e-05
2067,1625451618.119277,0.0,-0.04072846472263336,0.0005144096212461591,0.007057350128889084,-0.00030488608628809893,0.029220644810149958,0.2763030534646621,0.004628680646419525,-0.004363337531685829,0.004520982038229704,-0.0007541079951431413,-0.0008893416369524281,0.0001502195338682047
2068,1625451618.1292868,0.0,-0.04071877524256706,0.000518771936185658,0.00704781711101532,-0.0003004525470002434,0.029215909627713588,0.276301139186345,0.004628680646419525,-0.01288545224815607,0.003455717582255602,-0.00016755923071100007,-0.0007339229443062588,3.791456443752719e-05
2069,1625451618.1394942,0.0,-0.04068877547979355,0.000509857723955065,0.007066864520311356,-0.00030375814747229946,0.029216251239260103,0.276300914790278,0.000367622880730778,-0.00010227994062006474,0.0002599241561256349,-0.0002670527945569093,-0.0005402854202946116,-4.781862440532067e-05
2070,1625451618.1493347,0.0,-0.040664639323949814,0.000469380640424788,0.007096868008375168,-0.0003187487987829432,0.029204854411874287,0.2763025771921198,0.004628680646419525,-0.007559130899608135,-0.0008053402998484671,-0.0008568856055253712,-0.0007415351355470355,0.0001795755735187039
2071,1625451618.21741,0.0,-0.04060294106602669,0.00026693142717704177,0.007031690329313278,-0.00037511429173171795,0.02918543137818492,0.27630668610250664,0.01208553183823824,0.008419835940003395,0.008782039396464825,-0.0035459026862945534,-0.0011512304244199003,0.00027054561839998147
2072,1625451618.2273781,0.0,-0.04060451686382294,0.00023648544447496533,0.006995227187871933,-0.00038199371247200214,0.029185621681006843,0.27630250990414007,0.005693945102393627,-0.01821177639067173,-0.0008053402998484671,-0.0027956221070634516,-0.0007329238073381104,-5.545175774928977e-05
2073,1625451618.2375748,0.0,-0.04058592766523361,0.00023115859949029982,0.0069886185228824615,-0.0003803926710681457,0.029180682974291577,0.27630829972745485,0.003563416190445423,-0.0011675443965941668,-0.007196926977485418,-8.481786865429317e-05,-0.00042073570750956226,-0.00015771159831140833
2074,1625451618.2475114,0.0,-0.04056508466601372,0.00020848045824095607,0.006969694048166275,-0.0003830093836493173,0.02917576649081715,0.2763064463385275,0.001432887278497219,0.0009629845153540373,-0.008262191899120808,-0.00024845793926517285,-0.0006001088685991702,4.4911523040729296e-05
2075,1625451618.257386,0.0,-0.040567316114902496,0.00018985825590789318,0.006991226226091385,-0.0003890528367219148,0.029176378939941537,0.27630626534131725,0.008889738470315933,-0.015015983022749424,0.0013251886703073978,-0.0004087327263424142,-0.00034273919753136805,-9.736029862154983e-06
2076,1625451618.267477,0.0,-0.04054935649037361,0.00019217882072553039,0.0069788359105587006,-0.0003906581063232925,0.029169515296868558,0.27630713064029994,-0.000697641575243324,0.010550364851951599,0.004520982038229704,-0.000556012975760203,-0.0003182600889543832,4.632400742113529e-05
2077,1625451618.2775521,0.0,-0.040565624833106995,0.00016664108261466026,0.006979405879974365,-0.00039472380714292155,0.02917768125958354,0.2763037726169124,0.01528132427483797,-0.0011675443965941668,-0.008262191899120808,-0.0007332131087142874,0.0002389096018447625,-0.0001289588700087432
2078,1625451618.2872996,0.0,-0.040568940341472626,0.00016356800915673375,0.006971411406993866,-0.00039532377578183064,0.029179827054307404,0.2763080784542002,0.006759209558367729,0.0030935134273022413,0.0023904531262815,-0.0005923250861014181,0.0005765187508152875,3.919441791522467e-06
2079,1625451618.2975035,0.0,-0.04065466299653053,0.00019112782320007682,0.006989661604166031,-0.00039766895550408243,0.029202615620186917,0.276305339451253,0.002498151734471321,-0.007559130899608135,0.005586246494203806,0.000193160851435342,0.001039288558948319,-8.345244605512781e-06
2080,1625451618.3073108,0.0,-0.04063495248556137,0.00021034706151112914,0.006957687437534332,-0.0003850464450615085,0.029192307890867367,0.27630533321717143,-0.015611344017088413,0.006289307028055191,-0.007196926977485418,0.0004201438511753409,0.0002632284063629125,-3.477967877246742e-05
2081,1625451618.3696709,0.0,-0.040632423013448715,0.00010422669583931565,0.006935495883226395,-0.0004136391761128608,0.029193275524579648,0.2763063398488841,0.003563416190445423,0.0009629845153540373,0.010912568308413029,-0.0008558929118067456,-0.001151391628935737,0.00031276280614908196
2082,1625451618.3800397,0.0,-0.04061662778258324,0.00010352494427934289,0.006948184221982956,-0.000414360158925646,0.029187799111646276,0.2763044806627481,-0.001762906089425087,0.007354571484029293,-0.0008053402998484671,-0.0014525211510674988,-0.0007091584312591827,0.00016937498839805255
2083,1625451618.3900306,0.0,-0.040588852018117905,0.00011040165554732084,0.006926406174898148,-0.00040858975534809744,0.029177386766440182,0.2763086530520493,0.001432887278497219,-0.007559130899608135,-0.0029358691535890102,2.6300890339129468e-05,-0.0006090427403329142,1.3288961407197102e-05
2084,1625451618.3998668,0.0,-0.04059233516454697,0.0001305079204030335,0.006946813315153122,-0.0004127568622037184,0.029180232116671694,0.27630711724518764,-0.010285021737217903,0.0020282489713281393,0.009847303852438927,0.00015529392791867653,-0.0006116001743035046,0.00014902196886156383
2085,1625451618.410134,0.0,-0.04055894538760185,0.0001678838161751628,0.0069416239857673645,-0.0003962137708699229,0.02916739002377796,0.27631002720991465,0.007824474014341831,0.004158778116106987,-0.0029358691535890102,0.00041052747542583606,-0.0003469303570010495,-4.773451656249688e-05
2086,1625451618.419721,0.0,-0.040545783936977386,0.00016207521548494697,0.006934795528650284,-0.0004003430641238634,0.029161767920925077,0.2763106671791163,-0.001762906089425087,0.006289307028055191,0.0002599241561256349,0.00043986502212574666,-0.0006049724581137462,0.00011666318304306332
2087,1625451618.4300795,0.0,-0.04052290320396423,0.0001637186505831778,0.0069351717829704285,-0.00039990901380389243,0.029161230316766873,0.2763086536859577,0.008889738470315933,-0.016081247478723526,0.003455717582255602,6.619734457516695e-05,-0.0002277440458585835,-5.217285691569663e-05
2088,1625451618.43962,0.0,-0.04053371399641037,0.00013883865904062986,0.006917409598827362,-0.00040640112512835974,0.029170884989294592,0.27630582702216,0.002498151734471321,-0.007559130899608135,-0.0018706046976149082,-0.00023958849440156417,0.00017158389231396778,-0.00016737635943108332
2089,1625451618.450028,0.0,-0.04053432121872902,0.00010146404383704066,0.0069076381623744965,-0.0004102489767333767,0.029166301960596865,0.2763089205563911,-0.011350286193192005,0.004158778116106987,-0.0029358691535890102,-0.0007507375762814795,-9.64787998215295e-05,-9.401215395882074e-05
2090,1625451618.4596741,0.0,-0.04049477353692055,0.0001202260609716177,0.006931085139513016,-0.00041179535045436644,0.02915832993996717,0.27631232192489197,-0.001762906089425087,-0.0022328088525682688,0.009847303852438927,-0.00012423660862492244,-0.0008039678049689915,0.00022231237627709518
2091,1625451618.5293016,0.0,-0.04049805924296379,7.853505667299032e-05,0.006967529654502869,-0.00042165880358854824,0.029158075466050967,0.27630868568277356,0.005693945102393627,-0.0022328088525682688,0.0023904531262815,-0.0001252848388728438,-0.00014728530795782505,0.00042308876940082274
2092,1625451618.5376973,0.0,-0.04053777828812599,6.378605030477047e-05,0.00694611668586731,-0.00042780640258364977,0.029167110826966866,0.2763112540841429,0.005693945102393627,-0.016081247478723526,-0.0029358691535890102,-0.0003814789164785227,0.0006998147722145026,0.00027125745440144476
2093,1625451618.5488713,0.0,-0.040538154542446136,7.039477350190282e-05,0.006949353963136673,-0.0004263130308359217,0.02917195326924507,0.27630539828865125,-0.001762906089425087,-0.0011675443965941668,-0.006131662521511316,-0.00041010296073351306,0.00042988558116628775,-7.007663437971003e-05
2094,1625451618.557608,0.0,-0.04056570306420326,6.752734770998359e-05,0.006955079734325409,-0.00042736776660141224,0.029174736455634752,0.27630797952111175,0.004628680646419525,-0.004363337531685829,0.0023904531262815,-0.0001884345380183707,0.00035128678374758503,-0.00024714003982362483
2095,1625451618.5675716,0.0,-0.04048140347003937,2.9158254619687796e-05,0.006953585892915726,-0.0004377755908870351,0.029159192324078452,0.2763096324754639,0.009955002926290035,-0.003298073308542371,-0.004001133609563112,-0.0004235924697347474,-0.0005328447634982595,0.0002152916151588425
2096,1625451618.5777729,0.0,-0.04051860421895981,3.6651850678026676e-05,0.006924338638782501,-0.0004376696481508055,0.029155968835024283,0.27631167781165794,0.03126028925180435,-0.004363337531685829,-0.004001133609563112,-0.0004630415635743114,-0.0006786486722324894,0.0002491858631324434
2097,1625451618.587501,0.0,-0.04052046313881874,9.025499457493424e-05,0.006949242204427719,-0.00042097252088738046,0.029164260629523056,0.2763067971038633,0.003563416190445423,-0.004363337531685829,0.005586246494203806,0.00064704210580551,0.00027329864634654654,-0.00017273830609072313
2098,1625451618.5976284,0.0,-0.04048728570342064,3.3009680919349194e-05,0.006957732141017914,-0.0004398864806095318,0.029151926230069937,0.27630707306220414,-0.001762906089425087,-0.00010227994062006474,0.010912568308413029,-0.00031377615014603177,-0.00013609450419571926,-0.00012106357113005917
2099,1625451618.6080103,0.0,-0.04052014648914337,2.2101914510130882e-05,0.0069595687091350555,-0.00044302871192077736,0.02916312198566185,0.27630937863020083,-0.009219757281243801,-0.003298073308542371,0.005586246494203806,-0.001016710559906437,7.956438297361246e-06,7.13598858155814e-05
2100,1625451618.6177788,0.0,-0.04049097001552582,7.270276546478271e-05,0.006953299045562744,-0.00042874572820885554,0.029151351214570652,0.2763144509821514,-0.002828170545399189,0.0009629845153540373,-0.011457985267043114,0.0007411153779090088,-0.0003084711571203372,0.00021827592588843835
2101,1625451618.6857471,0.0,-0.04041614010930061,6.229255814105272e-05,0.007021931931376457,-0.000434031036854049,0.029131551079229913,0.27631382054321363,0.02060764841735363,-0.00968965981155634,-0.0008053402998484671,0.000363168251452881,-0.0014428390242406032,0.0004940848937136747
2102,1625451618.696265,0.0,-0.040473535656929016,3.7619087379425764e-05,0.007017267867922783,-0.0004408296881223753,0.02914343461291096,0.27631321627245986,-0.016676606610417366,-0.007559130899608135,-0.004001133609563112,-0.0009443341331629332,-0.0006811907682595932,0.0002624476316004458
2103,1625451618.7057586,0.0,-0.04042389988899231,2.7597416192293167e-05,0.006986901164054871,-0.000442334764950085,0.02913354040735116,0.2763109036007599,-0.001762906089425087,0.006289307028055191,-0.008262191899120808,-0.000613163742395384,8.017067054694546e-05,-4.4619072677473666e-05
2104,1625451618.7165918,0.0,-0.04046233743429184,0.00010803260374814272,0.006997080519795418,-0.0004207899650902347,0.02914722371164937,0.2763137174622585,-0.009219757281243801,0.012680893763899803,-0.0029358691535890102,0.0005665099102415584,0.00014207639999608428,7.498021726500024e-05
2105,1625451618.7256882,0.0,-0.04038773104548454,0.00010381877655163407,0.00700361467897892,-0.00041875851287312416,0.02912371055489952,0.2763157412042229,0.003563416190445423,0.0030935134273022413,0.005586246494203806,0.0009560758313441102,-0.0006164153902629858,0.00018670762238353237
2106,1625451618.73558,0.0,-0.04039935767650604,0.0001159847597591579,0.006999971345067024,-0.00041525342041909274,0.029129646718578567,0.2763127762559026,0.02060764841735363,-0.011820188723504543,-0.0008053402998484671,0.0003870436419791911,-0.0005436512320448499,-2.0432026298313225e-05
2107,1625451618.745828,0.0,-0.040429409593343735,0.00011145533062517643,0.007015274837613106,-0.0004201382895818173,0.029142094683362013,0.2763112830689886,0.007824474014341831,-0.008624395355582237,-0.0029358691535890102,0.0001794815347478064,0.000582150476313077,-0.00016734161301373493
2108,1625451618.7555876,0.0,-0.04050668329000473,0.0002017147489823401,0.006997814401984215,-0.0003945581468986145,0.029154044361899688,0.2763130626189946,0.004628680646419525,-0.008624395355582237,-0.0029358691535890102,0.0009769179752578902,0.0009066238314736866,-1.588958556109707e-05
2109,1625451618.765801,0.0,-0.04047578573226929,0.00016011844854801893,0.006968608126044273,-0.0004080082162087745,0.029147258370548428,0.2763141587340937,0.002498151734471321,-0.0022328088525682688,-0.006131662521511316,0.0006211610864867849,0.00036372636732014216,5.875746840494774e-05
2110,1625451618.7755206,0.0,-0.04045649617910385,0.00014668615767732263,0.006933925673365593,-0.0004075075864768407,0.029139012818009312,0.2763140502282134,0.007824474014341831,0.0030935134273022413,-0.008262191899120808,-0.0008255960378400528,-0.0005801512370436216,8.103185285911755e-05
2111,1625451618.844461,0.0,-0.04054970294237137,0.00024351527099497616,0.006846839562058449,-0.0003776672297657463,0.029167782608474913,0.2763077289933338,-0.004958699457347393,-0.008624395355582237,0.0013251886703073978,0.0010656941605313853,0.0007344198699298684,-0.0002191120213623006
2112,1625451618.8541849,0.0,-0.04052189737558365,0.00022952319704927504,0.006859129294753075,-0.000375972539579196,0.029158223168247253,0.2763100231592484,0.0174118559807539,-0.017146511003375053,-0.0018706046976149082,0.0013624851365518773,0.0012192780805973349,-0.00018294891538426613
2113,1625451618.8641741,0.0,-0.0405367873609066,0.0001838012831285596,0.006863022223114967,-0.00039470408057604156,0.029162314508195668,0.27630969198677063,-0.001762906089425087,-0.010754924267530441,-0.0008053402998484671,-0.00048346935914244586,-6.574075367883662e-05,0.00010721475278219419
2114,1625451618.8745782,0.0,-0.04054109752178192,0.00019936537137255073,0.0068484339863061905,-0.00038685235338158097,0.029170081583924916,0.27630577279953583,0.002498151734471321,-0.007559130899608135,-0.006131662521511316,-0.0005878074569459979,0.00019037781803475973,-4.0224632495734254e-05
2115,1625451618.8843505,0.0,-0.04056525230407715,0.0001816774602048099,0.006838513538241386,-0.00039175082716361165,0.029181907194874526,0.27630786988706535,0.003563416190445423,-0.00968965981155634,-0.008262191899120808,-1.5983658157647955e-05,0.0006715081663226329,-5.762070762807298e-05
2116,1625451618.8941505,0.0,-0.04053987190127373,0.0001760651939548552,0.006843244656920433,-0.00039304338570435304,0.02916769540542774,0.2763071679039805,0.006759209558367729,-0.006493866443634033,0.004520982038229704,-0.00010872989161529644,-3.0685692155298485e-05,5.534959222709684e-05
2117,1625451618.904439,0.0,-0.04057468846440315,0.00017658266006037593,0.00683286227285862,-0.0003957531831093042,0.029181337760922237,0.27630648594828067,0.004628680646419525,0.005224042572081089,0.0023904531262815,-0.0002965486679274165,-0.00017736754016867614,-5.044539555385862e-05
2118,1625451618.9145305,0.0,-0.04056304693222046,0.0001629838370718062,0.0068179648369550705,-0.00039577387795361463,0.029175341062228646,0.27631087948660893,-0.007089228369295597,-0.006493866443634033,-0.0008053402998484671,-0.0002820303162774107,-6.592820319762756e-06,0.00011861891820570705
2119,1625451618.9245248,0.0,-0.04055438190698624,0.00022667919984087348,0.006838561967015266,-0.00037886469866205835,0.029169034669016533,0.27630879382698686,-0.002828170545399189,-0.008624395355582237,-0.0018706046976149082,0.0009565894460214997,-0.0005657018506200774,2.6039707075980143e-05
2120,1625451618.9343174,0.0,-0.04054701328277588,0.00022698313114233315,0.006845781579613686,-0.00037911530845274877,0.02917093106832589,0.27630941834121336,-0.01348081510514021,-0.0011675443965941668,0.005586246494203806,0.0007832790738423966,-0.0004516555861574369,-6.682992253428762e-05
2121,1625451618.999677,0.0,-0.04048303887248039,0.0003247569256927818,0.006852412596344948,-0.00035512970465288035,0.029150418717137902,0.2763109381097446,0.000367622880730778,0.011615629307925701,-0.0008053402998484671,0.0005461946981289744,-0.0012792239405348851,0.0002141128506264027
2122,1625451619.0095186,0.0,-0.0404953733086586,0.00025587904383428395,0.006842190399765968,-0.0003680156344772964,0.029153835441683755,0.2763106502846917,0.011020267382264137,-0.0011675443965941668,0.0002599241561256349,0.0003607531680776384,-0.0008183023532183731,0.00015918048147159627
2123,1625451619.019551,0.0,-0.040496159344911575,0.0002782908850349486,0.006856998428702354,-0.0003712269987721298,0.029157755627006003,0.2763075258665885,-0.000697641575243324,-0.003298073308542371,0.004520982038229704,-0.0005607638243804434,0.0002573951688304808,-3.509470808024289e-05
2124,1625451619.0298412,0.0,-0.040487125515937805,0.0002956936077680439,0.006843922659754753,-0.000363058771577128,0.029153641222129725,0.27631163627604427,-0.000697641575243324,-0.006493866443634033,-0.006131662521511316,0.0002605579650158754,1.6567791403422504e-05,3.5663539870530334e-05
2125,1625451619.040194,0.0,-0.04050622880458832,0.0002047960297204554,0.006830783560872078,-0.00038464176809402395,0.029162619479072956,0.27631050286040465,-0.002828170545399189,0.0009629845153540373,-0.0029358691535890102,-0.000694527582019199,6.749249622505742e-05,6.088756657733852e-05
2126,1625451619.049737,0.0,-0.04049346596002579,0.00020092714112251997,0.006829230114817619,-0.0003828281674522621,0.029158992112212644,0.2763097401783005,0.000367622880730778,-0.004363337531685829,-0.0029358691535890102,-0.0008971869780938165,5.075672074096903e-05,-1.9393992043323027e-05
2127,1625451619.059953,0.0,-0.040568120777606964,0.0002262182824779302,0.0068565551191568375,-0.0003857378718070195,0.029173675432236465,0.27630668358429317,-0.003893435001373291,-0.010754924267530441,-0.0008053402998484671,0.00029349152491446335,0.0005552149143083672,-0.0001175918391093409
2128,1625451619.06963,0.0,-0.04054892435669899,0.00017622153973206878,0.006832340732216835,-0.0003926623638384613,0.029167450378675033,0.27631103300579996,-0.008154492825269699,-0.008624395355582237,0.0002599241561256349,-0.00040246931492053,0.0004353399704951615,-1.620488938597014e-05
2129,1625451619.0798612,0.0,-0.040539585053920746,0.00014162954175844789,0.006807444617152214,-0.008177910430690702,0.025335903151334244,0.27857118905582645,0.016346590593457222,0.008419835940003395,-0.013588514178991318,-0.005263228172375118,-0.0025995540475913163,0.001435431544894279
2130,1625451619.0895467,0.0,-0.04043510556221008,0.0015299280639737844,0.006636118516325951,-0.008172579053995252,0.022618131362811295,0.28198772873526473,0.013150796294212341,0.24384327232837677,0.021565213799476624,-0.01826585535525872,-0.037390221249247006,0.041553851340266
2131,1625451619.156669,0.0,-0.04062585532665253,0.02704162336885929,0.010757090523838997,-0.002179817142055382,0.02209365125598249,0.28194127723747187,0.29651114344596863,-0.06188761815428734,0.29427289962768555,0.4068837268730704,-0.03619741620180446,0.08402015797868012
2132,1625451619.1665108,0.0,-0.038154974579811096,0.026647204533219337,0.013310356065630913,-0.0027098863263242956,0.023307622400337513,0.2816677173610769,0.18039731681346893,0.06807464361190796,0.22822652757167816,0.3011504530312043,0.05821531528037798,-0.005916482317411808
2133,1625451619.1764963,0.0,-0.037637341767549515,0.028876131400465965,0.015527429059147835,-0.002599213929030647,0.02534340531737675,0.2812887158729268,0.009955002926290035,0.3120202124118805,0.2260959893465042,-0.018501536034429996,0.16647512139722817,-0.03206182516631112
2134,1625451619.1866157,0.0,-0.035010796040296555,0.030168455094099045,0.01736556924879551,-0.0027340787315970755,0.021841585261427335,0.2828539859644815,0.12074250727891922,0.2331906259059906,0.17389804124832153,-0.005099320964434698,-0.003645230687089799,0.0374820055744829
2135,1625451619.1966312,0.0,-0.03626624494791031,0.03330221772193909,0.018786275759339333,-0.0019330286098215438,0.022145903149298027,0.28354224685281565,-0.26488322019577026,0.30988967418670654,0.14194010198116302,0.029095919999236237,-0.17208430164877908,0.11392692728968783
2136,1625451619.2065315,0.0,-0.03717617318034172,0.035265982151031494,0.018993454053997993,-0.0015332477956577634,0.02794073142673824,0.28239973978682464,-0.193510502576828,0.06913990527391434,0.03008732944726944,0.0638746164853409,0.22344800553319322,0.00414555203208321
2137,1625451619.21754,0.0,-0.03470514714717865,0.03717924654483795,0.020007668063044548,-0.001440423559185687,0.03212768939197359,0.2815032583756908,0.9974551796913147,-0.24298258125782013,0.1845506876707077,0.03795069128011709,0.5327731645238334,-0.10654587678864359
2138,1625451619.2264018,0.0,-0.031050875782966614,0.03557032719254494,0.02473806031048298,-0.002057708821314272,0.029421279486075223,0.2837121485807763,1.2914681434631348,-0.6786757111549377,0.449801504611969,-0.022255344195065026,0.1038551103655277,0.06915231302694723
2139,1625451619.2364683,0.0,-0.02822272479534149,0.037255845963954926,0.028142394497990608,-0.0014223582957156103,0.03276543143677655,0.2810207390009714,0.10689406841993332,0.1777968853712082,-0.024241158738732338,-0.012740504277967747,-0.016266674420043016,0.005279151262364042
2140,1625451619.2464333,0.0,-0.03196562081575394,0.04387494549155235,0.028485869988799095,0.0006492184260667028,0.03644793345749328,0.2802947554072337,-0.2861885130405426,0.6806017160415649,0.13022220134735107,0.11793044983345086,0.32826099578603374,-0.17561491753058647
2141,1625451619.3126552,0.0,-0.04137886315584183,0.040839456021785736,0.029690781608223915,0.0008882156653690354,0.03765032626432347,0.28560947110456336,-0.3788665235042572,0.013746158219873905,0.16004960238933563,0.03891799590866174,0.33557607639966897,-0.04134659111504912
2142,1625451619.322729,0.0,-0.043628450483083725,0.03897101432085037,0.03191995620727539,0.0003931427135983878,0.038076029090441735,0.2856994647115261,-0.10296303033828735,-0.37294483184814453,0.24420548975467682,-0.08292484929460939,0.1727532126045215,0.014586797428961473
2143,1625451619.3326182,0.0,-0.04578216373920441,0.03625039756298065,0.03254261240363121,-0.00018228270616824083,0.03861882433063588,0.2856931217919587,-0.21375054121017456,-0.3228774070739746,-0.07643911987543106,-0.05257900063157725,0.04764213576601697,0.004301834558078305
2144,1625451619.3427055,0.0,-0.04672708734869957,0.03383847698569298,0.03132125362753868,-0.0005636221443668515,0.038890332007984536,0.28576183603660266,0.1079593300819397,-0.29837632179260254,-0.15207289159297943,-0.04981433830554958,0.042587067695955744,0.001578513454845014
2145,1625451619.3527288,0.0,-0.047031473368406296,0.03286466374993324,0.03008308634161949,-0.0005476027842853601,0.039027948474732226,0.2858152112274956,-0.010285021737217903,-0.16947932541370392,-0.10200546681880951,-0.02251747720119385,0.021390055186172,0.005593975244337005
2146,1625451619.3628478,0.0,-0.04694448038935661,0.03145777806639671,0.029286783188581467,-0.0006814175790241864,0.039159969019846926,0.2858183523827663,0.10582880675792694,-0.22487308084964752,-0.08815702795982361,-0.007374833526541368,0.01230648370170287,0.0034113402452352623
2147,1625451619.3731468,0.0,-0.046280812472105026,0.02964947558939457,0.028598811477422714,-0.0009765733656740896,0.039246942066322114,0.28568702611492697,0.12393829971551895,-0.2855931520462036,-0.06898226588964462,-0.01969653301453682,0.011832594999499558,-0.0054308826699430235
2148,1625451619.3827631,0.0,-0.04609626159071922,0.02685357816517353,0.028052203357219696,-0.0015110427411741331,0.03935310197832783,0.2855317921941473,0.10369827598333359,-0.37614062428474426,-0.0561990924179554,-0.04017628675023029,0.011138902676702393,-0.014452601617175174
2149,1625451619.3926404,0.0,-0.04581331089138985,0.02365482598543167,0.02759513258934021,-0.0021994122999858465,0.03919193948766315,0.28550295240098955,0.029129764065146446,-0.34950903058052063,-0.05939488485455513,-0.06126605779838799,-0.002451239120766346,-0.010107262754788942
2150,1625451619.402678,0.0,-0.045642927289009094,0.020688727498054504,0.027167029678821564,-0.0028091124045001373,0.038934646330856,0.28554344184278657,0.02806449867784977,-0.3005068600177765,-0.0561990924179554,-0.06668877027326253,-0.020233420176138623,-0.0004195397034812724
2151,1625451619.4698942,0.0,-0.04844064265489578,-0.008428203873336315,0.025468185544013977,-0.007017837459198595,0.03336219834478746,0.2939551068378888,-0.05076507106423378,-1.0046466588974,-0.05832961946725845,-0.25652016339892864,-0.027526198041752842,0.018020010030867655
2152,1625451619.48019,0.0,-0.04725178703665733,-0.017978625372052193,0.023913443088531494,-0.0090593411440799,0.032168026154055646,0.29398764330217475,0.07174034416675568,-0.7915937304496765,-0.22557613253593445,-0.39683206049178205,-0.0790063289758251,0.02707665200661063
2153,1625451619.4896734,0.0,-0.04997755214571953,-0.025092752650380135,0.022490601986646652,-0.010499145198839155,0.03253725094019344,0.2937022953852425,-0.20948947966098785,-0.7319389581680298,-0.15952973067760468,-0.1830754435058491,-0.0572381551529859,-0.009835711698756903
2154,1625451619.499614,0.0,-0.04855164885520935,-0.03253253921866417,0.02033071219921112,-0.011893613429492744,0.033300130298137304,0.2930986198013177,-0.26914429664611816,-0.565757691860199,-0.19787925481796265,-0.1547566540650269,0.04537531503384299,-0.04148801736507587
2155,1625451619.5103405,0.0,-0.049240995198488235,-0.036988239735364914,0.01861456036567688,-0.012441395778222578,0.030914254367149452,0.29346378522401567,-0.02945978008210659,-0.38572800159454346,-0.1904224008321762,-0.105860599623397,-0.0381131460531043,-0.01656832624723657
2156,1625451619.5195634,0.0,-0.04929178208112717,-0.03684883937239647,0.015914972871541977,-0.011792547255798452,0.028715895224611432,0.29447800586549344,0.008889738470315933,0.18418847024440765,-0.3054709732532501,-0.0037345076467432173,-0.2157053591550215,0.062290095444212594
2157,1625451619.5294135,0.0,-0.04999471455812454,-0.03534344211220741,0.012788958847522736,-0.011416158390713874,0.0350679277657715,0.29386758881545727,-0.35330018401145935,0.17886213958263397,-0.23835930228233337,0.049083204273371865,0.12054976314861458,0.04066150147942891
2158,1625451619.5394619,0.0,-0.049177300184965134,-0.035175878554582596,0.011714737862348557,-0.011585388848185663,0.038178022867315836,0.2929901911717159,0.1910499632358551,-0.11302031576633453,-0.0838959664106369,0.018443442841563754,0.48869428749648475,-0.06821255539371004
2159,1625451619.5496843,0.0,-0.04988120123744011,-0.035136882215738297,0.01126999780535698,-0.01159627629970697,0.03055525711445406,0.2957798912910954,-0.15409572422504425,0.17566634714603424,0.004520982038229704,-0.008969775929959763,-0.1316609326062167,0.06609366472226101
2160,1625451619.5595975,0.0,-0.04895932227373123,-0.03954215347766876,0.012583799660205841,-0.012622925752960382,0.027701016200037343,0.2989658103033181,0.17933204770088196,-0.7351347208023071,0.18881173431873322,-0.04452047536247636,-0.5529793019442789,0.2894214777026371
2161,1625451619.6262352,0.0,-0.044261589646339417,-0.035216860473155975,-0.005175255239009857,-0.011795807774682796,0.03430326338483097,0.2966385705606291,-0.16474837064743042,0.5591616034507751,-0.25753408670425415,0.030875891348523556,-0.2064294784444337,0.1892351357120684
2162,1625451619.6366537,0.0,-0.04452425613999367,-0.034159187227487564,-0.007622474804520607,-0.01179424245269927,0.03521465221613914,0.29676835252424716,-0.12213779240846634,0.1405126303434372,-0.19894452393054962,0.08657249099972529,0.021467820910536586,0.029012239540227754
2163,1625451619.6462126,0.0,-0.04401380196213722,-0.036219675093889236,-0.009847160428762436,-0.012697259105506176,0.03556762063667405,0.29679413408738453,-0.009219757281243801,-0.12260769307613373,-0.20320558547973633,-0.03480930366651685,0.07101174148332107,0.007010005172900232
2164,1625451619.6559753,0.0,-0.042971204966306686,-0.04133704677224159,-0.011429807171225548,-0.014380130063682217,0.03515304126722873,0.2969775789152916,0.02060764841735363,-0.45923125743865967,-0.18509608507156372,-0.12533162311498072,0.004232834187101687,0.008239909063012639
2165,1625451619.6665125,0.0,-0.04289330542087555,-0.04444555938243866,-0.012015199288725853,-0.015396373722107892,0.035796166352528934,0.29692141300443764,-0.05396086722612381,0.08724940568208694,-0.007196926977485418,-0.13940350802031437,0.0023475175005062163,0.007420896514403984
2166,1625451619.6762247,0.0,-0.04381079226732254,-0.041896186769008636,-0.012314584106206894,-0.01478204037559891,0.037137769590216745,0.2967097575116621,-0.06674403697252274,0.46222248673439026,0.04180523753166199,-0.0294592067515374,0.09398481994984381,-0.01272298862995494
2167,1625451619.6863596,0.0,-0.04476570710539818,-0.03785097599029541,-0.011803772300481796,-0.013795559311765536,0.03791654496685961,0.29649873820654493,-0.18711891770362854,0.6188163757324219,0.09293793141841888,0.0749482938514745,0.10993712283972601,-0.02240366231832257
2168,1625451619.6961515,0.0,-0.04541309177875519,-0.0347946397960186,-0.010467816144227982,-0.013148317856743919,0.03864721076665913,0.296325257454833,-0.10935461521148682,0.428134024143219,0.1760285645723343,0.08666417571603696,0.07832814548971044,-0.020444618862897376
2169,1625451619.706177,0.0,-0.04679569602012634,-0.03336798772215843,-0.008447451516985893,-0.013034049242326345,0.03931847359952557,0.29630881330973935,-0.04650401324033737,0.13412104547023773,0.21011702716350555,0.04846461465601876,0.07497012635953834,-0.0117721268579113
2170,1625451619.716256,0.0,-0.04770780727267265,-0.0323411300778389,-0.0063808392733335495,-0.012970370140058238,0.03984573394636261,0.29630718278572254,-0.0496998056769371,0.14370842278003693,0.2314223200082779,0.013057259356483157,0.06141706620733129,-0.0014042909133316422
2171,1625451619.7827585,0.0,-0.05238844454288483,-0.004998316522687674,0.003256235271692276,-0.005173385392886018,0.040221978686747206,0.2981745465635587,0.005693945102393627,0.5016372799873352,0.039674706757068634,0.09033346477010966,0.032930750561340934,0.0005282938623842596
2172,1625451619.792737,0.0,-0.05340101569890976,-0.0002340511418879032,0.002616889774799347,-0.0044326583215842374,0.03447312978081113,0.3031155995959117,-0.3778012692928314,0.3716750144958496,0.003455717582255602,0.09540128788854738,-0.026862921433399023,0.05008289873469355
2173,1625451619.8030617,0.0,-0.056483637541532516,0.00610657362267375,0.0025967322289943695,-0.0030699839805395923,0.03450589189703862,0.3047556225771277,-0.5588961839675903,0.6518396139144897,0.03754417970776558,0.10391976270225987,-0.24978418547375758,0.2881688284799045
2174,1625451619.8125834,0.0,-0.0586518794298172,0.010579915717244148,0.003626752644777298,-0.0020213339319817697,0.041507315390896124,0.30256428495879845,-0.30749380588531494,0.6039026975631714,0.097198985517025,0.12189933281214221,0.22988684676132037,0.033359396525571426
2175,1625451619.822574,0.0,-0.06614740937948227,0.019175175577402115,0.0012386087328195572,3.656448107065835e-05,0.04536901167141687,0.30114434401100626,-0.2915148437023163,0.7786060571670532,-0.2820351719856262,0.16133104710560017,0.5984780791203832,-0.18599648111309558
2176,1625451619.832491,0.0,-0.06861989200115204,0.02400209568440914,0.0011846143752336502,0.0006372001028244617,0.03793668434235328,0.30343595493264885,0.054696109145879745,0.3525002598762512,0.24207496643066406,0.1451038319115942,-0.08782929324470126,0.010030622137621884
2177,1625451619.8426876,0.0,-0.07156050205230713,0.031997229903936386,0.0026392564177513123,0.0023349485043069884,0.03898370087600328,0.3031468159242262,-0.45023924112319946,0.8798061609268188,0.19307279586791992,0.11746650603507694,-0.368200752514508,0.11503332274261031
2178,1625451619.8525913,0.0,-0.07540921121835709,0.04004242643713951,0.0044470056891441345,0.004313050822649309,0.048338244212315765,0.3003541099822849,-0.3501043915748596,0.5506394505500793,0.2782939374446869,0.1911920611913651,0.44572427225742833,-0.12591308415469174
2179,1625451619.8625891,0.0,-0.07660463452339172,0.04664686694741249,0.006695866584777832,0.005531676352022716,0.0479616065764326,0.2998820085089666,-0.5620920062065125,0.7487786412239075,0.3187739849090576,0.16849433613562287,0.5592722496450723,-0.20328176630515124
2180,1625451619.8728013,0.0,-0.08017461001873016,0.05354634299874306,0.008832495659589767,0.006842029835404773,0.04307544001614429,0.30203506029862043,-0.2030978947877884,0.6145553588867188,0.20905175805091858,0.12748774848362532,-0.18047568290611513,0.0448844434189831
2181,1625451619.9397218,0.0,-0.06640016287565231,0.0714360773563385,0.026216519996523857,0.010935411969013244,0.05533117375048084,0.300717151615789,1.6600496768951416,-0.44218704104423523,-0.19468346238136292,0.28829938789256215,-0.2853513713932434,0.12663906362625577
2182,1625451619.9498665,0.0,-0.06846264749765396,0.08751598000526428,0.021251974627375603,0.01566965235227131,0.05930873320874579,0.30079709760333695,-0.35330018401145935,0.7242775559425354,-0.012523249723017216,0.4159852980200855,0.09631335046988482,0.03295353795569291
2183,1625451619.9595299,0.0,-0.06770458817481995,0.09908055514097214,0.026809485629200935,0.018774063080256607,0.06284629009078313,0.30138081918185733,-0.2819274663925171,1.749061942100525,0.8151872754096985,0.3638849190094916,0.3316145188771471,0.03547235524615401
2184,1625451619.969561,0.0,-0.06756637245416641,0.10133887827396393,0.03830315172672272,0.018957395400880504,0.0657943573796981,0.30177657577142586,-0.8880628943443298,0.3205423057079315,1.1464844942092896,0.2170070578814331,0.3242309570518507,0.05426266692716063
2185,1625451619.979544,0.0,-0.07125730067491531,0.10336730629205704,0.04215894639492035,0.01938262787152844,0.06916172256864339,0.30174702537527553,-1.3471919298171997,-0.09810661524534225,0.06524105370044708,0.06489842129918427,0.304071048333392,0.029340123813202154
2186,1625451619.9897249,0.0,-0.07524292916059494,0.10124313086271286,0.03955855220556259,0.01902989251014158,0.07121617479664163,0.30231838698923064,0.140982523560524,0.1916453242301941,-0.5962881445884705,-0.006196285536712104,0.3164663775769202,0.013763816951276596
2187,1625451619.999669,0.0,-0.0740150436758995,0.10162845253944397,0.03521789610385895,0.019488719559811726,0.07111145135663532,0.303228252832202,0.1963762789964676,-0.6541746258735657,0.1153084859251976,0.01563648587924458,0.144814394073109,0.05662674823077317
2188,1625451620.010059,0.0,-0.07769070565700531,0.10015054047107697,0.03548971563577652,0.019240932146854066,0.07269169768765145,0.30368433127087086,-0.6664878726005554,0.2758012115955353,0.046066295355558395,0.0080717552971273,0.057365162910031076,0.07247320483444127
2189,1625451620.0199094,0.0,-0.08491574227809906,0.10618513822555542,0.034949928522109985,0.020965030954451423,0.07636200091602996,0.30324817324468817,-0.014546079561114311,0.38765397667884827,-0.04554644972085953,0.06130391613214283,0.25792079407280766,0.005728984777996238
2190,1625451620.029586,0.0,-0.08837242424488068,0.1099095493555069,0.034657396376132965,0.021927779066639543,0.07971476559408772,0.30228414930782355,-0.5258730053901672,0.34610867500305176,-0.021045364439487457,0.14227135728853307,0.36536598830046757,-0.0686701436850795
2191,1625451620.1007366,0.0,-0.11802325397729874,0.12084613740444183,0.027164271101355553,0.02504966436167226,0.09358193542556402,0.2971221434233938,-0.15835678577423096,0.10642416030168533,-0.05939488485455513,0.19277073403516978,0.5950983145513677,-0.17517390745196817
2192,1625451620.1104517,0.0,-0.1201784610748291,0.12175159156322479,0.026346446946263313,0.025302159098904542,0.09466251034814016,0.2967224709091646,-0.13918201625347137,0.032920919358730316,-0.06152541562914848,0.15565096773312415,0.4858091503057055,-0.15131543981742354
2193,1625451620.1204336,0.0,-0.12224577367305756,0.1214442029595375,0.02566438354551792,0.025208175107782498,0.09571259419489696,0.29629164545910835,-0.12320305407047272,-0.13645613193511963,-0.07111279666423798,0.014963941639217562,0.11745935801171556,-0.04501634642127566
2194,1625451620.130421,0.0,-0.12401462346315384,0.11981899291276932,0.025165604427456856,0.020780252182155,0.08054084282988633,0.29817206218937453,-0.06780930608510971,-0.2163509726524353,-0.06152541562914848,-0.0029485853781254564,0.0954694301517673,-0.03782136803246618
2195,1625451620.1405258,0.0,-0.12613458931446075,0.11814607679843903,0.024980692192912102,0.020316286461293687,0.079481036586612,0.3011713433259121,-0.06993982940912247,-0.28878894448280334,-0.06791700422763824,-0.009262105184548876,0.0822137686576544,-0.02856626663066031
2196,1625451620.1505196,0.0,-0.1268964260816574,0.11721384525299072,0.02385527826845646,0.020018784340865167,0.07821382774597017,0.3039170499394598,-0.17220522463321686,-0.09384555369615555,0.014108361676335335,-0.031797043379080826,-0.057301599928408484,0.18755968031125858
2197,1625451620.160411,0.0,-0.13051174581050873,0.11660349369049072,0.022801654413342476,0.01990529104627216,0.07955732091163004,0.30330845886322233,0.16228781640529633,-0.34844374656677246,-0.07217805832624435,-0.01981841876531486,0.003536676312671485,0.1193150397879343
2198,1625451620.1706877,0.0,-0.1310393363237381,0.11013413220643997,0.024839358404278755,0.01864704189851342,0.07966481548196042,0.303452549271778,-0.1381167620420456,-0.7468526363372803,-0.0018706046976149082,-0.06175014065649143,0.06108557104690247,-0.010541303014288933
2199,1625451620.1805968,0.0,-0.1295522153377533,0.10098177939653397,0.025178974494338036,0.016692788200803665,0.07802003510130666,0.3039939518300733,0.24857424199581146,-0.8810759782791138,-0.06898226588964462,-0.16047486976936542,-0.060342609045163954,0.027686913311724032
2200,1625451620.1903317,0.0,-0.13237012922763824,0.09413181990385056,0.02474660985171795,0.016084628072273413,0.07807018502959465,0.3036269280991299,-0.20203262567520142,-1.0142340660095215,-0.14142024517059326,-0.13719251317341363,-0.07822998305416155,0.006593015939247973
2201,1625451620.2583067,0.0,-0.13181129097938538,0.052851732820272446,0.008950261399149895,0.013668779917824336,0.07922557599079923,0.3041487926507105,0.17187519371509552,-0.4986460506916046,-0.3757784366607666,-0.5991598710102848,-0.05325392738893004,0.05670379176932075
2202,1625451620.2685633,0.0,-0.12660524249076843,0.048191316425800323,0.002537468448281288,0.013461395236408637,0.07842618508545446,0.30469978624346505,0.15056991577148438,-0.1417824625968933,-0.6825745701789856,-0.5285991877387571,-0.08694969952702054,0.09563569101590759
2203,1625451620.2779973,0.0,-0.12507179379463196,0.043887924402952194,-0.0032360758632421494,0.012933989023010115,0.08099113292222399,0.30401206101137906,0.1399172693490982,-0.5135596990585327,-0.46526065468788147,-0.04112890852129683,0.0661481452336542,0.018188901926010026
2204,1625451620.2883027,0.0,-0.12649096548557281,0.0371708981692791,-0.004800604656338692,0.011434069923489512,0.08480666246142085,0.3012781891213391,0.018477119505405426,-0.47840601205825806,-0.41945427656173706,-0.09477617419729908,0.2999184485253252,-0.1512187323203695
2205,1625451620.2981544,0.0,-0.12483035027980804,0.030209729447960854,-0.007974257692694664,0.009828348962519155,0.08462201953975385,0.30156363126217595,0.16441835463047028,-0.8427264094352722,-0.37897422909736633,-0.15348990489327066,0.20802432242529084,-0.14493589401882528
2206,1625451620.307977,0.0,-0.1237802654504776,0.02692629024386406,-0.01397639513015747,0.009281462436020967,0.08253494396286526,0.30493744479006923,0.2283342182636261,-0.09384555369615555,-0.5430248975753784,-0.11947742310620568,-0.0778601983580493,0.14770885610800985
2207,1625451620.3181152,0.0,-0.12015803158283234,0.020023470744490623,-0.017334312200546265,0.0075364923089389566,0.08056159151565032,0.30826048232879,0.5127598643302917,-0.7724189758300781,-0.4034753143787384,-0.11459863872753112,-0.21247150054314512,0.33535493836732627
2208,1625451620.3280528,0.0,-0.11758739501237869,0.013249960727989674,-0.019626285880804062,0.005757783282438249,0.08129939192062616,0.30908326548514137,-0.15942203998565674,-0.17693617939949036,-0.3054709732532501,-0.1804179656445234,-0.10739265766663474,0.23826023543401567
2209,1625451620.3380165,0.0,-0.1190677210688591,0.010138170793652534,-0.02090081200003624,0.0051071622303675915,0.08286510126604202,0.3087147898391009,0.2240731567144394,-0.6371303796768188,-0.06152541562914848,-0.13033840822020387,0.1099940249513325,0.03778728460455662
2210,1625451620.3480186,0.0,-0.11780916154384613,0.005010981112718582,-0.02126745507121086,0.003858266894728242,0.08270093017821926,0.30904178329739984,0.0706750750541687,-0.5487134456634521,-0.07111279666423798,-0.09401672292262883,0.08992938619396063,-0.01064531352453853
2211,1625451620.4139323,0.0,-0.10816721618175507,-0.015178300440311432,-0.010417768731713295,-0.002586777597676039,0.07719202472748452,0.3116682421786271,0.22620368003845215,-0.3931848704814911,0.25592339038848877,-0.3757774132837685,-0.1691486635468808,0.024071950573537785
2212,1625451620.4235914,0.0,-0.10641444474458694,-0.019519032910466194,-0.007599521428346634,-0.004044363384392652,0.07652778187583884,0.3113046625635339,0.2837279736995697,-0.4443175494670868,0.20052964985370636,-0.39200730226555774,-0.2059339836550056,-0.005413281085202394
2213,1625451620.4335864,0.0,-0.10411349684000015,-0.02286117523908615,-0.005151558667421341,-0.005273427910150924,0.07627288152925907,0.3108708814656192,0.27201005816459656,-0.25576576590538025,0.20585596561431885,-0.14193740060457236,-0.05529014089482699,-0.038850680920818344
2214,1625451620.4435556,0.0,-0.10144717991352081,-0.02401346154510975,-0.0035051051527261734,-0.005869006493777293,0.07529061239882741,0.31063613006639595,0.2688142657279968,0.03398618474602699,0.12702639400959015,-0.09996587041580667,-0.05566747242441967,-0.03679062262032943
2215,1625451620.4535892,0.0,-0.09951256960630417,-0.022759592160582542,-0.0027669984847307205,-0.00577491374936525,0.07367446851562773,0.31092381629296595,0.1079593300819397,0.24490854144096375,0.09826425462961197,-0.03341421397296161,-0.1217840542134789,-0.003464561779947515
2216,1625451620.4636288,0.0,-0.09885931760072708,-0.021360766142606735,-0.0012583043426275253,-0.005703011626512745,0.0724716741514643,0.3111158318536,0.014216060750186443,0.08618413656949997,0.21011702716350555,0.00975639087896229,-0.14614147202907599,0.023863590943483455
2217,1625451620.473733,0.0,-0.09848807752132416,-0.022313227877020836,0.0006928462535142899,-0.0062768892208582144,0.07148378287374949,0.31114029722890835,-0.059287186712026596,-0.14923930168151855,0.17389804124832153,-0.016212739849764336,-0.11651440345402488,0.014442253450439303
2218,1625451620.48357,0.0,-0.09864401072263718,-0.024653388187289238,0.002273470163345337,-0.007404710143385451,0.06768685659746337,0.31096112327671094,-0.04650401324033737,-0.19717620313167572,0.12276533991098404,-0.004119921756453195,-0.10892023885895888,0.018510780465522365
2219,1625451620.4935875,0.0,-0.09828246384859085,-0.02645837888121605,0.0030226949602365494,-0.008848501631099556,0.0675513890372141,0.3128641273162056,0.21661630272865295,-0.18971934914588928,0.05778420343995094,0.006089076228430261,-0.10008993632322516,0.023064111251901193
2220,1625451620.5034275,0.0,-0.09540986269712448,-0.027346206828951836,0.0035638678818941116,-0.010231036252962303,0.06345915421161524,0.3153009354386632,0.07600139826536179,0.42919930815696716,-0.21279296278953552,-0.10284480833995066,-0.18930963588460928,0.173727609316701
2221,1625451620.5727408,0.0,-0.04672660678625107,-0.03161245584487915,0.02298712357878685,-0.014891767352556776,0.06518474116727509,0.3105457366505385,0.9218214154243469,-0.49651551246643066,0.5552627444267273,-0.15573213792900212,-0.888336687703947,0.053263500282952334
2222,1625451620.5824196,0.0,-0.03514094278216362,-0.034785568714141846,0.027629584074020386,-0.01570072548693159,0.06566447209820102,0.3100104749059518,1.0262173414230347,-0.2994416058063507,0.4253004491329193,-0.15007104999527646,-0.5843811759616401,-0.04716752032469809
2223,1625451620.5923684,0.0,-0.02373116835951805,-0.03918471187353134,0.03161909803748131,-0.01676667635385086,0.06744926655617886,0.3090564005743624,1.2339439392089844,-0.6882631182670593,0.3709719479084015,-0.10894393430350352,0.06696919357273573,-0.06970419841856583
2224,1625451620.602347,0.0,-0.011853314004838467,-0.04533521458506584,0.0357789546251297,-0.018614383095635192,0.06557926880621191,0.30952410285740894,1.0134341716766357,-0.8374001383781433,0.3933424949645996,-0.13776074721584733,0.055265757105582874,-0.039287779119098594
2225,1625451620.6123164,0.0,-0.002890316303819418,-0.054078876972198486,0.03919539973139763,-0.0214603928919935,0.057145273814018446,0.31248780187249375,0.722616970539093,-0.8523138165473938,0.3102518618106842,-0.2361550586962044,-0.4995497625063506,0.16010022139803617
2226,1625451620.6223488,0.0,0.003162343055009842,-0.05001101642847061,0.03940201550722122,-0.02077676810982665,0.057205314287730326,0.3139817450123075,-0.05289560183882713,0.6806017160415649,-0.4396943151950836,-0.14922361801357795,-0.5441444285104642,0.2451332625282226
2227,1625451620.6325705,0.0,0.0013856199802830815,-0.04021754488348961,0.03398227319121361,-0.018007652882270228,0.06275562650297888,0.3131092940744865,-0.27873167395591736,0.14903473854064941,0.4071909487247467,0.1625834564782498,0.22842250628891653,0.06797719935476716
2228,1625451620.6425052,0.0,-0.006672854069620371,-0.026471678167581558,0.03855246305465698,-0.014431830966423267,0.06440359839461797,0.3121264458649049,-0.535460352897644,-0.2163509726524353,0.5989385843276978,0.33107377001103844,0.40837215568357704,-0.0940410921695688
2229,1625451620.6530683,0.0,-0.006797098554670811,-0.028961027041077614,0.05349760130047798,-0.015298629776143768,0.06200785377315273,0.31298518405854436,0.07493613660335541,-0.5891935229301453,1.8389062881469727,0.16106518983698329,0.014529341914785793,-0.02601799895640782
2230,1625451620.6625707,0.0,-0.009770004078745842,-0.03123706765472889,0.06029468774795532,-0.016615850344755337,0.06106791297170055,0.3145715416241085,-0.06567877531051636,0.326933890581131,-0.4045405685901642,-0.10461957085757219,-0.17177893068941708,0.11892638960925708
2231,1625451620.7316785,0.0,-0.022013938054442406,-0.01765412464737892,0.052727244794368744,-0.01588600232752503,0.06771183464662722,0.31393525314567067,-0.17433574795722961,0.07340096682310104,-0.07750438153743744,0.1036395242201985,0.14765456710740252,0.09704969007553119
2232,1625451620.7409701,0.0,-0.02295600436627865,-0.018467137590050697,0.05167123302817345,-0.01646828253385682,0.06866988617556069,0.31370385000830764,-0.09976723790168762,0.010550364851951599,-0.12863706052303314,0.15654766411083892,0.2769000862302765,-0.0010363224517935556
2233,1625451620.7512014,0.0,-0.023586593568325043,-0.017839714884757996,0.05004941672086716,-0.016716263343184337,0.0686787668606404,0.3139307569061759,-0.04650401324033737,0.20549376308918,-0.15739920735359192,-0.04294466145470229,0.06998278955453034,-0.007665112639850754
2234,1625451620.7610774,0.0,-0.024363016709685326,-0.015977704897522926,0.048431698232889175,-0.01650296804201247,0.06855863101943722,0.31424334622045597,-0.017741871997714043,0.1916453242301941,-0.14142024517059326,-0.005252791769583464,-0.004446425276295472,0.025506895262851666
2235,1625451620.770777,0.0,-0.02555112913250923,-0.014501476660370827,0.047027356922626495,-0.01635072366238901,0.07036345074778612,0.3140071603454923,-0.023068195208907127,0.14157788455486298,-0.12970232963562012,0.019459872987818396,0.06711929213272219,0.00991058600544532
2236,1625451620.7810924,0.0,-0.025577062740921974,-0.012923305854201317,0.04513510689139366,-0.016162843098068147,0.07134956568874185,0.3136743193010061,-0.12107252329587936,0.342912882566452,-0.22238034009933472,0.016658815052538217,0.14392356966046618,-0.026667654240579295
2237,1625451620.790782,0.0,-0.02601284720003605,-0.009275542572140694,0.04307069629430771,-0.015364328728464875,0.07168607887921892,0.31361281942087754,0.036586612462997437,0.48139724135398865,-0.18829187750816345,0.046236597666056097,0.07685241484133243,-0.022445689171283895
2238,1625451620.800998,0.0,-0.027101395651698112,-0.005412291269749403,0.04149385169148445,-0.014461444217445253,0.0723641263645253,0.31371088064559677,-0.037981897592544556,0.2928454577922821,-0.12224549055099487,0.08746167713618838,0.049784565411570954,0.00039649497902638324
2239,1625451620.8110628,0.0,-0.027448903769254684,-0.004508340731263161,0.04083544760942459,-0.014344520945035154,0.07302390551265554,0.313738718234277,-0.10402829200029373,0.16075265407562256,-0.057264357805252075,0.0574212703618518,0.06552106700337977,0.006848636732165202
2240,1625451620.8211794,0.0,-0.027939893305301666,-0.0035799138713628054,0.040188077837228775,-0.014206083860573392,0.07373821662919411,0.3137728129223181,0.051500316709280014,0.06274832040071487,-0.07111279666423798,0.016830591794269576,0.07242950118246827,0.0037276963586102847
2241,1625451620.8886454,0.0,-0.04029237851500511,-0.01976453885436058,0.036370899528265,-0.016087828430244727,0.059061310970431075,0.3273916946181292,-0.35862651467323303,-0.4070332944393158,-0.39282265305519104,-0.13994448771215748,0.11540670413031066,0.02560983293171366
2242,1625451620.8984594,0.0,-0.04023001715540886,-0.02370643988251686,0.031585294753313065,-0.01618128977739096,0.058850976813874606,0.32700437803020005,0.3721449077129364,-0.6126292943954468,-0.5195891261100769,-0.1796979663675509,0.08051934723833791,0.013468012485519626
2243,1625451620.908368,0.0,-0.04030170291662216,-0.02528335526585579,0.027432456612586975,-0.01568426536861818,0.06058503637131041,0.3263470271186042,0.10156774520874023,-0.34418269991874695,-0.3427552282810211,0.015302732824673006,0.06728764008855101,-0.047233434502611235
2244,1625451620.9185016,0.0,-0.03816942870616913,-0.025957057252526283,0.02366561070084572,-0.015027939561596135,0.060945005370900446,0.3258816025839264,0.06641402095556259,0.2608875036239624,-0.3853658139705658,0.04597302073262466,0.10504923822079566,-0.06138451221232186
2245,1625451620.9285913,0.0,-0.036732058972120285,-0.021309860050678253,0.019878622144460678,-0.013430596095881417,0.05991075767615889,0.3264450286094363,0.20809419453144073,0.47074460983276367,-0.3257110118865967,0.1065736893494518,-0.006929420989567126,-0.0027553936005225515
2246,1625451620.9385066,0.0,-0.03534412756562233,-0.016313418745994568,0.017464973032474518,-0.0118895550884133,0.05930646703249334,0.3270103725626682,-0.04437348619103432,0.5730100274085999,-0.1765739619731903,0.15920570430581044,-0.08201256173224969,0.05646996451748849
2247,1625451620.9485853,0.0,-0.034311432391405106,-0.014808408915996552,0.01664773002266884,-0.011439251702957592,0.06052385006729816,0.3275085200270082,0.2741405963897705,-0.24830889701843262,0.010912568308413029,0.11844632237604209,0.007858596679176693,0.060357892226533934
2248,1625451620.9584856,0.0,-0.031927306205034256,-0.016295000910758972,0.016147032380104065,-0.011902649204770618,0.062057283764192395,0.32779490873387274,0.30929431319236755,-0.20995938777923584,-0.08709175884723663,0.014781835892746243,0.1450387676188534,0.043491491661889356
2249,1625451620.9688082,0.0,-0.02853395603597164,-0.018508149310946465,0.014941830188035965,-0.01263346501492009,0.058589563682680784,0.3288312388776681,0.3636228144168854,-0.44644808769226074,-0.13715918362140656,-0.05742436626121985,-0.05420906455890014,0.06056064589183688
2250,1625451620.9785202,0.0,-0.02781258150935173,-0.01879337802529335,0.012984789907932281,-0.012443043619724002,0.058230569920875434,0.3328301360898013,0.29544588923454285,-0.05016971006989479,-0.14674656093120575,-0.030217165252185946,-0.18630124327653702,0.21643595529850163
2251,1625451621.0515954,0.0,-0.035998113453388214,-0.0030221068300306797,-0.002130569890141487,-0.010276090807254022,0.05386819708736416,0.33843700978998204,0.030195029452443123,-0.48373234272003174,0.059914734214544296,0.32085826967098496,0.07842355221127191,0.22551505618695597
2252,1625451621.0615177,0.0,-0.03619368374347687,-0.005200673826038837,-0.003172634169459343,-0.011035592296647495,0.05328386723272143,0.3385670064505613,-0.07420089095830917,-0.07147499918937683,-0.22024981677532196,0.2831892896771228,0.08454032938003837,0.046686838362995545
2253,1625451621.0716903,0.0,-0.036391641944646835,-0.005395841784775257,-0.0057933032512664795,-0.011182960398126135,0.05154486360793766,0.33914140930742637,-0.03691663593053818,0.25769171118736267,-0.2873614728450775,-0.04525621782097318,-0.1025338836823115,0.029035245641747774
2254,1625451621.0817778,0.0,-0.03615667670965195,-0.004509837832301855,-0.007696215063333511,-0.010937700142636314,0.050215478435942165,0.3398838912584139,-0.027329253032803535,0.05955253168940544,-0.14142024517059326,0.0014461627960237508,-0.15422633441205244,0.06353913777398587
2255,1625451621.0918934,0.0,-0.03442440927028656,-0.008851788006722927,-0.007436318323016167,-0.01208046615326256,0.05055226087292715,0.33972402701364934,0.1910499632358551,-0.39105433225631714,0.11211269348859787,-0.026094965180035123,-0.06218085775141708,0.038840552619653516
2256,1625451621.1022394,0.0,-0.0327153354883194,-0.010016635060310364,-0.0071656908839941025,-0.012389900269846196,0.050451052900840024,0.33932850668355863,0.12500356137752533,0.0797925516963005,-0.03808959573507309,-0.07228362034036674,0.010249613416130052,-0.023019553433152005
2257,1625451621.1120758,0.0,-0.03142106533050537,-0.006274612154811621,-0.008694937452673912,-0.011335279240972378,0.049756110124188374,0.3393562758113947,0.06641402095556259,0.6315995454788208,-0.1904224008321762,0.008953905689718416,-0.030681532512848338,-0.0242131451729859
2258,1625451621.121725,0.0,-0.030912408605217934,0.00046755446237511933,-0.010119404643774033,-0.009403632319906666,0.04905741094277435,0.3397058310223555,-0.011350286193192005,0.643317461013794,0.006651510950177908,0.1392942247057484,-0.06734239119973197,0.01461804564467121
2259,1625451621.1317103,0.0,-0.030664198100566864,0.0042958939447999,-0.009313207119703293,-0.008240993030738664,0.048932278435141856,0.33975915696521514,-0.0358513705432415,0.25875696539878845,0.1483316868543625,0.16895724529334447,-0.04894920817225024,0.023678532803909132
2260,1625451621.141876,0.0,-0.030449790880084038,0.0038847201503813267,-0.006409740075469017,-0.008227494012320542,0.04876158953628072,0.3397886926668458,0.10369827598333359,-0.18119724094867706,0.3976035714149475,0.07736399022458863,-0.014581979217179838,0.006369354919537491
2261,1625451621.2133622,0.0,-0.030279051512479782,0.022881554439663887,0.0004493109881877899,-0.005814814183997666,0.03271628391748134,0.360345919928479,-0.2265337109565735,0.6465132832527161,-0.19894452393054962,0.1082448973718448,-0.029950850848550824,0.01448278041023849
2262,1625451621.2232103,0.0,-0.031973011791706085,0.0287987869232893,-0.0012553278356790543,-0.0046510089019500545,0.035268297913598326,0.360341938592955,-0.342647522687912,0.8957851529121399,-0.1542034149169922,0.20940471581526307,0.06806370793494843,0.013974045174612178
2263,1625451621.2333968,0.0,-0.03485040366649628,0.03619788959622383,-0.002734854817390442,-0.003171257215457038,0.03567076497682324,0.36057258461101427,-0.2723400890827179,0.5453131198883057,0.008782039396464825,0.14113180752470872,0.17589829807304264,0.006601896300605658
2264,1625451621.243003,0.0,-0.036485809832811356,0.042205166071653366,-0.0016306862235069275,-0.002412929609913253,0.031918124474437135,0.3607663538360087,-0.17753154039382935,0.6262732744216919,0.26124972105026245,0.11513202601876701,-0.12924174521218054,0.02128928207871247
2265,1625451621.2532098,0.0,-0.03930549696087837,0.04923592880368233,-0.0002192128449678421,-0.0008855541170738196,0.03089049913076128,0.36057744749093856,-0.7154900431632996,1.044922113418579,0.08122002333402634,0.1030589257349233,-0.28082588211090487,0.005841386083568142
2266,1625451621.2635064,0.0,-0.039822760969400406,0.0529915876686573,0.0023770909756422043,-0.0002564130089671851,0.03893838630490809,0.35908171688023993,0.13885200023651123,0.4377214014530182,0.3741677403450012,0.11487588777322323,0.27708928261030025,-0.06706976158068942
2267,1625451621.2734928,0.0,-0.039523255079984665,0.05494140833616257,0.005198312923312187,-0.0001624554806062828,0.04068047065726538,0.3585385247965055,-0.6494436860084534,0.6028374433517456,0.364580363035202,0.04276257831350768,0.5184469549943304,-0.10888195786253263
2268,1625451621.2834785,0.0,-0.03856038302183151,0.053382355719804764,0.010121418163180351,-0.0008577995248412601,0.031756732325058545,0.3610474871750847,0.3348606526851654,-0.11302031576633453,0.40612566471099854,-0.028190768792751376,-0.2311740237148992,0.07061293536377099
2269,1625451621.2932334,0.0,-0.03616078197956085,0.05535489693284035,0.010850494727492332,-0.0005685468896689527,0.029158214538464636,0.36212190542563694,-0.20416314899921417,0.17992740869522095,-0.05513382703065872,-0.02441881014796762,-0.6155139585634344,0.18753219721454367
2270,1625451621.3032184,0.0,-0.0389816053211689,0.0578036792576313,0.009945167228579521,0.0005374253686007691,0.040059820248684805,0.3612762662258859,-0.1327904313802719,-0.26002681255340576,-0.04448118433356285,0.07115815610602448,0.2515922002757637,0.04186989456213076
2271,1625451621.3714979,0.0,-0.026969609782099724,0.07081982493400574,0.03216366469860077,0.004763709675785703,0.03910428612361173,0.3637835801832018,-0.1700746864080429,-0.835269570350647,1.502282738685608,0.2370976532666189,0.4060161376508021,0.01553955823146268
2272,1625451621.3810875,0.0,-0.028446396812796593,0.0664597675204277,0.03738585114479065,0.003777785039164254,0.038677553226152274,0.3650314630400908,-1.1788800954818726,-0.6509788632392883,0.1941380649805069,0.12389916011976201,-0.16064477962169318,0.12477774334456905
2273,1625451621.3917222,0.0,-0.031830113381147385,0.05829862132668495,0.036072760820388794,0.0017076840091759665,0.039428467011056734,0.36594181582125407,0.4179512858390808,-0.4752102196216583,-0.26712146401405334,-0.15749414638390835,0.0034116120906120114,0.11916840355575248
2274,1625451621.4012475,0.0,-0.024355662986636162,0.053448956459760666,0.03434086591005325,0.0007735441521975472,0.039010296820792774,0.36593894086234285,0.8089033961296082,-1.1133036613464355,-0.13715918362140656,-0.14638902809610685,0.0370528760210244,0.054676422551474084
2275,1625451621.4112263,0.0,-0.029600271955132484,0.05699405446648598,0.035132475197315216,0.002262075542304849,0.04019767236970009,0.3660721883409438,-0.6579657793045044,0.5889890193939209,0.029022064059972763,0.007724482165196868,0.03622428352700872,0.0073610013381221
2276,1625451621.4212153,0.0,-0.03014693409204483,0.05958554893732071,0.03706987947225571,0.003463580052250885,0.04001357892529815,0.36625211679524877,0.2464437186717987,-0.00968965981155634,0.34007927775382996,0.12916425681530078,0.05155148152539136,0.014099636639902654
2277,1625451621.4312208,0.0,-0.029550526291131973,0.05992603674530983,0.04020954668521881,0.0037539178578120183,0.04072338184414666,0.36618184854652436,-0.07633142173290253,0.1266641914844513,0.24207496643066406,0.08608544083049961,0.030904940153413874,0.006581186687772398
2278,1625451621.4411376,0.0,-0.03159815073013306,0.059801019728183746,0.04322556406259537,0.0038944363782543803,0.04124158403682651,0.36604602809034736,-0.2904495894908905,-0.1748056560754776,0.30386027693748474,0.028183452125880817,0.05626933344134098,-0.010282534497224185
2279,1625451621.4509497,0.0,-0.031380970031023026,0.0565943643450737,0.0442652702331543,0.003173737406129515,0.041401199748035904,0.3659252103355469,0.16761414706707,-0.6232819557189941,-0.06791700422763824,-0.018387612866974507,0.039408721544101535,-0.014492025608289915
2280,1625451621.461158,0.0,-0.02995525859296322,0.0526091530919075,0.0425691083073616,0.002318718469469884,0.040525292736514895,0.3658426941832893,0.09091509878635406,-0.30157211422920227,-0.21918454766273499,-0.08028524718994054,-0.023160664787168272,-0.011833244496969007
2281,1625451621.5290678,0.0,-0.03089568391442299,0.036091070622205734,0.03165167570114136,-0.00045932406230365236,0.04074607337342005,0.3647861844666455,-0.015611344017088413,-0.3740101158618927,-0.19468346238136292,-0.36132117410906345,-0.03469005637298765,-0.003937156101936011
2282,1625451621.5386155,0.0,-0.03106672875583172,0.03236633539199829,0.02996099181473255,-0.0018677353717866801,0.03606312623119687,0.3648659166072382,0.04191293567419052,-0.4304691255092621,-0.1723129153251648,-0.3648225722733695,-0.028957205026493155,-0.003364354084684519
2283,1625451621.5488372,0.0,-0.030873728916049004,0.028785113245248795,0.028290575370192528,-0.0018961854716008641,0.032744286620898136,0.3679370293311788,0.044043466448783875,-0.4901239275932312,-0.2234456092119217,-0.37001022002217887,-0.026877732971107016,-0.0033427070809549575
2284,1625451621.558701,0.0,-0.030915850773453712,0.025299198925495148,0.026104940101504326,-0.0021920279488412964,0.028940140715089768,0.37014392293682913,-0.1796620786190033,-0.2951805293560028,-0.16592133045196533,-0.15751357407967326,-0.2416268626434947,0.16678286630825345
2285,1625451621.5687954,0.0,-0.03309280425310135,0.0209035761654377,0.02447468601167202,-0.0033600073970032757,0.03222591196112995,0.36967080108268857,0.21768157184123993,-0.45923125743865967,-0.10094019770622253,-0.07166525727142442,-0.0937957949365693,0.11156538113427161
2286,1625451621.5788298,0.0,-0.03372916206717491,0.01411335077136755,0.024475017562508583,-0.005107198600685467,0.03790356711739373,0.3675765260577226,-0.1285293698310852,-0.7042420506477356,0.2037254422903061,-0.13605880930980238,0.4114086952514855,-0.10504201246059837
2287,1625451621.5890458,0.0,-0.03235482797026634,0.008953485637903214,0.024345839396119118,-0.005824965204514837,0.03333591809305714,0.36786486107248445,-0.045438751578330994,-0.36761853098869324,-0.2234456092119217,-0.13856466741426954,0.1555709349443554,-0.11515354054903523
2288,1625451621.5986154,0.0,-0.03218415006995201,0.003546949243173003,0.022311629727482796,-0.00667403236612861,0.02605823968588443,0.3699687780746346,-0.2073589414358139,-0.32074686884880066,-0.25220775604248047,-0.08480498987200376,-0.5590203555636943,0.09485706353237691
2289,1625451621.6095479,0.0,-0.03297032415866852,-8.421455277130008e-05,0.019278163090348244,-0.007771174189280805,0.03062834215252054,0.36965604744131353,-0.29897168278694153,-0.29837632179260254,-0.2042708396911621,-0.09126368156618442,-0.26549733406203707,0.11814647076570872
2290,1625451621.6189156,0.0,-0.0313863530755043,-0.0016396399587392807,0.016671692952513695,-0.008321987293941291,0.03848892225709294,0.3659296428897249,0.16122254729270935,0.02865985967218876,-0.3566036820411682,-0.09648778722996268,0.6433039829922474,-0.18667830234822166
2291,1625451621.6889822,0.0,-0.032224707305431366,-0.02815830148756504,0.008427007123827934,-0.014973442827189251,0.03294097009858359,0.3696092350558635,0.1079593300819397,-0.49758079648017883,-0.4641954004764557,-0.43903553069541634,0.43368647704173696,-0.17886483608471254
2292,1625451621.6985607,0.0,-0.03840087354183197,-0.027048833668231964,0.0033671092242002487,-0.014811481650373659,0.035953525173781135,0.3684390259304681,-0.871018648147583,0.13731683790683746,-0.5089364647865295,-0.3878264477744015,0.0725750071463755,-0.03459039874937874
2293,1625451621.7085311,0.0,-0.04273680970072746,-0.02758007124066353,-9.696744382381439e-05,-0.015151891266232217,0.03930104068114877,0.3674820156872653,-0.15729151666164398,-0.11834663897752762,-0.1627255231142044,-0.01522310332890097,0.29964935307884755,-0.10836227973917316
2294,1625451621.718636,0.0,-0.04397043213248253,-0.02819405496120453,-0.0005685370415449142,-0.015457569177104696,0.04078145614204721,0.367006804555986,-0.4715445339679718,0.16927476227283478,0.029022064059972763,-0.03242187098718294,0.25395173608921073,-0.07959029532263154
2295,1625451621.7287917,0.0,-0.04904027655720711,-0.024474848061800003,-0.0002949424088001251,-0.014615424682689865,0.040853690028604076,0.3675257568233453,-0.21375054121017456,0.5485089421272278,0.04926208779215813,0.017071700264351352,0.11548797604464328,-0.010009430491315951
2296,1625451621.7387638,0.0,-0.052652839571237564,-0.019622638821601868,-0.00026200152933597565,-0.013453440003901695,0.03996234829167152,0.36848395295185543,-0.470479279756546,0.6518396139144897,0.03434838727116585,0.09666239452750021,-0.02696016900922568,0.06566747406202568
2297,1625451621.7489948,0.0,-0.05513395369052887,-0.018452109768986702,0.0006914958357810974,-0.013378366891728034,0.03999163960095231,0.36902864054989654,-0.28405797481536865,-0.01288545224815607,0.23781390488147736,0.07609822911192204,-0.06102040179358745,0.08087855938853314
2298,1625451621.7585208,0.0,-0.05616149306297302,-0.023562811315059662,0.0031641218811273575,-0.01520105520462494,0.04027717269238865,0.36896949361092646,0.12500356137752533,-0.4720144271850586,0.04073997214436531,-0.06934675028306717,0.012556932553318335,0.03227179965739983
2299,1625451621.7686687,0.0,-0.05612915754318237,-0.02927124872803688,0.0034665558487176895,-0.01708543825339947,0.04054300854862614,0.3686687615745846,0.13672147691249847,-0.38572800159454346,-0.026371687650680542,-0.18385326835547502,0.027899958921657166,-0.01519527089352017
2300,1625451621.778644,0.0,-0.05410869047045708,-0.030767381191253662,0.0013782009482383728,-0.017705880003198872,0.04125712621911735,0.3683522718041037,0.38279756903648376,0.2843233346939087,-0.37258264422416687,-0.14234785894116078,0.04905851217942584,-0.0315808686036439
2301,1625451621.8522043,0.0,-0.054962847381830215,-0.014695003628730774,0.0014862511307001114,-0.014505525225594562,0.041438806683457494,0.36731074857856094,0.011020267382264137,0.33332550525665283,0.12276533991098404,0.21743420462550594,0.0624669132007954,-0.020502285762423588
2302,1625451621.8621395,0.0,-0.05540214851498604,-0.011726383119821548,0.0027221553027629852,-0.013743178419504155,0.041316739003624786,0.3670832298969726,-0.034786105155944824,0.32267284393310547,0.15578854084014893,0.3073828495648704,0.021244933047245736,-0.016509965739803036
2303,1625451621.8727648,0.0,-0.056215550750494,-0.007898793555796146,0.003792993724346161,-0.01279448486950862,0.040523940764347684,0.36718375358632416,-0.09763670712709427,0.35036972165107727,0.17389804124832153,0.09196698215821213,-0.04360375999732387,-0.010799471904017137
2304,1625451621.8822339,0.0,-0.05623232573270798,-0.006776914466172457,0.006381966173648834,-0.012539663559197951,0.040647633223777443,0.3671217172616013,0.08771930634975433,-0.12580348551273346,0.329426646232605,0.07102985451218155,-0.036627486588970984,0.0006149748790497646
2305,1625451621.8923125,0.0,-0.05541862174868584,-0.007306130602955818,0.008428096771240234,-0.012488639516594346,0.03926361439801991,0.3679298069599609,0.016346590593457222,0.0659441128373146,0.1153084859251976,0.07526043605770075,-0.040143380315456785,0.001409215758880058
2306,1625451621.9020507,0.0,-0.05353882536292076,-0.004767834208905697,0.009136084467172623,-0.012638246207899884,0.03825764393040401,0.37046390609244384,0.21235525608062744,0.32799917459487915,0.07482843846082687,0.07631444866626443,-0.04428147557585298,0.0014589901148448206
2307,1625451621.91229,0.0,-0.05350504070520401,0.0015571733238175511,0.007923901081085205,-0.011107897273432726,0.03692545865043703,0.37183132697126425,-0.294710636138916,0.6241427063941956,-0.12650653719902039,0.07178445533644064,-0.11786322843360932,0.16483422215582844
2308,1625451621.922784,0.0,-0.05356385558843613,0.006259195040911436,0.007420714944601059,-0.009910334658661576,0.038916427761892344,0.3718258872747276,-0.02945978008210659,0.3482391834259033,0.04393576830625534,0.13745340754933333,0.0021407271825336673,0.07653245537727967
2309,1625451621.9320421,0.0,-0.054750144481658936,0.010980567894876003,0.007352154701948166,-0.008793224643087683,0.04090765581032618,0.37170583016116565,0.39664599299430847,0.1586221158504486,0.05565367639064789,0.12550640482430644,0.24312187581190287,-0.00439960589750566
2310,1625451621.9420903,0.0,-0.054931290447711945,0.01520825270563364,0.008592154830694199,-0.008098891068957545,0.03636111361848629,0.3722616099866897,0.29118481278419495,0.4142856001853943,0.11424321681261063,0.09135836364840068,-0.0437633890212441,0.017319085567680238
2311,1625451622.0166442,0.0,-0.05691390857100487,0.051424987614154816,0.018367260694503784,-4.544766525950428e-05,0.042798989859091974,0.37179574285785766,-0.2030978947877884,0.4036329388618469,0.031152591109275818,0.7659317362774657,-0.1078241548994492,0.03647296991819579
2312,1625451622.0254269,0.0,-0.06025611236691475,0.056738924235105515,0.01822599023580551,0.0012003483681304605,0.046748446346288136,0.37158236711908943,0.17507098615169525,0.4185466468334198,0.02689153514802456,0.7104715368203003,0.2685079347743872,0.007241533063662731
2313,1625451622.035713,0.0,-0.057116586714982986,0.05616800859570503,0.020681235939264297,0.0012689149994996665,0.0468983581922821,0.3750686613389838,0.06960981339216232,-0.2760057747364044,0.29001185297966003,0.10676267837443562,0.27082569729476763,0.14375210133065558
2314,1625451622.0457973,0.0,-0.05660223215818405,0.05468318611383438,0.022395987063646317,0.0012373300050028263,0.04657773424513634,0.3756381614552895,0.14737412333488464,-0.15350036323070526,0.15046222507953644,0.010397166121118552,0.02776450059859814,0.19974938076556614
2315,1625451622.0561829,0.0,-0.05327779799699783,0.05193404108285904,0.020822320133447647,0.0008545871616586209,0.046535145886700956,0.37558939437265526,0.3774712383747101,0.28964963555336,-0.33210259675979614,-0.03937887566647664,-0.04066328885787492,0.04307327721595785
2316,1625451622.0656796,0.0,-0.058036454021930695,0.06195760890841484,0.01702890172600746,0.004118457494567289,0.04937713080683362,0.3755662800053706,-0.4385213255882263,0.7306691408157349,-0.19894452393054962,0.12582315501140273,0.11398364793091556,0.00021239295703241718
2317,1625451622.0757542,0.0,-0.0614292174577713,0.06496847420930862,0.01749737188220024,0.005222121180546518,0.05072937983219935,0.37589429133127383,-0.056091394275426865,-0.07147499918937683,0.2910771071910858,0.23242515443884398,0.20991960329442638,0.014700310651251868
2318,1625451622.0856256,0.0,-0.06130111590027809,0.0597873330116272,0.026266854256391525,0.003726545612285595,0.051184105377470146,0.3757751968214669,-0.1146809384226799,-0.48266708850860596,0.44340991973876953,0.005285777600336643,0.09783107690469459,0.015106704245683078
2319,1625451622.0955813,0.0,-0.06657514721155167,0.05928153172135353,0.03074430674314499,0.003762397085610235,0.053251907939299174,0.37573897728453953,-0.8891281485557556,0.16607896983623505,0.3528624475002289,-0.0764876089867921,0.10122819222982837,-0.007705032195440917
2320,1625451622.1056466,0.0,-0.06626270711421967,0.05873464047908783,0.03173404186964035,0.003959936242758408,0.05372387828774874,0.375881606284837,0.1867889016866684,-0.30157211422920227,0.097198985517025,0.004672053590510428,0.13580096073119527,0.0007112550779097487
2321,1625451622.174651,0.0,-0.07493036985397339,0.056822314858436584,0.02678830549120903,0.005071046479275643,0.060721874610937775,0.3736232792069064,-0.13705149292945862,-0.2547004818916321,-0.16592133045196533,0.0030777181644592597,0.20040515615210033,-0.020181189263954114
2322,1625451622.183623,0.0,-0.07596215605735779,0.05415216460824013,0.02523418515920639,0.004503901434850757,0.06128815807591312,0.37341187172930657,-0.07207036018371582,-0.294115275144577,-0.17018237709999084,-0.03696156870626633,0.19280736192553352,-0.040416731712961604
2323,1625451622.1936493,0.0,-0.07752294838428497,0.05197868496179581,0.023829374462366104,0.00410343957723526,0.06161251813952961,0.37334320727900094,-0.13598622381687164,-0.2685489356517792,-0.15100762248039246,-0.052400771435472566,0.05342551041570382,-0.016737944836895006
2324,1625451622.2043746,0.0,-0.0785595253109932,0.0499575175344944,0.0225047804415226,0.0037878616892441652,0.06203491415913646,0.3731857088063335,-0.05076507106423378,-0.23126466572284698,-0.13396339118480682,-0.039222723272881434,0.03390195362280967,-0.009628935612564622
2325,1625451622.2136357,0.0,-0.07929496467113495,0.04794291406869888,0.021460119634866714,0.003440353591560849,0.06292306379829973,0.3729512271737775,-0.027329253032803535,-0.2078288495540619,-0.11478863656520844,-0.03434715219914296,0.06208713961879139,-0.01798999212495493
2326,1625451622.2239552,0.0,-0.0799550712108612,0.04618145525455475,0.020807240158319473,0.0031406243749991514,0.06368774861163125,0.37272654601039745,0.03765187785029411,-0.27494052052497864,-0.08070017397403717,-0.03316900088088007,0.08615158415805535,-0.02314932336513627
2327,1625451622.2335093,0.0,-0.08000829070806503,0.04348794370889664,0.02039225772023201,0.00011015486575376154,0.06087460296759098,0.37901508846255577,-0.03904716297984123,-0.2866584360599518,-0.06046015024185181,-0.04494488186800357,0.06649347388219076,-0.01907996528628951
2328,1625451622.2435992,0.0,-0.08001213520765305,0.040451742708683014,0.02023473009467125,-8.807132747010171e-05,0.060747691022470254,0.3797707402400129,0.009955002926290035,-0.31222477555274963,-0.011457985267043114,-0.053101727829915485,0.06057488878546412,-0.012332472164717381
2329,1625451622.254108,0.0,-0.08070861548185349,0.03681911528110504,0.02000000700354576,0.0001256605313854492,0.057703192440842585,0.38369424114361533,-0.01348081510514021,-0.49118921160697937,-0.12224549055099487,-0.06125563740452481,0.05390882552321548,-0.007326838066610377
2330,1625451622.263686,0.0,-0.08314162492752075,0.03240809217095375,0.020015977323055267,-0.00012350590946420825,0.05643280708385458,0.38547882324842186,-0.47474032640457153,-0.15989194810390472,-0.10946231335401535,-0.017480140949244848,-0.18092843020441493,0.23904404525586861
2331,1625451622.3329868,0.0,-0.06868154555559158,-0.016196884214878082,0.020994890481233597,-0.007164257609113975,0.06832440092592115,0.37985124058774405,0.23472580313682556,0.1128157526254654,-0.19148766994476318,-0.8989903183396337,-0.21413331585007525,0.14552942857488055
2332,1625451622.342954,0.0,-0.06315471231937408,-0.017897745594382286,0.020068183541297913,-0.007313157162611383,0.0706109793660929,0.37993128394100795,0.7034422159194946,-0.22806887328624725,-0.12331075221300125,-0.656214189178303,0.012187753946297196,0.0522691746131759
2333,1625451622.3528929,0.0,-0.05740821734070778,-0.019151972606778145,0.01901133731007576,-0.0072730825394479726,0.07056386260883726,0.3805886867632816,0.29118481278419495,-0.3750753700733185,-0.01678430661559105,-0.010107845589273792,0.14912240027918278,0.03342453591819457
2334,1625451622.3627853,0.0,-0.052241843193769455,-0.022757256403565407,0.018561888486146927,-0.007793896507299752,0.06540988793734101,0.38342920159671545,0.05256558209657669,-0.4294038712978363,-0.09135282039642334,-0.02087132690254536,-0.2240630238813497,0.16455895772054863
2335,1625451622.3733454,0.0,-0.050600480288267136,-0.024962978437542915,0.017578747123479843,-0.008416129110608558,0.06632917142688467,0.38467333278790566,0.2336605340242386,-0.5050376057624817,-0.15526868402957916,-0.04809160263961445,-0.2579436907829758,0.21891135723187202
2336,1625451622.3829632,0.0,-0.05173895135521889,-0.028782933950424194,0.016306128352880478,-0.009296376501327454,0.0711254101187214,0.3849047276412278,0.47121450304985046,-0.32500794529914856,-0.2543382942676544,-0.08263746074183302,0.29651224869740184,0.07374913317767758
2337,1625451622.3928356,0.0,-0.04702888801693916,-0.032537247985601425,0.013524562120437622,-0.010683856832584736,0.07265850371937256,0.3831768444246775,-0.3469085991382599,-0.21528570353984833,-0.3193194270133972,-0.12311060064825054,0.35969810369731947,-0.065511821949091
2338,1625451622.4030287,0.0,-0.05298824608325958,-0.03487775847315788,0.010883409529924393,-0.011409598308814446,0.0747169582959331,0.38166271143839015,-0.12213779240846634,-0.43686071038246155,-0.29907938838005066,-0.10037431991981886,0.19566322745911358,-0.1616838130429618
2339,1625451622.412807,0.0,-0.05464612692594528,-0.03539761155843735,0.007836051285266876,-0.011602201216459315,0.07532981349732516,0.38203967607560096,-0.11681146919727325,0.08511887490749359,-0.22238034009933472,-0.05274117057178133,0.15703724175187225,-0.08384863482954076
2340,1625451622.423261,0.0,-0.058521464467048645,-0.03382059931755066,0.0036402177065610886,-0.01129997258444359,0.07705271084391972,0.38285553288368906,-0.8017764687538147,0.5783363580703735,-0.4684564471244812,-0.013158071939467806,0.10095758484316944,0.05147181654088265
2341,1625451622.4943392,0.0,-0.07726495712995529,-0.03760785236954689,0.00452561117708683,-0.013593498875214514,0.08821882658876293,0.3823801224911798,0.11648144572973251,0.18312320113182068,0.19733385741710663,-0.08109318069122597,0.47052763291313515,-0.002692817733476109
2342,1625451622.5041964,0.0,-0.07794102281332016,-0.03692958876490593,0.006409021094441414,-0.013560900398741242,0.0889848665704003,0.3822761629030584,0.10156774520874023,0.10642416030168533,0.20585596561431885,-0.08836522162890927,0.4506294325476831,-0.05503482669360204
2343,1625451622.5142145,0.0,-0.07885941863059998,-0.03582713007926941,0.008011525496840477,-0.013397775517843616,0.0890034134367649,0.38233472228778803,0.05043505132198334,0.24597381055355072,0.1611148566007614,0.007652709131066015,0.04912207513240404,-0.0043835692797432975
2344,1625451622.5241828,0.0,-0.08065497875213623,-0.03367997705936432,0.009521512314677238,-0.012958812051172601,0.08998517243651127,0.3820238680058033,-0.08591879904270172,0.24064747989177704,0.15046222507953644,0.028778629650523913,0.043428669310168984,-0.00924198458010493
2345,1625451622.5345035,0.0,-0.08219148218631744,-0.03155212476849556,0.010486884042620659,-0.012511149501914835,0.09112839696388098,0.381462475321347,-0.07207036018371582,0.2566264569759369,0.09613372385501862,0.045507142622897165,0.10537317943695645,-0.042054320111248655
2346,1625451622.544379,0.0,-0.08331840485334396,-0.029431067407131195,0.0110048558562994,-0.012079228925932689,0.09156517171295644,0.381066457510503,-0.05715665966272354,0.3173465132713318,0.05778420343995094,0.04463422822248439,0.08631219390851962,-0.05075998929152256
2347,1625451622.554392,0.0,-0.08439387381076813,-0.027046969160437584,0.01108589582145214,-0.011549912939582269,0.09201745199669227,0.38088108006325205,0.008889738470315933,0.2651485800743103,0.006651510950177908,0.05020465121173916,0.048160600591116716,-0.0319572208543798
2348,1625451622.56428,0.0,-0.08518986403942108,-0.024798057973384857,0.010835478082299232,-0.010982657689072382,0.0924377806935029,0.38071511040819317,-0.04117769002914429,0.24810433387756348,-0.01465377863496542,0.05781785936964985,0.044055508329741505,-0.017702130353459078
2349,1625451622.5742457,0.0,-0.08554179966449738,-0.022998526692390442,0.010375997051596642,-0.010542075774483468,0.09266940083415656,0.38061977674593755,0.044043466448783875,0.22466851770877838,-0.03063274547457695,0.05343784851322997,0.03519165727710208,-0.01344336200017977
2350,1625451622.5837674,0.0,-0.08544746041297913,-0.02094576321542263,0.009741691872477531,-0.006850922525779304,0.0879424086891006,0.38527977263757024,0.048304520547389984,0.22679904103279114,-0.04980750381946564,0.05274229752914266,0.020122663451148173,-0.008060792406578799
2351,1625451622.657268,0.0,-0.09101299941539764,0.030351761728525162,0.0025475602596998215,-7.217943507063784e-05,0.08132565570368393,0.3895087077132753,-0.40869393944740295,1.4475921392440796,-0.004001133609563112,0.09745283404820328,-0.05241079366012108,0.041052981951885094
2352,1625451622.6669075,0.0,-0.09411230683326721,0.04307502880692482,0.0018790792673826218,0.0025118979151019794,0.08160683549727674,0.38904169635659747,-0.01348081510514021,0.9320041537284851,0.1611148566007614,0.5036968843585685,0.011493337015956801,0.0018582459021342689
2353,1625451622.6766698,0.0,-0.0935608521103859,0.05174694582819939,0.0037107672542333603,0.0038880339173012757,0.0802706744732622,0.38952255628621624,-0.18285787105560303,0.9000462293624878,0.3049255609512329,0.21986388292305886,-0.04437888319470366,-0.0047949847435610525
2354,1625451622.6865969,0.0,-0.09521079063415527,0.058883871883153915,0.006734361872076988,0.004791894329603072,0.07982063046035606,0.389554486195841,-0.17220522463321686,0.5911195278167725,0.3837551176548004,0.1281976485374909,-0.09349576043702554,0.028724641939621546
2355,1625451622.696554,0.0,-0.09736181795597076,0.06555565446615219,0.008494170382618904,0.005814277694772399,0.0811818196301519,0.38951040874802123,-0.3564959764480591,0.688058614730835,0.2079865038394928,0.10305841926673803,0.020999184146690757,0.0036693377093527367
2356,1625451622.7066038,0.0,-0.0991835743188858,0.0702316090464592,0.009731056168675423,0.006420054266544975,0.08149863263027513,0.38990691100191954,0.05043505132198334,0.4334603548049927,0.10465583950281143,0.0896554135453658,0.10909297119852482,0.013575465445647502
2357,1625451622.7169545,0.0,-0.10070264339447021,0.0756794735789299,0.009929748252034187,0.007417899063708364,0.07929922511421653,0.39088208295206717,-0.5812667608261108,0.8808714747428894,0.035413652658462524,0.07229368231815532,-0.07295888227380444,0.06810271040058886
2358,1625451622.726577,0.0,-0.1001417264342308,0.07992872595787048,0.012171482667326927,0.00797122255118246,0.07831421702160396,0.39189109320007776,0.32314273715019226,-0.4102290868759155,0.5105215907096863,0.09355219912027353,-0.16974329588553838,0.10342479114193143
2359,1625451622.7371929,0.0,-0.09714822471141815,0.0776948407292366,0.01793537475168705,0.007211260777070176,0.08042030838730112,0.39386075439504253,-0.34477806091308594,-0.34311744570732117,0.643679678440094,0.005462590340560673,0.007466593760178749,0.1462559661654191
2360,1625451622.7467592,0.0,-0.09306890517473221,0.07361599802970886,0.020082345232367516,0.006455493484237983,0.08149303395755844,0.3935348958712339,0.9495182633399963,-0.6946547031402588,-0.08922228962182999,-0.08233035686999639,0.17628625731010028,0.08995953033223034
2361,1625451622.8167953,0.0,-0.0930955559015274,0.092413529753685,0.028022995218634605,0.0143758389602811,0.07806969017681079,0.39874980233354584,0.17826679348945618,-0.4251427948474884,0.10039478540420532,0.2642374817231423,0.10766850344235378,0.0019961900863638108
2362,1625451622.8265731,0.0,-0.09263774007558823,0.0920545905828476,0.029431303963065147,0.014578927466346502,0.07767381178685256,0.398886333717036,0.02806449867784977,0.17886213958263397,0.10465583950281143,0.31614741715612676,-0.011340600644711984,0.021181861262356504
2363,1625451622.8366628,0.0,-0.09348899126052856,0.09687910974025726,0.030086761340498924,0.016110172812304042,0.07831827363513902,0.3987151218165888,0.05256558209657669,0.3205423057079315,0.16324539482593536,0.08088214321205679,0.0009171042620342123,0.00025072023911055065
2364,1625451622.8465557,0.0,-0.09288941323757172,0.0993608832359314,0.031896792352199554,0.016936962584868764,0.07808313107755976,0.3986745911624897,0.1633530855178833,-0.029929684475064278,0.21544335782527924,0.12313051893423556,0.024570533451775414,-0.013037062722962137
2365,1625451622.8564935,0.0,-0.0919206365942955,0.10049664974212646,0.03372528403997421,0.017423315943384178,0.07725207517217299,0.3986610102441797,0.11967723816633224,-0.10875925421714783,0.15046222507953644,0.07284435382528136,-0.046364722695183595,-0.00530334047666861
2366,1625451622.866697,0.0,-0.09058042615652084,0.1002194806933403,0.03471187502145767,0.01747999371272827,0.07656665565507467,0.39863507333215764,0.2709448039531708,-0.21848149597644806,0.03434838727116585,0.03254173678458882,-0.07646697467275752,-0.0027083401936267635
2367,1625451622.8766336,0.0,-0.08899709582328796,0.09972168505191803,0.03501288592815399,0.01755346510797913,0.0757849451913224,0.39852384338486957,0.08665404468774796,-0.09384555369615555,0.01197783276438713,0.0058646249810901715,-0.0758501959450944,-0.006530872804930197
2368,1625451622.886729,0.0,-0.08842900395393372,0.09987273812294006,0.03498505800962448,0.017781936959495974,0.07510583908365287,0.39834101618327955,0.014216060750186443,-0.08532343804836273,-0.01998010091483593,0.01193166939336014,-0.07532795045211362,-0.014342439408160287
2369,1625451622.8971312,0.0,-0.08707596361637115,0.09985484927892685,0.034582652151584625,0.01792827501040367,0.07423071924800516,0.3982050568860796,0.03871714323759079,-0.03632127121090889,-0.06791700422763824,0.018006899361265975,-0.07984003733361049,-0.016825627472464442
2370,1625451622.90736,0.0,-0.0867357924580574,0.09998268634080887,0.03383854776620865,0.018147464592480324,0.07344579793472653,0.3981786155959338,0.024868706241250038,-0.08319290727376938,-0.1073317900300026,0.01763979925412539,-0.08312950783742962,-0.00935230667874638
2371,1625451622.977725,0.0,-0.08462360501289368,0.0926797166466713,0.024296561256051064,0.01698654710754205,0.06171535726996025,0.4091270018734454,0.3497743606567383,-0.5668229460716248,-0.218119278550148,-0.0404154250300128,-0.08889853289234158,0.007347014790972481
2372,1625451622.9876556,0.0,-0.08263441175222397,0.08515527099370956,0.02462281472980976,0.015461269352319368,0.061004505615366134,0.40899508819979463,0.37001439929008484,-1.141000509262085,0.039674706757068634,-0.13336353344403123,-0.08474672182412886,0.004960776529535692
2373,1625451622.997656,0.0,-0.07851449400186539,0.07530392706394196,0.023179253563284874,0.01403774674261292,0.0598698419082911,0.40876872820307,0.6789411306381226,-0.9833413362503052,-0.19361819326877594,-0.1451295246573486,-0.10072058692810064,-0.0233554600939706
2374,1625451623.0076137,0.0,-0.07413925230503082,0.06730442494153976,0.019809791818261147,0.013034206807457996,0.05931195015478338,0.4081347739853091,0.32846906781196594,-0.40809857845306396,-0.5217196345329285,-0.13735147642424625,-0.0950491374449076,-0.04171956389169072
2375,1625451623.0180454,0.0,-0.06811807304620743,0.062276069074869156,0.015085311606526375,0.012991926384114283,0.059464151407619445,0.4072665591037934,0.5383262038230896,-0.31115949153900146,-0.44395536184310913,-0.06423632543544881,-0.032424299092982695,-0.07357873368245225
2376,1625451623.0276248,0.0,-0.06037943810224533,0.058371491730213165,0.012189986184239388,0.012949423028247128,0.0568397538829222,0.40751872190599764,0.8813413381576538,-0.3239426910877228,-0.21918454766273499,-0.007334753838423451,-0.12732051927496071,-0.031122621638845195
2377,1625451623.0377269,0.0,-0.05307956039905548,0.0585726797580719,0.009407369419932365,0.013695972076349733,0.05446062118823235,0.40838549429299154,0.6267431378364563,0.11814206838607788,-0.2735130488872528,0.03434456161031397,-0.2617109267548772,0.05723955283627636
2378,1625451623.0479228,0.0,-0.04758359119296074,0.06248369812965393,0.006364902481436729,0.014261073440013913,0.060396590556256124,0.40699271180091856,0.4552355408668518,0.5048331022262573,-0.20746663212776184,0.06046957900190788,0.12109818400255913,-0.002358226140952885
2379,1625451623.057789,0.0,-0.041131120175123215,0.0647822767496109,0.0056558046489953995,0.014656656616189867,0.06247089320170908,0.40512778861193677,0.7780107259750366,0.27793174982070923,-0.022110629826784134,0.04759795983131932,0.44487546334647055,-0.16032142333494634
2380,1625451623.0679176,0.0,-0.034876883029937744,0.06468360126018524,0.006516695022583008,0.014904824463371824,0.052844481278931085,0.40860767617716365,0.43393024802207947,-0.010754924267530441,0.16857171058654785,0.044296778834259594,-0.2748393104365827,0.034164572498391325
2381,1625451623.137329,0.0,-0.021708913147449493,0.024337204173207283,0.0011888593435287476,0.003881016098973296,0.04983871577690135,0.40911804606708246,0.21342051029205322,-1.2134385108947754,0.439148873090744,-0.5150106791780146,-0.6917686589626881,0.20388803105312706
2382,1625451623.1467674,0.0,-0.02410680241882801,0.017245488241314888,0.004083104431629181,0.0021401771778478546,0.051854267681460765,0.40878808553550633,-0.2169463336467743,-0.5710840225219727,0.1707022488117218,-0.6565792180336427,-0.14912883645722505,0.033880352107939
2383,1625451623.1575124,0.0,-0.02555827610194683,0.012537862174212933,0.005504421889781952,0.0010373177953283755,0.0537375850395618,0.4084146672077919,0.2698795199394226,-0.3175510764122009,-0.05193803459405899,-0.17478715969145653,0.20299368273401586,-0.03475645764105059
2384,1625451623.1669722,0.0,-0.025968415662646294,0.017578182741999626,0.0027873367071151733,0.0026507197142028108,0.051854055899113016,0.40883000100419,-0.45130449533462524,0.8808714747428894,-0.3438205122947693,-0.004766231043921026,0.030270386446969836,-0.008727519227458354
2385,1625451623.1771314,0.0,-0.02696627378463745,0.023092277348041534,-0.00010091438889503479,0.004330801642261295,0.048679942775191234,0.4096524588983931,0.11435091495513916,0.40150243043899536,-0.16166026890277863,0.15637603691199117,-0.2548275280352343,0.055797957595511184
2386,1625451623.1868427,0.0,-0.028437383472919464,0.02322489209473133,-0.0005244910717010498,0.004432634247836555,0.049672530908268585,0.40983267178633465,0.15056991577148438,-0.4517744183540344,-0.028502216562628746,0.11364634522780476,-0.1305373934132341,0.0574340356952079
2387,1625451623.1969962,0.0,-0.028493288904428482,0.014927894808351994,0.0022970177233219147,0.00209225692874003,0.050996522927669055,0.409303536409265,-0.06461350619792938,-1.090933084487915,0.27083709836006165,-0.08636971706781553,0.10489075200522492,-0.00939577550262196
2388,1625451623.2068706,0.0,-0.0298638753592968,0.0036484040319919586,0.003614429384469986,-0.001094277220483976,0.050907610455168076,0.4088996530659042,0.140982523560524,-1.3444660902023315,-0.09561387449502945,-0.2662930407195002,0.08283670250791754,-0.04852341168140956
2389,1625451623.2167325,0.0,-0.027692431584000587,-0.003676005406305194,0.0008254759013652802,-0.003210106201114192,0.049346713133683114,0.40899936754383415,-0.2350558191537857,0.02865985967218876,-0.43756377696990967,-0.291985339475287,-0.07697046517952397,-0.02266729407416413
2390,1625451623.2267604,0.0,-0.027527453377842903,-0.0026499847881495953,-0.0044739823788404465,-0.0031616078901072833,0.0488988185921188,0.4092209768071123,-0.020937664434313774,0.2193422019481659,-0.5941576361656189,-0.1317663527920158,-0.10797035990416354,0.012336407844031729
2391,1625451623.3017032,0.0,-0.030236683785915375,-0.00817161239683628,-0.0016714166849851608,-0.006383052520859092,0.04747036758419931,0.41043267837381414,-0.11574620008468628,0.1309252381324768,0.03328312188386917,-0.06526915429266882,-0.05588127012241298,0.01186817998158047
2392,1625451623.3118434,0.0,-0.03029507026076317,-0.009160764515399933,-0.0005129333585500717,-0.0070631545976475585,0.04573258491258611,0.41276120870665256,-0.1604873090982437,-0.21422043442726135,0.20692123472690582,-0.0501596020021517,-0.05645974056370539,0.10903443157454212
2393,1625451623.3217793,0.0,-0.03316616639494896,-0.008234801702201366,0.0010912343859672546,-0.0072083591558593785,0.043756747621030476,0.4134786452658753,0.03552135080099106,-0.04803917929530144,0.2697718143463135,-0.039652377121590074,-0.1843402498238802,0.16067693699993027
2394,1625451623.3321185,0.0,-0.031011218205094337,-0.009293431416153908,0.004483167082071304,-0.007634476183699987,0.04524579041359031,0.4130703088230893,-0.6696836948394775,0.5154857635498047,0.22822652757167816,-0.041274567824326695,-0.07890380625966094,0.031143811177182512
2395,1625451623.341736,0.0,-0.026776721701025963,-0.0054001049138605595,0.005302548408508301,-0.006515115583520123,0.049099380585016866,0.4111925020654406,0.11861197650432587,0.7019070386886597,0.375232994556427,0.03274737210799412,0.27066997717397984,-0.10976875706846835
2396,1625451623.351619,0.0,-0.02602420561015606,0.0002649957314133644,0.008926257491111755,-0.005634415315505695,0.04551285117473976,0.4121007593162848,0.7471180558204651,0.09044519811868668,0.3848203718662262,0.10249627104415975,0.10766894827297534,-0.06727804470425072
2397,1625451623.3622942,0.0,-0.019146308302879333,-0.003061458468437195,0.01450422778725624,-0.007714433480341176,0.03774955799473545,0.41314139798704497,0.5681536197662354,0.0659441128373146,0.5382184982299805,-0.040740412074973135,-0.550307114628754,0.0844400130974148
2398,1625451623.3715463,0.0,-0.016316363587975502,-0.0032023093663156033,0.020699944347143173,-0.007930301405925586,0.04336622237943487,0.41131788758086885,0.01528132427483797,-0.37081432342529297,0.7651198506355286,-0.09909241568658039,-0.24430257202569966,-0.0009708386571984501
2399,1625451623.3815036,0.0,-0.013307478278875351,-0.009953977540135384,0.02997172623872757,-0.009588320107344922,0.05277958514768312,0.4076640826283504,0.8397960662841797,-0.686132550239563,0.9313010573387146,-0.08910096897924485,0.7333102529125942,-0.25171142837124594
2400,1625451623.3916843,0.0,-0.012511813081800938,-0.017692942172288895,0.033963948488235474,-0.01224231273622789,0.04881000816066032,0.4079657744431996,0.5990462899208069,-0.9524486660957336,0.05565367639064789,-0.21223986821084148,0.4095454462299058,-0.21053073663055327
2401,1625451623.466947,0.0,-0.005828043445944786,-0.014473898336291313,0.04277008771896362,-0.011495913116931912,0.048082782392671025,0.40598015992817,-0.4726097881793976,0.44943931698799133,0.34966665506362915,-0.08172092543139678,-0.230734061395379,-0.03447692176419284
2402,1625451623.4768596,0.0,-0.006536101456731558,-0.011216120794415474,0.04465972259640694,-0.01087735948575115,0.047752559961298555,0.4063168057708451,0.130329892039299,0.43878668546676636,0.17176750302314758,0.08636755499858262,-0.08134150667626643,-0.01984442865474325
2403,1625451623.4869518,0.0,-0.009471246972680092,-0.003632452804595232,0.04479557275772095,-0.009191585952142145,0.04908403843531314,0.40720709313042136,-0.7090984582901001,1.0630316734313965,-0.01998010091483593,0.10580949374420379,0.037512793134349416,0.0529325992122793
2404,1625451623.496918,0.0,-0.013026850298047066,0.0031109380070120096,0.04736313596367836,-0.0076323326711591755,0.04843023405317563,0.40826188457032286,-0.3106895983219147,0.9341346621513367,0.32090452313423157,0.15918453485317466,0.03428150023441341,0.09841848083610576
2405,1625451623.5070193,0.0,-0.016882002353668213,0.0036075918469578028,0.05246623605489731,-0.007722405399644687,0.04782464638776273,0.4090657453936402,-0.16261783242225647,-0.45603546500205994,0.7299661040306091,0.1074336818789663,-0.050308980444359275,0.09646781493002357
2406,1625451623.51662,0.0,-0.017624951899051666,-0.007359243463724852,0.061122749000787735,-0.010911048427382941,0.04713039933304529,0.40902228665636764,0.08878457546234131,-0.7947895526885986,0.44234466552734375,-0.12997157829577186,-0.0637610977342615,0.04405602209050998
2407,1625451623.5267425,0.0,-0.022792451083660126,-0.01726251281797886,0.0612015500664711,-0.014019037401735907,0.0482277642710668,0.4086597586634836,0.002498151734471321,-1.1676321029663086,-0.38749635219573975,-0.31638101249535183,0.00639423008357515,-0.015267381376998622
2408,1625451623.5368302,0.0,-0.017857743427157402,-0.021148977801203728,0.05609899386763573,-0.01510768563932395,0.046232029674359604,0.40829379321326487,-0.2915148437023163,0.7221470475196838,-0.6197239756584167,-0.25479274582061995,-0.04578953358184161,-0.03572230930198248
2409,1625451623.5466416,0.0,-0.0195926483720541,-0.013015235774219036,0.04646739363670349,-0.013097835343620315,0.04624779795188116,0.4082812726021722,-0.09550617635250092,0.4036329388618469,-0.5504817962646484,0.01373103303212656,-0.08786827320085065,-0.02093629992775245
2410,1625451623.5566204,0.0,-0.02192503586411476,-0.0010627573356032372,0.04756873473525047,-0.00995607525299861,0.04605684332197217,0.4084142486516105,-0.5397214293479919,1.3527835607528687,0.059914734214544296,0.2592077783477921,-0.0186898472962414,0.0033694392360774164
2411,1625451623.6291866,0.0,-0.019727889448404312,-0.01832234114408493,0.03388044610619545,-0.014417888076314271,0.04259058438977214,0.40674326929281757,0.16974467039108276,0.3407823443412781,-0.27670884132385254,-0.08385692925802761,-0.07116518030743259,-0.01560643740107895
2412,1625451623.6391926,0.0,-0.019570134580135345,-0.015506597235798836,0.03212558478116989,-0.01378331314492258,0.042136171618988576,0.4068077547394331,0.01528132427483797,-0.03632127121090889,-0.03489380329847336,-0.21994946291500014,-0.08027925870172402,-0.02201943814526036
2413,1625451623.649152,0.0,-0.018969180062413216,-0.016586005687713623,0.03290018066763878,-0.011815587029077715,0.04000393409911315,0.4090274953173813,0.029129764065146446,-0.07360552996397018,0.07695896178483963,-0.22652580668519082,-0.08268149833935844,-0.021964538194155375
2414,1625451623.6594691,0.0,-0.01915583200752735,-0.014160526916384697,0.031942710280418396,-0.01113014200941885,0.04023168683577391,0.41124410143697127,-0.015611344017088413,0.4377214014530182,-0.1957487314939499,-0.2322380828444243,-0.0838206901405552,-0.018879822566302284
2415,1625451623.669023,0.0,-0.021916978061199188,-0.00808979943394661,0.02964130789041519,-0.009303505667474246,0.03815967338598664,0.41218539752935335,-0.660096287727356,0.7072333693504333,-0.11691916733980179,0.0354569870857642,-0.11509700024076774,0.12005368126994029
2416,1625451623.6791224,0.0,-0.023754937574267387,-0.009859802201390266,0.029230142012238503,-0.00931343349296003,0.03808346858479758,0.4122955022304272,-0.03691663593053818,-0.8427264094352722,-0.0029358691535890102,0.11010005041621963,-0.11615625432115849,0.0711797179155689
2417,1625451623.6891878,0.0,-0.02444211207330227,-0.017751557752490044,0.03150087594985962,-0.012253761797609244,0.03866331343144078,0.4113929886104928,-0.3181464374065399,-0.5806713700294495,0.07163264602422714,-0.12061615748425224,0.016770030319766246,-0.03064977164564104
2418,1625451623.699087,0.0,-0.024250993505120277,-0.022560181096196175,0.030221475288271904,-0.013431209658612428,0.036171189519022234,0.41144627235046083,0.1079593300819397,-0.6264777779579163,-0.1392897069454193,-0.20436831806193478,-0.05758598710660927,-0.047574812161163625
2419,1625451623.7091005,0.0,-0.022155150771141052,-0.02623520977795124,0.026906264945864677,-0.014000589105391259,0.032228273587061554,0.4119529579612743,0.28053218126296997,-0.6041072010993958,-0.44715115427970886,-0.09794518220278453,-0.324995369499827,0.020400772757855082
2420,1625451623.719032,0.0,-0.021197931841015816,-0.03037724457681179,0.02320469357073307,-0.015282861325532485,0.03802985944863359,0.41111464508117157,0.11754671484231949,-0.2642878592014313,-0.47058698534965515,-0.09344988358018683,0.026953974097019405,-0.0023393377728889784
2421,1625451623.7951717,0.0,-0.026830732822418213,-0.03160225600004196,0.014190351590514183,-0.016348432545823077,0.03800233634333535,0.4167866111542999,-0.3873886466026306,-0.5785408616065979,0.2452707588672638,-0.08227228226723668,0.326241754944622,0.13656794580771847
2422,1625451623.8042672,0.0,-0.030660897493362427,-0.03835175931453705,0.01735224388539791,-0.018361435871020883,0.03547962277752731,0.41989439569632125,-0.13065990805625916,-0.3090289831161499,0.19946438074111938,-0.1376868280091084,-0.05078993376599149,0.35677987211903717
2423,1625451623.8140044,0.0,-0.03993278369307518,-0.034635279327631,0.017451392486691475,-0.01734073315187378,0.03641432190637559,0.4201950147340882,-0.454500287771225,0.2885843813419342,-0.05513382703065872,-0.08618237029856253,-0.10422086508700741,0.23398548775095676
2424,1625451623.8242824,0.0,-0.04199028015136719,-0.028166107833385468,0.011969821527600288,-0.015652252317486653,0.038289541060930535,0.41897803589246485,-0.7027068734169006,1.4699625968933105,-0.6048102378845215,0.10263045973455368,0.09472395766229397,-0.01778273314684016
2425,1625451623.833965,0.0,-0.04508069157600403,-0.01998259872198105,0.011495338752865791,-0.013679626760343483,0.03908687769409484,0.41849401828845223,-0.34903910756111145,1.094989538192749,0.26231497526168823,0.17991424247504695,0.13739403202577163,-0.08740187990902065
2426,1625451623.844052,0.0,-0.04898935556411743,-0.014405518770217896,0.013907941058278084,-0.01237123828025679,0.03798750793812901,0.41925271696953825,-0.433195024728775,-0.08425817638635635,0.40506041049957275,0.1908974966318583,0.008731082991727418,0.001383372416952106
2427,1625451623.8541234,0.0,-0.05069227144122124,-0.01863821968436241,0.017714833840727806,-0.013830579049250911,0.036970515007631516,0.41997819099653083,0.008889738470315933,-0.6637620329856873,0.2218349426984787,0.01943011690306397,-0.10314708843212221,0.07096239060610128
2428,1625451623.863758,0.0,-0.05172548070549965,-0.027639003470540047,0.020931975916028023,-0.016701411391072833,0.03792153983018107,0.419813073883619,0.000367622880730778,-0.7383305430412292,0.10678637027740479,-0.20388890132480708,-0.018246251898253577,0.03508735731633459
2429,1625451623.874687,0.0,-0.05189041048288345,-0.03224191442131996,0.01941991038620472,-0.01816337087285877,0.03865283631381593,0.41947926385247236,0.5724146366119385,-0.0544307641685009,-0.3811047673225403,-0.23217503200820214,0.09389858792223944,-0.02301264039599598
2430,1625451623.8840442,0.0,-0.04930942505598068,-0.028867533430457115,0.012873290106654167,-0.0172816465658173,0.038494849984679856,0.41938042853113877,-0.07207036018371582,0.9330694079399109,-0.7933620810508728,-0.06327674250620301,0.03636037121150247,-0.026235565045178686
2431,1625451623.9616442,0.0,-0.048191867768764496,-0.007953597232699394,0.006040066480636597,-0.01218942266035742,0.03900299735927626,0.41906166756758334,0.029129764065146446,0.2747359573841095,0.27935919165611267,0.33407967719381876,-0.02034908597090616,-0.0039054021467666714
2432,1625451623.9713078,0.0,-0.04786379262804985,-0.005939197726547718,0.008725710213184357,-0.011717142069817124,0.03905589160463782,0.41892373783975934,0.06747928261756897,0.20549376308918,0.29427289962768555,0.33786897854636017,-0.0008326595816001624,-0.004829544720821302
2433,1625451623.9812257,0.0,-0.04808381572365761,-0.0030571292154490948,0.011040907353162766,-0.010953062639592656,0.03881035676270363,0.41893040158088624,0.009955002926290035,0.3493044674396515,0.2271612584590912,0.0663917979146941,-0.0047916663414372,-0.008748785406999459
2434,1625451623.991291,0.0,-0.04825817421078682,-0.00103380240034312,0.013887956738471985,-0.008986413851758454,0.03393619295542499,0.42889922306472616,0.005693945102393627,-0.029929684475064278,0.3517971932888031,0.07751137761470211,-0.024697628106831442,0.00022321287242352245
2435,1625451624.0011373,0.0,-0.04696024954319,-0.0029320898465812206,0.017237715423107147,-0.009680623213136924,0.03363305731232706,0.4293133695674488,0.16441835463047028,-0.19717620313167572,0.292142391204834,0.07870408117548289,-0.028386430995263216,-0.0017481142036601567
2436,1625451624.0112371,0.0,-0.04519056901335716,-0.0020431820303201675,0.019007127732038498,-0.010098023664459221,0.03174061764971667,0.4323000856887648,0.390254408121109,0.07233569771051407,0.03008732944726944,0.06660387893258916,-0.04126790245158524,0.01184622785134378
2437,1625451624.021376,0.0,-0.046318553388118744,0.004973186645656824,0.017377272248268127,-0.008442881764643764,0.03110964400871216,0.43329381541748513,-0.193510502576828,0.7636923789978027,-0.2458161562681198,0.06289529441226394,-0.13084565263199407,0.17872382306239498
2438,1625451624.0312862,0.0,-0.046374499797821045,0.01211180817335844,0.014594651758670807,-0.006276494707285182,0.033972130891612884,0.4326171736252151,-0.3469085991382599,0.7264081239700317,-0.1904224008321762,0.18875017728988075,0.058071887689489766,0.04103313272474721
2439,1625451624.0411274,0.0,-0.04618707299232483,0.015378640964627266,0.013327769935131073,-0.005798943074934504,0.03597923237499541,0.4321858015855664,-0.063548244535923,0.35143497586250305,-0.050872769206762314,0.1535486368499719,0.2618117872765821,-0.058017229457619536
2440,1625451624.0510523,0.0,-0.0464567206799984,0.020814698189496994,0.013227589428424835,-0.004770880085345985,0.028014618155580415,0.43334618917363754,0.34657856822013855,0.3663486838340759,0.1621801257133484,0.0949064147712746,-0.21341740536588558,0.022061185608608865
2441,1625451624.1243515,0.0,-0.043871160596609116,0.030956946313381195,0.0308682844042778,-0.003037216054761996,0.046830152574205794,0.43046792790342603,-0.037981897592544556,0.1351862996816635,0.09613372385501862,0.16240467852292945,-0.275006170670088,0.06145128212082787
2442,1625451624.1339533,0.0,-0.044353898614645004,0.033801402896642685,0.031241286545991898,-0.002214778747164886,0.04943660925012322,0.430631312003541,-0.4150855243206024,0.3546307682991028,0.08228528499603271,0.13558737886250055,0.16990004874850764,0.0225275734432084
2443,1625451624.14368,0.0,-0.03963010013103485,0.031584519892930984,0.03564567491412163,-0.0029037665739292604,0.04923827067926241,0.43279135083950815,0.4413871169090271,-0.776680052280426,0.6479407548904419,0.01237285746662553,0.14936006429426166,0.10319977189803915
2444,1625451624.1538095,0.0,-0.03560177609324455,0.027673279866576195,0.03774215653538704,-0.003547734480096605,0.05037334134153525,0.4319694698342294,-0.1050935611128807,-0.44538283348083496,0.03328312188386917,-0.055515931684475446,0.04937215310170062,0.0749584841672176
2445,1625451624.1636806,0.0,-0.036106955260038376,0.0320250503718853,0.03448120132088661,-0.001951549444045464,0.05283105589645391,0.43135930091881036,-0.23399056494235992,0.7040375471115112,-0.41625848412513733,0.038992313261583075,0.17040930437994461,-0.06592348901594293
2446,1625451624.1737206,0.0,-0.0393085740506649,0.0385773591697216,0.031142111867666245,0.0002638373308206099,0.05468858485798164,0.4319050004125748,-0.21481579542160034,-0.004363337531685829,0.02263047732412815,0.19071071580785487,0.2380571369271129,-0.020704329546256076
2447,1625451624.1834984,0.0,-0.04237627610564232,0.03663746267557144,0.034367021173238754,-0.00023418303623860132,0.056102451589202025,0.4322905234888259,-0.002828170545399189,-0.5401913523674011,0.3517971932888031,0.11257218267574294,0.17417332759974258,0.046009697245513216
2448,1625451624.1937337,0.0,-0.045819878578186035,0.035119086503982544,0.037106577306985855,-0.0005569647378159959,0.05777726072951426,0.43220953861874956,-0.5770056843757629,-0.5135596990585327,0.3976035714149475,-0.030336636432224336,0.1366700936151337,0.0251458652683929
2449,1625451624.2036667,0.0,-0.05041690915822983,0.030620841309428215,0.040705014020204544,-0.0016680526691522576,0.06056945161201909,0.4316833694694323,-0.32027697563171387,-0.25683102011680603,0.13980957865715027,-0.08178041161490167,0.21739341500661932,-0.028126152141710183
2450,1625451624.213548,0.0,-0.05504671111702919,0.031182583421468735,0.040562499314546585,-0.0012291549771516058,0.06277947757357433,0.43163225329777843,-0.3224075138568878,0.037181977182626724,-0.0561990924179554,-0.047808967345876176,0.26536711464271306,-0.03565845569789263
2451,1625451624.285618,0.0,-0.07177597284317017,0.02123151905834675,0.02861027792096138,-0.0021122824699726372,0.07318279632301233,0.42920047899717967,-0.011350286193192005,-0.416620671749115,-0.24475088715553284,-0.10604103271187562,0.4024017200438525,-0.05014006652005997
2452,1625451624.295622,0.0,-0.07303699105978012,0.017555080354213715,0.026504456996917725,-0.0028551731047630827,0.07394574801909914,0.4288887104501266,-0.0496998056769371,-0.39105433225631714,-0.22238034009933472,-0.1663013528049606,0.33169245144310333,-0.06206109428934559
2453,1625451624.3054972,0.0,-0.07408685237169266,0.014092537574470043,0.024583958089351654,-0.0035292263294556675,0.07471473025660222,0.4286590054319024,-0.10935461521148682,-0.28346261382102966,-0.16485606133937836,-0.07668558150623347,0.07886910984752236,-0.027919749948387824
2454,1625451624.315556,0.0,-0.07508809864521027,0.011405649594962597,0.02331956848502159,-0.00406815140865785,0.07547297059585666,0.42845893884813707,-0.001762906089425087,-0.22913414239883423,-0.10520125925540924,-0.06647966113637174,0.07708834371164375,-0.022597472466992112
2455,1625451624.3254783,0.0,-0.07554559409618378,0.009572319686412811,0.02264099195599556,-0.004401578066499767,0.07588188110680755,0.4284415733704902,0.09730668365955353,-0.2760057747364044,-0.06152541562914848,-0.0481125271993029,0.06421185000826715,-0.01198729680818319
2456,1625451624.3352382,0.0,-0.0758497342467308,0.007350447587668896,0.022447004914283752,-0.0049141291259755665,0.07618303769217313,0.4283731761416749,0.0983719527721405,-0.21315518021583557,-0.017849572002887726,-0.042685391478518526,0.03685320214960271,-0.0031058415299758894
2457,1625451624.3454814,0.0,-0.07574039697647095,0.005117511376738548,0.022677723318338394,-0.008315197066418145,0.07820277908873248,0.43048506603925774,0.07706665992736816,-0.24830889701843262,0.02263047732412815,-0.048933028329650456,0.023173467104784972,-0.003641185568322945
2458,1625451624.3555963,0.0,-0.07535979151725769,0.0021194876171648502,0.023259423673152924,-0.00859663714835568,0.07731829880933526,0.4318354276488531,0.12074250727891922,-0.368683785200119,0.06630632281303406,-0.04900455270014998,0.008209263332126916,0.004986974232575126
2459,1625451624.3655057,0.0,-0.07547787576913834,-0.0017109058098867536,0.023248005658388138,-0.009294893333865809,0.07447363667339951,0.43574350109657256,0.09624142199754715,-0.3963806629180908,-0.07111279666423798,-0.05007003679727613,-0.05511373625313567,0.08035980626271931
2460,1625451624.3760412,0.0,-0.07827597856521606,-0.004898094572126865,0.02378784865140915,-0.009958090323586563,0.0745099163242323,0.4363479804436632,-0.21481579542160034,-0.5423218607902527,-0.03169801086187363,-0.06618007358309001,-0.14567622442514497,0.22038877612407176
2461,1625451624.455068,0.0,-0.08101042360067368,-0.04024241492152214,0.011473771184682846,-0.01749339636009979,0.07979617621034528,0.4339984976256157,0.1218077689409256,-0.5359302759170532,-0.1765739619731903,-0.7291956604705382,0.10588329856736396,0.02857697834741079
2462,1625451624.4647188,0.0,-0.08074767887592316,-0.04415689408779144,0.008878402411937714,-0.018343774128133705,0.07874559006197629,0.43467972837880303,-0.2584916353225708,-0.36655324697494507,-0.30440571904182434,-0.5704616356075707,0.07375006092953718,0.025156572788687055
2463,1625451624.4747212,0.0,-0.08138436079025269,-0.051063429564237595,0.007069535553455353,-0.01998703768240742,0.07499432007310769,0.43708708587314776,-0.1754010170698166,-0.8842717409133911,-0.22877192497253418,-0.12924529352502115,-0.23077764390752306,0.14882885717286654
2464,1625451624.4850247,0.0,-0.08217474073171616,-0.05810873955488205,0.003907065838575363,-0.021884374054475283,0.0779793187080806,0.4369240217486726,-0.2584916353225708,-0.5828019380569458,-0.36832159757614136,-0.17280082337224162,-0.11903140577395764,0.13573040823960125
2465,1625451624.494611,0.0,-0.08146116882562637,-0.0610121488571167,-0.0025013145059347153,-0.02259150178889776,0.08283834901646038,0.4379009490240562,-0.3639528155326843,0.29071491956710815,-0.7198588252067566,-0.14950221837506433,0.37258895692424693,0.04277328008736985
2466,1625451624.5045424,0.0,-0.07529754936695099,-0.06314373016357422,-0.010281849652528763,-0.023223829961806067,0.0802824066599016,0.4375111507232231,-0.49284982681274414,-0.119411900639534,-0.7241199016571045,-0.06679876879235508,0.19069557340281532,0.017995148485069456
2467,1625451624.5145502,0.0,-0.08146943897008896,-0.06271705776453018,-0.0168197900056839,-0.023097332391340118,0.08131453932748076,0.43786223499498095,0.02060764841735363,-0.03951706364750862,-0.4173237383365631,-0.02626687604985315,-0.06828630844152775,-0.003539626835540964
2468,1625451624.5249493,0.0,-0.07973538339138031,-0.06988561153411865,-0.019101623445749283,-0.025122293659887336,0.08202602498903593,0.43849554755302533,-0.19670629501342773,-0.2717447280883789,-0.23516350984573364,-0.09400147461817551,0.05926358693529536,0.04571007752162529
2469,1625451624.53489,0.0,-0.08648822456598282,-0.06630752980709076,-0.01803692802786827,-0.024270250462164238,0.08454943245791605,0.4385361351306125,-0.9359998106956482,0.5431826114654541,0.16857171058654785,-0.07166079153422067,0.14977714634604813,0.035748275365696115
2470,1625451624.5452056,0.0,-0.08899010717868805,-0.06593092530965805,-0.016811076551675797,-0.024363533031224217,0.08481627939285101,0.4388236176841344,0.040847670286893845,-0.034190740436315536,-0.024241158738732338,0.0406457529505609,0.15856371802357033,0.01329263510854592
2471,1625451624.618097,0.0,-0.10027866810560226,-0.07293357700109482,-0.01111842505633831,-0.027603821870839033,0.08751838022464048,0.43971232861718995,0.054696109145879745,0.1351862996816635,0.12702639400959015,-0.11247621813937878,0.194170145257475,-0.00884877135645147
2472,1625451624.62767,0.0,-0.10045664757490158,-0.07245741039514542,-0.009993264451622963,-0.027582209075512586,0.08730617445518268,0.43968844397492673,0.0174118559807539,0.08298834413290024,0.11637374758720398,-0.12065705559028031,0.162108929910335,-0.022832937641057597
2473,1625451624.6375346,0.0,-0.10061037540435791,-0.0717688575387001,-0.009135806933045387,-0.02749552267667873,0.08724296669044282,0.4396295705143972,0.10156774520874023,0.20655901730060577,0.09826425462961197,0.002970415628204321,-0.011985751070430277,-0.0046264798589040375
2474,1625451624.6475291,0.0,-0.10090672969818115,-0.07031764090061188,-0.008504597470164299,-0.027208542194956553,0.0873857350487319,0.4395903458988188,0.10156774520874023,0.16288317739963531,0.06204526126384735,0.019303082826031433,0.0009618668857622467,-0.004376303195903167
2475,1625451624.6576648,0.0,-0.1008257269859314,-0.06868965923786163,-0.008231528103351593,-0.02687362734245574,0.08747372651774316,0.4395206364367584,0.06854454427957535,0.23212537169456482,0.04500102996826172,0.03315513269297926,0.011204901253305118,-0.004672400099400038
2476,1625451624.6675591,0.0,-0.10052625089883804,-0.06708494573831558,-0.008113168179988861,-0.026519592013064898,0.08727613951941607,0.4395511210969667,0.05256558209657669,0.20229797065258026,0.032217856496572495,0.03549025107642,-0.003911187235868189,-0.0019252508734072938
2477,1625451624.6776962,0.0,-0.10021547973155975,-0.06560642272233963,-0.008177315816283226,-0.026159831681145704,0.0870583136959216,0.4395206906018049,0.05043505132198334,0.20229797065258026,0.0023904531262815,0.036622353979502795,-0.019341939603716933,0.000571954323511136
2478,1625451624.6876185,0.0,-0.10000991821289062,-0.0637526586651802,-0.008293230086565018,-0.02569264494391351,0.08688155962370825,0.4394484002367889,0.05789190158247948,0.2374516874551773,0.008782039396464825,0.041686700471342875,-0.019418120534401683,-0.004497240347626402
2479,1625451624.69758,0.0,-0.09960412979125977,-0.06143500283360481,-0.008575066924095154,-0.023096291412047568,0.08112317825779745,0.44521281769896237,0.044043466448783875,0.26727908849716187,-0.005066398065537214,0.052440231622792426,-0.030423143242322353,-0.002626134563226435
2480,1625451624.7076385,0.0,-0.09917478263378143,-0.05998522788286209,-0.008801955729722977,-0.023333555798891445,0.07962351103172166,0.44727060898957455,0.11328565329313278,0.25875696539878845,-0.026371687650680542,0.05781151316619574,-0.04462642007779403,0.010149586651411333
2481,1625451624.7835903,0.0,-0.09180188179016113,0.001459105871617794,-0.0016658846288919449,-0.015066855396624876,0.07145176194172664,0.4490925901089581,0.26348793506622314,0.7604965567588806,0.5989385843276978,0.39254592058428867,-0.1081893570567726,0.043623401471876246
2482,1625451624.7941854,0.0,-0.08957953751087189,0.00789467804133892,0.0037741325795650482,-0.013947307286617056,0.07229152666890867,0.44887144473260665,0.16015729308128357,0.41641610860824585,0.6340922713279724,0.7266918714944958,-0.09046289925669421,0.02437501248620655
2483,1625451624.8039145,0.0,-0.08610465377569199,0.012823502533137798,0.009543724358081818,-0.01300215727919804,0.07392392681678835,0.44905362035197205,0.491454541683197,0.5218773484230042,0.597873330116272,0.12195497498059606,0.12153269706361977,-0.001567493787940122
2484,1625451624.813777,0.0,-0.08285855501890182,0.01767026074230671,0.014706257730722427,-0.012209952955457307,0.06946864362478647,0.4501625055460774,0.02060764841735363,0.5921847820281982,0.5328921675682068,0.07680249423869415,-0.10202850365493661,0.06145648877884511
2485,1625451624.8237755,0.0,-0.08031605184078217,0.021128783002495766,0.019834890961647034,-0.01170501797143296,0.06674417951550754,0.45190612165678523,0.17187519371509552,0.10855469107627869,0.5169132351875305,0.0642975687712198,-0.39969435369950546,0.14984961751918915
2486,1625451624.8335986,0.0,-0.07907227426767349,0.02462039142847061,0.024182014167308807,-0.010946861981723496,0.075108505352101,0.45084244945507956,-0.21375054121017456,0.3631528913974762,0.3656456172466278,0.07090410690514358,0.145408285752371,0.06505859961223563
2487,1625451624.8449094,0.0,-0.07794365286827087,0.025635240599513054,0.02845059707760811,-0.010983811435181845,0.07628516713027128,0.4515856580787096,0.49465033411979675,-0.45497021079063416,0.590416431427002,0.04680379327510842,0.521560786680024,-0.04149571686932493
2488,1625451624.8537333,0.0,-0.07562272995710373,0.022040467709302902,0.037905458360910416,-0.011399795357312142,0.07306522308332375,0.454228856577115,-0.3277338445186615,0.06487885117530823,0.8695157170295715,-0.044477181300817445,-0.09050169062352159,0.1787282104232246
2489,1625451624.8636653,0.0,-0.0683792307972908,0.022123901173472404,0.04326333478093147,-0.010689786960812332,0.07076271049328445,0.45492642240018427,0.4690839946269989,0.026529330760240555,0.3656456172466278,-0.014884792654545403,-0.36167820030219044,0.2266159872203357
2490,1625451624.873609,0.0,-0.06962613016366959,0.034798722714185715,0.04119851067662239,-0.006711349865743496,0.07301831888110098,0.45494822764783843,-0.24677373468875885,1.3836761713027954,-0.28523096442222595,0.20521320865911347,-0.05104106739046521,0.053572556691183826
2491,1625451624.9512508,0.0,-0.06675294786691666,0.044567618519067764,0.055841851979494095,-0.0011746926632961,0.07253350847684642,0.456261875975284,0.07813192903995514,-0.10875925421714783,0.035413652658462524,0.3478779139417819,0.07547205817410846,-0.002526382144719064
2492,1625451624.9611285,0.0,-0.06655886769294739,0.0433833971619606,0.05531745031476021,-0.0011049042305823313,0.07184295070695372,0.4562945605588407,0.18785417079925537,-0.35377007722854614,-0.1392897069454193,0.17267512865264253,-0.045281691928962677,-0.006266598848657848
2493,1625451624.9710202,0.0,-0.06572404503822327,0.042773667722940445,0.05377493426203728,-0.0009015556685245812,0.07110106763746533,0.45632446053478004,-0.08911459147930145,-0.02140756882727146,-0.1542034149169922,0.013507160553922643,-0.07618699775514767,0.0026121461802552687
2494,1625451624.9825559,0.0,-0.06659486889839172,0.043220896273851395,0.052249494940042496,-0.00030452404278101877,0.07085619250858914,0.45628325358769634,-0.008154492825269699,-0.17267511785030365,-0.1861613541841507,0.03716861034301317,-0.051025145185796594,-4.29446344648779e-05
2495,1625451624.9909136,0.0,-0.06583698093891144,0.04201854020357132,0.05048244819045067,-0.00022110231944863154,0.07002774152623606,0.4562842010525544,0.030195029452443123,-0.192915141582489,-0.19681398570537567,0.038430587949698246,-0.05522935639778231,-0.0014357363535719388
2496,1625451625.0010676,0.0,-0.0667150542140007,0.04133126884698868,0.048604320734739304,-1.9603071735371097e-05,0.0697729683969876,0.4562549240493074,-0.12639884650707245,-0.15456563234329224,-0.18509608507156372,0.017258613905239535,-0.0645627693890434,-0.0008429813029991032
2497,1625451625.0110912,0.0,-0.06660055369138718,0.03935764357447624,0.04678588733077049,-0.000180463761119673,0.06907444612378244,0.4562838858616499,0.048304520547389984,-0.3005068600177765,-0.19787925481796265,0.0037520971305433416,-0.046482815937864935,0.0005936436711602338
2498,1625451625.0213232,0.0,-0.06696635484695435,0.03686891496181488,0.04505808278918266,-0.0004553055268746477,0.06852631421334109,0.45631507143855565,-0.020937664434313774,-0.31222477555274963,-0.18935714662075043,-0.02107029542400117,-0.062564953529827,0.0033249663743409007
2499,1625451625.0310962,0.0,-0.0672144740819931,0.034851107746362686,0.043534766882658005,-0.0005520841198618717,0.06772649749906651,0.4563513473338881,-0.09444091469049454,-0.2078288495540619,-0.15526868402957916,-0.025982362011519718,-0.0643222023015986,0.004691158833911222
2500,1625451625.041151,0.0,-0.06729328632354736,0.03228343278169632,0.04226284101605415,-0.00079430694101661,0.06722263766537914,0.4563962456433157,-0.04117769002914429,-0.28452789783477783,-0.1392897069454193,-0.02202026565569997,-0.06429092124696802,0.005348543151427591
2501,1625451625.1195297,0.0,-0.06231478974223137,-0.019897768273949623,0.025494467467069626,-0.005097651498924313,0.05687152812380393,0.46672418226687773,0.29544588923454285,-1.0035814046859741,-0.6090713143348694,-0.5354582795813857,-0.1263251798140468,0.037588248913435394
2502,1625451625.1292737,0.0,-0.059282686561346054,-0.028788287192583084,0.02050335332751274,-0.00653518945894177,0.05846316105753331,0.46612546405666205,0.47654083371162415,-0.9417960047721863,-0.6143976449966431,-0.662453779693948,-0.05479336054366557,0.005931086932480557
2503,1625451625.13972,0.0,-0.05285542830824852,-0.03465409204363823,0.01462285965681076,-0.0070281379104373265,0.057590174578116646,0.4663702170662922,0.6224821209907532,-0.3271384835243225,-0.6048102378845215,-0.12108468817245403,0.05134598830803505,-0.019304985830380796
2504,1625451625.1494167,0.0,-0.047440823167562485,-0.03622383251786232,0.007881365716457367,-0.006526174773518301,0.053232074564145526,0.46743290267827453,0.34551331400871277,0.15968738496303558,-0.7283809185028076,-0.01775675752181306,-0.22189783519143275,0.05720644903752403
2505,1625451625.15955,0.0,-0.043001048266887665,-0.033382952213287354,-0.0005600452423095703,-0.005192502801133439,0.05333247639040779,0.46844064294573123,0.2475089728832245,0.17886213958263397,-0.8114715814590454,0.09241269854069444,-0.2767275764598611,0.10834876903235209
2506,1625451625.1696062,0.0,-0.03954272344708443,-0.03130657970905304,-0.007607411593198776,-0.004929203820868214,0.059735106309914396,0.46716392730200795,0.44777870178222656,0.37380555272102356,-0.6016144752502441,0.08899746354712737,0.28399688862972067,0.0069802773080711675
2507,1625451625.1793442,0.0,-0.03720569983124733,-0.027990935370326042,-0.01238483190536499,-0.0042857469706125,0.0568625651269537,0.46667480935990735,0.15696150064468384,0.3248033821582794,-0.33103734254837036,0.051844700285290854,0.2784512348455708,-0.09913127589642307
2508,1625451625.1897292,0.0,-0.03521338850259781,-0.02647712081670761,-0.01467086747288704,-0.003664340236219907,0.049290613233607575,0.4703825510717278,-0.12639884650707245,-0.027799157425761223,-0.1254412829875946,0.07393479414777247,-0.4901530397744858,0.13370392098009445
2509,1625451625.1995027,0.0,-0.032465703785419464,-0.0377526618540287,-0.012583216652274132,-0.0069826220110491555,0.048589651573386065,0.474365505068168,-0.4523697793483734,-1.9292962551116943,0.875907301902771,-0.0994838323986502,-0.4933033540569654,0.36897213465070844
2510,1625451625.2091453,0.0,-0.0345204621553421,-0.05153028294444084,-0.008865157142281532,-0.011130567028900883,0.049303823567457425,0.4738828229293427,-0.11894199997186661,-0.9620360732078552,-0.1403549760580063,-0.3838404597317546,-0.02901012393929851,0.19601026033154703
2511,1625451625.2892544,0.0,-0.04638601467013359,-0.028802962973713875,-0.026361165568232536,-0.006275025464931326,0.04816814384874485,0.47430613194338,-0.06461350619792938,0.09683678299188614,0.024761006236076355,0.08105394494992849,0.18015507853494744,-0.012140421192983357
2512,1625451625.2987034,0.0,-0.04459768161177635,-0.028322309255599976,-0.025838809087872505,-0.0062901143782583616,0.04701074237841888,0.4743329851152926,-0.000697641575243324,0.3631528913974762,0.12596113979816437,0.3285199796412043,0.09672315060013874,-0.01071063099231423
2513,1625451625.3090298,0.0,-0.04535575583577156,-0.022831644862890244,-0.023708952590823174,-0.005008174867299708,0.04587089995606814,0.4746748513249607,0.14311306178569794,0.6507743000984192,0.3432750701904297,0.061305773786542526,-0.10400349875338383,0.015437291965886788
2514,1625451625.3191621,0.0,-0.044852424412965775,-0.019768575206398964,-0.019545475021004677,-0.004195538224495789,0.045716232033796635,0.47476797685406763,-0.003893435001373291,0.2523654103279114,0.5659153461456299,0.10939660098192985,-0.0832871776787914,0.024088100027987912
2515,1625451625.32874,0.0,-0.04285208508372307,-0.021050484851002693,-0.014318065717816353,-0.004614862001611243,0.045713733545478356,0.4745920837044048,0.23685632646083832,-0.0959760844707489,0.4593888819217682,0.03425909907984369,-0.02063501278667092,-0.0023091848025720662
2516,1625451625.338948,0.0,-0.04205930978059769,-0.020304780453443527,-0.01136644184589386,-0.004491075588364958,0.0454617807949757,0.47450971432417377,0.07174034416675568,0.17353582382202148,0.23461811244487762,-0.015036239994684576,-0.006405916733010856,-0.014854902535120122
2517,1625451625.3488662,0.0,-0.04056057333946228,-0.017111478373408318,-0.00959429144859314,-0.0036055086582501353,0.04476575054867961,0.4742711477464075,0.1590920239686966,0.5389215350151062,0.15578854084014893,0.0407454609848516,-0.044053922811817844,-0.015617744441264816
2518,1625451625.3589091,0.0,-0.03972109407186508,-0.011363301426172256,-0.0077807605266571045,-0.001977796881107406,0.044655594492692824,0.4740084350802514,0.018477119505405426,0.6688838005065918,0.217573881149292,0.11910238025290991,-0.04513562865675153,-0.024334535309552586
2519,1625451625.368997,0.0,-0.03963489085435867,-0.0069937813095748425,-0.005436651408672333,-0.0006328661000556124,0.044773233397773574,0.4739453095501135,0.13352568447589874,0.30882441997528076,0.2719023525714874,0.156431523669831,-0.002747482013250136,-0.018236479066657145
2520,1625451625.3788207,0.0,-0.03811481595039368,-0.005327046383172274,-0.003160635009407997,-7.19452318496544e-05,0.044301058988250284,0.47400389322640624,0.05043505132198334,0.16927476227283478,0.21970440447330475,0.10662288352066035,-0.014676444703478533,-0.0014755664071718127
2521,1625451625.4549947,0.0,-0.0444251112639904,0.03648223355412483,-0.0065314993262290955,0.009186582568503049,0.029186943695324596,0.4861624904779902,-0.7037721276283264,1.0044420957565308,-0.04022012650966644,0.4051736857804023,-0.02274919270503843,0.016979907150120415
2522,1625451625.46482,0.0,-0.04506434127688408,0.04371029883623123,-0.005831107497215271,0.010793874461031236,0.028912906593977217,0.4860963318895197,-0.100832499563694,0.7636923789978027,0.20266017317771912,0.5485429887859569,-0.00045265314133622497,0.014095805192567886
2523,1625451625.4753542,0.0,-0.04581018537282944,0.05061637982726097,-0.0040255095809698105,0.012148498246768322,0.027770509689038395,0.48590310814805204,-0.23399056494235992,0.5868584513664246,0.21331281960010529,0.1686235868460351,-0.050556681406953574,-0.011645264736846312
2524,1625451625.485218,0.0,-0.04985584691166878,0.056491609662771225,-0.0012318100780248642,0.01359630886746141,0.028609927019836404,0.48593164695936875,0.054696109145879745,0.18844953179359436,0.3251655697822571,0.14933533031981885,-0.0127595725256537,-0.008565700254580843
2525,1625451625.4954543,0.0,-0.049038320779800415,0.05779726430773735,0.0018924213945865631,0.013839235265900945,0.030458800229418395,0.485981022516855,-0.22440317273139954,0.5655531883239746,0.2079865038394928,0.08603454190307273,0.12360586870462453,0.005457530556350779
2526,1625451625.505308,0.0,-0.04864830523729324,0.060497988015413284,0.0036407485604286194,0.014415156560273687,0.028847789105748575,0.4862513214827017,-0.19564104080200195,0.3951108157634735,0.14087483286857605,0.04179371378605206,0.03533305451963697,0.017194628764189212
2527,1625451625.51497,0.0,-0.04734937474131584,0.06366154551506042,0.004168108105659485,0.015091322130211762,0.027374914542946938,0.48763679023047035,0.2325952798128128,0.22679904103279114,-0.010392720811069012,0.06637043468295288,-0.14403664726748186,0.07807495675111135
2528,1625451625.5252013,0.0,-0.048246532678604126,0.07008443027734756,0.003851570188999176,0.01702124229363447,0.031761098225313464,0.4886039600539197,-0.14344307780265808,0.7168207168579102,0.01943468302488327,0.12388760359952768,0.06655473765632086,0.1262674850940288
2529,1625451625.5351088,0.0,-0.04685838893055916,0.07204116135835648,0.005446497350931168,0.01770689075069244,0.037059454298693506,0.48817621918194554,1.0432615280151367,-0.6520441174507141,0.503064751625061,0.14332973889268597,0.4974795018931753,0.04059756095387932
2530,1625451625.5452137,0.0,-0.041361693292856216,0.06406953185796738,0.01034897193312645,0.015341286422357263,0.03327126542951964,0.4898074257722097,0.3071637749671936,-0.8160948157310486,0.10359057784080505,-0.0519203676693345,0.1326927544624925,0.032443432729681025
2531,1625451625.6216898,0.0,-0.026271263137459755,0.06686379015445709,0.034854527562856674,0.02094367747042864,0.03446737468434293,0.49701645594660204,0.6576358079910278,0.08511887490749359,-0.09561387449502945,0.006942572246309821,-0.361897574396794,0.08437217121102271
2532,1625451625.6317317,0.0,-0.024417560547590256,0.0636909157037735,0.035370323807001114,0.02042055191741328,0.03396417125291752,0.497130251096498,-0.1615525782108307,0.36528342962265015,0.24314022064208984,0.10214736466231741,-0.23285255477161265,0.02779105674462279
2533,1625451625.641895,0.0,-0.031094318255782127,0.07071834802627563,0.03757550194859505,0.022773945202720462,0.03663525593048238,0.4969404682166989,-0.062482982873916626,0.4558309018611908,0.35073190927505493,0.07288757457195084,0.07661190895886548,-0.003509155917757122
2534,1625451625.6516876,0.0,-0.02962825633585453,0.06776199489831924,0.043347496539354324,0.022244710363587522,0.03604127985603794,0.49697052628604327,-0.06035245209932327,-0.6232819557189941,0.7395534515380859,0.10318815517620054,0.1206784659901856,-0.011373619788020834
2535,1625451625.6620858,0.0,-0.031503062695264816,0.06801362335681915,0.04708113893866539,0.02264971077766193,0.03587313816077141,0.4969224038583636,-0.6941847801208496,0.010550364851951599,0.13022220134735107,9.58648464366085e-05,-0.04433482700818625,-0.0037846871633009705
2536,1625451625.6719103,0.0,-0.03186517581343651,0.06633997708559036,0.04760633036494255,0.02249528512686036,0.035891743732294444,0.4967089260359429,0.43393024802207947,-0.4858628809452057,-0.057264357805252075,0.011945989122722725,-0.00904316680490616,-0.012949795729077588
2537,1625451625.6816895,0.0,-0.03070438839495182,0.06309082359075546,0.047080617398023605,0.02178668374995353,0.03567366421897529,0.4964878432817694,-0.34371280670166016,0.09470625221729279,-0.09561387449502945,-0.042308659779356744,-0.0065870508906469855,-0.022153269045605925
2538,1625451625.6918201,0.0,-0.03227118402719498,0.06262226402759552,0.04609953984618187,0.021971116480494546,0.03509632433233967,0.4962891958949307,-0.19031471014022827,-0.2909194827079773,-0.12011495977640152,-0.031270140547568076,-0.04308072883935247,-0.02188318000861872
2539,1625451625.7020118,0.0,-0.03201545402407646,0.06002591550350189,0.04448871687054634,0.021492589277018283,0.03443394579818758,0.4960915721339982,0.29118481278419495,-0.46029654145240784,-0.17763923108577728,-0.012395591459442532,-0.05265864835010587,-0.019741876187885556
2540,1625451625.712122,0.0,-0.03268701210618019,0.057315707206726074,0.042401593178510666,0.020896117041440482,0.034763942358315605,0.49576922310177135,-0.008154492825269699,-0.20995938777923584,-0.2330329865217209,-0.05697065467424962,-0.02464531555097542,-0.025468533557651614
2541,1625451625.7840831,0.0,-0.03572218492627144,0.03893963247537613,0.0296153761446476,0.018665047414204924,0.026674881617238536,0.5015474839218523,0.23046474158763885,-0.2025025337934494,-0.18722660839557648,-0.16853874136589886,-0.0008957961739170132,-0.0073494909304754295
2542,1625451625.7938197,0.0,-0.037292513996362686,0.03136394917964935,0.028889432549476624,0.017128954025864895,0.027556802292450208,0.501247850749361,-0.04437348619103432,-1.1591100692749023,-0.021045364439487457,-0.24978059692272897,0.04478913179770396,0.011367966212638279
2543,1625451625.804026,0.0,-0.03579852730035782,0.01960894651710987,0.02802494540810585,0.014462293787823988,0.024147513449008756,0.5012853963441447,0.6224821209907532,-1.5223652124404907,-0.31718888878822327,-0.20041904933927304,-0.10983169811400822,-0.01825162946271157
2544,1625451625.813779,0.0,-0.03500867635011673,0.011623255908489227,0.023099344223737717,0.012696079084092232,0.02450020145264463,0.5013844541542145,-0.04011242836713791,-0.31648582220077515,-0.6719219088554382,-0.2416478855279194,-0.19807232914147455,0.011015791512873022
2545,1625451625.8239295,0.0,-0.03357212245464325,0.009939097799360752,0.015915613621473312,0.012349272814800666,0.02966272494921754,0.4987803972399557,-0.02200292982161045,0.39724135398864746,-0.7795136570930481,-0.14202916552040595,0.21622225084641916,-0.10251259542885906
2546,1625451625.8336987,0.0,-0.03120225854218006,0.011441444978117943,0.007029462605714798,0.01340216646344601,0.028047239840095717,0.49763073655971113,0.17080993950366974,0.06274832040071487,-0.8359726667404175,0.02163873734622173,0.2543711627835856,-0.20107924184628162
2547,1625451625.843836,0.0,-0.030416470021009445,0.010178372263908386,0.001959480345249176,0.013693021160966448,0.019725532019141442,0.49985214987638693,0.16122254729270935,0.04570409283041954,-0.2000097930431366,0.07808376453295952,-0.43373714978595257,0.011224528381716052
2548,1625451625.8536696,0.0,-0.027165982872247696,0.012381421402096748,0.001543000340461731,0.013831809407793744,0.023571635991761458,0.501188095408175,0.3614922761917114,0.04889988526701927,0.05139261856675148,0.04052252989159896,-0.3536054146754638,0.1920419829565777
2549,1625451625.8636186,0.0,-0.023486696183681488,0.0071181003004312515,0.0043455734848976135,0.011834095861758792,0.03143993506294954,0.4982731475491843,0.6714842319488525,-0.7468526363372803,0.4402141273021698,-0.06942487729760964,0.5214069091232761,-0.022515593392201758
2550,1625451625.8736885,0.0,-0.01921139471232891,0.001938164816237986,0.005818162113428116,0.010327480278063197,0.028715652106274567,0.498183093407893,0.09624142199754715,-0.14391298592090607,0.05245788395404816,-0.18374059376724733,0.38855723999610714,-0.17303554737572915
2551,1625451625.9481378,0.0,-0.03363632410764694,-0.02005595527589321,-0.019260000437498093,0.004239403518242153,0.027492536761183885,0.5011346783766425,-0.19564104080200195,0.18525373935699463,-0.19361819326877594,-0.4095222148838043,0.01807794668965045,0.038373825672236135
2552,1625451625.957816,0.0,-0.03741485998034477,-0.019433679059147835,-0.020046718418598175,0.004197597378531356,0.028260836394667206,0.5014533380141388,-0.48326244950294495,0.09790204465389252,-0.054068565368652344,-0.32389539243117854,0.11917981688518735,0.09978391754297554
2553,1625451625.9675257,0.0,-0.03941859304904938,-0.0245509073138237,-0.019796941429376602,0.002525773966676907,0.029219230454715785,0.5008828057444896,-0.034786105155944824,-0.30263739824295044,-0.15633393824100494,-0.08167754016286602,0.09031932331084708,-0.0018354961785952135
2554,1625451625.9779148,0.0,-0.041138023138046265,-0.02503647655248642,-0.021676508709788322,0.002082379241008042,0.029401682601679004,0.500492056768244,-0.11361567676067352,0.14583894610404968,-0.2884267568588257,-0.10974949282976197,0.0708225616948126,-0.05018588797042837
2555,1625451625.9876275,0.0,-0.04290902242064476,-0.021329673007130623,-0.026178425177931786,0.0027469811305204372,0.028936372515606712,0.5006908173997126,-0.14557361602783203,0.5762057900428772,-0.4684564471244812,-0.003337517047668184,-0.012025548504037234,-0.0169216718032727
2556,1625451625.9976459,0.0,-0.04384160786867142,-0.01684393361210823,-0.028104551136493683,0.003677019781364338,0.028064454427042487,0.5009759899577971,-0.2712748050689697,0.4313298165798187,0.1334179937839508,0.07755048363436554,-0.06661529504425738,0.021240189206536277
2557,1625451626.0080235,0.0,-0.04443025216460228,-0.017403146252036095,-0.025242198258638382,0.0032028870172953056,0.027880358333344277,0.5010660229144094,0.20383313298225403,-0.36335745453834534,0.449801504611969,0.042131649650130575,-0.0519566636238383,0.020524343135465545
2558,1625451626.0175831,0.0,-0.042148441076278687,-0.021890725940465927,-0.0226694718003273,0.0015612113487755222,0.026819493438234712,0.5009662158879624,0.22939947247505188,-0.28346261382102966,0.0876116082072258,-0.10379406989954097,-0.06060764156884489,-7.232337415921673e-05
2559,1625451626.027713,0.0,-0.04157262668013573,-0.023341871798038483,-0.022182393819093704,0.0007438152896496186,0.02600828656667272,0.5007858566983343,0.1825278401374817,0.0009629845153540373,-0.01678430661559105,-0.14310223052282448,-0.09420297873337981,-0.016134965712813518
2560,1625451626.0375614,0.0,-0.040237944573163986,-0.022495735436677933,-0.022806083783507347,0.0006828861194752775,0.025214094231408468,0.5004565795331891,0.2794668972492218,0.30136755108833313,-0.14568130671977997,-0.053900483492207156,-0.08095043388380373,-0.026425426836786173
2561,1625451626.1140614,0.0,-0.0359405092895031,-0.003911793231964111,-0.009966608136892319,0.0035417278416454423,0.02274026255199857,0.49835599374654893,-0.014546079561114311,0.242778018116951,0.217573881149292,0.016883212699485606,-0.09936053669033544,-0.059859101754727376
2562,1625451626.1236534,0.0,-0.034919168800115585,-0.00346898240968585,-0.0077103134244680405,0.0034870692371730266,0.022746140703855222,0.49971078882821074,0.1537657082080841,-0.07680132240056992,0.32303503155708313,0.04416887508083263,-0.06538615565874678,0.008946092716113529
2563,1625451626.1335385,0.0,-0.03469745069742203,-0.0012196983443573117,-0.00548616424202919,0.0039244947787810125,0.021889301228240413,0.5003027570635447,0.3859933614730835,-0.1843930333852768,0.13767904043197632,0.030899877228423432,-0.023368735093614822,0.09075964998170487
2564,1625451626.1440806,0.0,-0.0322854109108448,-0.00014759780606254935,-0.003819609060883522,0.003856405717833092,0.01892774425133982,0.5006053790898759,-0.037981897592544556,0.2555611729621887,0.02689153514802456,0.014097970896809406,-0.20282881870607175,0.04689524555128522
2565,1625451626.1536446,0.0,-0.029981616884469986,0.0010203348938375711,-0.0008784160017967224,0.004093311366254793,0.019543702838345736,0.5001476397615144,-0.6121594309806824,0.7956503033638,0.3794940710067749,0.002631638064871513,-0.1751245273332717,-0.002888863217202
2566,1625451626.1636815,0.0,-0.02834867127239704,0.0018483122112229466,0.0013439469039440155,0.004101219594434713,0.02093822699363998,0.4988657619311548,0.909038245677948,-0.5327344536781311,0.4583236277103424,0.01744595454767626,0.09836262939978178,-0.08466592830383829
2567,1625451626.1735134,0.0,-0.02213948965072632,0.00144194473978132,0.009180359542369843,0.0038087844457858483,0.017222451704803007,0.49828956815444914,0.8110339045524597,-0.19184988737106323,0.6170480847358704,-0.006051116760008877,-0.055052101506728006,-0.10612332689040917
2568,1625451626.183559,0.0,-0.02001308649778366,0.001783435232937336,0.014337453991174698,0.004136654774144821,0.009345588402326743,0.49919952934585143,0.5063682794570923,0.09044519811868668,0.577633261680603,-0.00461253117073872,-0.5895308984681925,0.007160036317970339
2569,1625451626.1935472,0.0,-0.014627840369939804,-0.0004482835065573454,0.020950093865394592,0.0039223502534695,0.017710440058683025,0.49883234288268063,0.5170209407806396,-0.6168903708457947,0.6756376028060913,0.006132259792719993,-0.10756050382196301,0.04523495726386269
2570,1625451626.203579,0.0,-0.00913133006542921,-0.0028225521091371775,0.025715194642543793,0.003590465429944373,0.021357082445288264,0.4956756352453996,1.4192999601364136,-0.8501833081245422,0.2495318204164505,-0.010787509849127337,0.6175562974281028,-0.14987750454298188
2571,1625451626.286522,0.0,-0.022374484688043594,0.015495603904128075,0.040866266936063766,0.009112517647263348,0.020177454551315456,0.4963680850386031,-0.6686184406280518,0.052095677703619,0.07908949255943298,0.2595211880502269,0.4008083817459228,-0.12135439773354008
2572,1625451626.2967544,0.0,-0.028586773201823235,0.020694442093372345,0.040396798402071,0.010619915193104013,0.019288415496931,0.49742163466858913,-0.610028862953186,1.0971200466156006,-0.144616037607193,0.3282442260057701,0.10445133386257285,0.08118903954918606
2573,1625451626.306574,0.0,-0.03727385401725769,0.027652718126773834,0.039926957339048386,0.012639313771555728,0.02048442073459973,0.49779196970218903,-0.7996459603309631,0.3663486838340759,0.0876116082072258,0.17805739954758096,0.009444988280637789,0.07543320424048262
2574,1625451626.3167346,0.0,-0.04246525466442108,0.024737775325775146,0.04134910926222801,0.011794165118841363,0.021318375639191228,0.4974296467177219,-0.14344307780265808,-0.776680052280426,0.4668457508087158,0.09176732058908744,0.10683532746802124,0.007941077460461715
2575,1625451626.3264306,0.0,-0.04835895821452141,0.0171236339956522,0.04365215077996254,0.00967477490919233,0.022703951975120984,0.49731985474750123,-0.5695488452911377,-0.94712233543396,-0.1542034149169922,-0.13291214289948794,0.1123484190586415,-0.024755413459860483
2576,1625451626.3365235,0.0,-0.04712194204330444,0.009547227993607521,0.04109640792012215,0.007687892498535381,0.02099011685658983,0.49751346821768017,0.42540815472602844,-0.8533790707588196,-0.3811047673225403,-0.21520232472972467,0.009113419255816612,-0.001363250421855848
2577,1625451626.346568,0.0,-0.04545661434531212,0.006508114282041788,0.03604685887694359,0.006894708301623496,0.019330070677076344,0.4980015708202669,-0.32134222984313965,0.7029722929000854,-0.5568733811378479,-0.17426017571401042,-0.1610451128492157,0.029249528896166384
2578,1625451626.356713,0.0,-0.04652419686317444,0.012236461043357849,0.030821699649095535,0.008516643438987295,0.01948632698918111,0.4982526019494518,0.040847670286893845,0.20442849397659302,-0.3619300127029419,0.021164751201567883,-0.09412798512444492,0.040072422541022494
2579,1625451626.3664148,0.0,-0.04377216100692749,0.016172608360648155,0.027822036296129227,0.009788900862538315,0.019575395244001974,0.49796961471255385,0.23898686468601227,0.6294690370559692,-0.2277066558599472,0.14667866152692513,0.010236205199941822,0.004185568952942448
2580,1625451626.376564,0.0,-0.04556465893983841,0.021471086889505386,0.02669345587491989,0.011327667523948808,0.019877694206696737,0.49765629189593225,-0.2169463336467743,0.1032283678650856,0.11637374758720398,0.147275973548649,0.015776077010511338,-0.029101982747374404
2581,1625451626.4564052,0.0,-0.035627398639917374,-0.005107578355818987,0.03277808055281639,0.0055299479052420275,0.02047895290179584,0.49551117799465,0.036586612462997437,-0.25683102011680603,-0.01678430661559105,-0.017389781094585586,-0.06323205257623274,-0.041655004306608644
2582,1625451626.4665186,0.0,-0.036152590066194534,-0.007671198807656765,0.03294140473008156,0.004699758902417028,0.02045165813664679,0.4969752231972586,-0.10189776867628098,-0.34311744570732117,0.015173625200986862,-0.02727231819588877,-0.06286719735676037,-0.03947344508671174
2583,1625451626.4765995,0.0,-0.03532581403851509,-0.009387499652802944,0.03206797316670418,0.0041840429844587496,0.0181503571337963,0.49953433250995094,-0.18711891770362854,-0.06934447586536407,-0.1392897069454193,-0.05083481156911241,-0.08910725543197481,0.075427489738403
2584,1625451626.4864247,0.0,-0.03690703213214874,-0.00832358654588461,0.030251074582338333,0.004363930358707038,0.017056645342191784,0.4997218454731974,0.044043466448783875,-0.14497825503349304,-0.21279296278953552,-0.013498080185977122,-0.16382439162995774,0.14332674993327607
2585,1625451626.4965682,0.0,-0.03839671611785889,-0.009686253033578396,0.029236678034067154,0.003985873131119089,0.019332725067988735,0.49878222353692764,-0.3511696457862854,-0.32074686884880066,0.23887917399406433,-0.0061651322233822105,0.02287566424661366,-0.015836020475734035
2586,1625451626.5065196,0.0,-0.03770149126648903,-0.0145906126126647,0.029777664691209793,0.0024738252138807176,0.01932684567142884,0.4977816746816522,-0.09017986059188843,-0.20143726468086243,-0.18403081595897675,-0.10384319728117948,0.1240627503020145,-0.10285528153041294
2587,1625451626.5165973,0.0,-0.034818366169929504,-0.019053399562835693,0.027295224368572235,0.0017732255660980745,0.01118135116563955,0.49899040108303605,-0.3245380222797394,-0.22700360417366028,-0.3384941816329956,-0.12059509846923354,-0.3624453085319073,-0.01599847660634417
2588,1625451626.526547,0.0,-0.03343302384018898,-0.022908439859747887,0.02301153540611267,0.00041187517242631533,0.010895289267570302,0.499912356541705,0.1633530855178833,-0.4773407578468323,-0.36832159757614136,-0.10570899719699621,-0.5079443851122258,0.11084821966558395
2589,1625451626.5365875,0.0,-0.030476320534944534,-0.02447308599948883,0.018995996564626694,-0.00047255688311569066,0.018859182862767193,0.4976395015150432,0.4925197958946228,-0.3409869074821472,-0.4503469467163086,-0.12033465342319513,0.3037453415156869,-0.03320112680581842
2590,1625451626.546659,0.0,-0.029155423864722252,-0.023385707288980484,0.014902319759130478,5.34252934796392e-05,0.01887868509002269,0.49605159096737483,0.02380344085395336,0.30136755108833313,-0.515328049659729,-0.04047430492074374,0.49179273982155114,-0.20180101393921013
2591,1625451626.6257668,0.0,-0.04463353008031845,-0.0651724562048912,0.009588345885276794,-0.012028039476933525,0.019669163985368367,0.49856635798417587,-0.9498482346534729,0.0009629845153540373,-0.14781183004379272,-0.5777817043562784,0.18420765575143108,-0.09266202058733691
2592,1625451626.6355278,0.0,-0.04691407084465027,-0.06423778086900711,0.006847981363534927,-0.011905713520164382,0.019524110733304907,0.4984311883211658,-0.3607570230960846,0.326933890581131,-0.4641954004764557,-0.5796392534496875,0.11670819342246778,0.00029688382095991584
2593,1625451626.6460488,0.0,-0.05090159550309181,-0.05606086179614067,0.0022622719407081604,-0.009823764243877743,0.021884509394879993,0.4982698989610201,-0.10935461521148682,0.8585008978843689,0.4071909487247467,0.08641262360979217,0.11347618251075074,-0.011975142904963477
2594,1625451626.655916,0.0,-0.055631641298532486,-0.046659450978040695,0.004182413220405579,-0.007484446776462934,0.022442774991970074,0.49858890723209076,-0.3969760239124298,0.8883283138275146,0.19307279586791992,0.2166222799123896,0.16506380416073574,-0.0011495979306887553
2595,1625451626.6656976,0.0,-0.0575062595307827,-0.045158013701438904,0.006351497024297714,-0.00754646863624512,0.02182623950446152,0.49881252479068816,-0.08804932981729507,0.01800721511244774,0.28575077652931213,0.14253068559513785,0.01800482374020177,0.02287678339393492
2596,1625451626.6754296,0.0,-0.05954191833734512,-0.0455344021320343,0.007669735699892044,-0.008266751419307376,0.02155545502402928,0.49893145578234777,-0.22759896516799927,-0.030994949862360954,-0.025306422263383865,-0.017718748033556088,-0.044246668805945445,0.018010548218800753
2597,1625451626.685596,0.0,-0.061653781682252884,-0.048229243606328964,0.007799211889505386,-0.009611267460541098,0.022018409055039503,0.4992160396593032,-0.01880713738501072,-0.43153437972068787,-0.007196926977485418,-0.09393528332183805,0.0005579800917342248,0.017385418619029234
2598,1625451626.6955407,0.0,-0.05993609130382538,-0.05468152463436127,0.007449250668287277,-0.011840039684859513,0.02235091657916867,0.49918254529202016,0.41262495517730713,-0.6946547031402588,-0.12863706052303314,-0.1685312036072594,0.0418068700208384,0.013464755164372387
2599,1625451626.705688,0.0,-0.05755669251084328,-0.05701111629605293,0.004796355962753296,-0.012712557924177574,0.021715829903035118,0.4989729370606337,0.13246041536331177,0.16607896983623505,-0.40560585260391235,-0.16836780954203168,-0.009626602678049939,-0.00985877004951514
2600,1625451626.715662,0.0,-0.056736476719379425,-0.054536595940589905,0.0015039332211017609,-0.012203823003256266,0.021290201447502884,0.498853935841034,0.3945154845714569,0.11814206838607788,-0.1403549760580063,-0.030181979499193264,-0.051440249743690034,-0.018243664890606748
2601,1625451626.792463,0.0,-0.05874185264110565,-0.037324823439121246,0.0019957758486270905,-0.009791677925773824,0.0175297334331235,0.4978170143000291,-0.13918201625347137,0.43985193967819214,0.04819682240486145,0.23334676545304986,-0.0007034786009058781,-0.002335699186335594
2602,1625451626.801677,0.0,-0.058768171817064285,-0.03392685949802399,0.0021392516791820526,-0.009181203038301146,0.01697092356660248,0.49778367403574786,0.026999235153198242,0.4185466468334198,0.03008732944726944,0.24884725827253107,-0.0013172859208955203,0.002712512462937352
2603,1625451626.8116126,0.0,-0.059211090207099915,-0.03003067336976528,0.002338327467441559,-0.007978384088107263,0.01789041350493928,0.4962619655340867,-0.034786105155944824,0.42493823170661926,0.06950211524963379,0.2657907146500037,-0.005764420966245055,0.0076376446636315055
2604,1625451626.821954,0.0,-0.05834116041660309,-0.0269887987524271,0.002707105129957199,-0.008209609732003659,0.016376713574018,0.4984603154660089,0.28266268968582153,0.09364099055528641,0.08654634654521942,0.2757968766265839,-0.007042188001408951,0.009211283636756535
2605,1625451626.8317227,0.0,-0.05851977318525314,-0.024085629731416702,0.0026386529207229614,-0.008202103200313574,0.01421722978276449,0.5000407326466372,-0.23292529582977295,0.4473087787628174,-0.08496123552322388,0.11090583959493264,-0.12317473733949544,0.11665989143042062
2606,1625451626.841769,0.0,-0.05727098509669304,-0.02059355564415455,0.0017792172729969025,-0.007702349027382482,0.015144833287361686,0.5000310509768184,-0.21907685697078705,0.696580708026886,-0.04767697677016258,0.02865838317282132,-0.10392831399591808,0.08582627873057085
2607,1625451626.8515148,0.0,-0.05604100972414017,-0.017817460000514984,0.0015275105834007263,-0.007344289852394506,0.01897700763031529,0.4991721143861433,1.0943942070007324,-0.10769399255514145,-0.06046015024185181,0.05506035402741644,0.25201727517490197,-0.029165660159237286
2608,1625451626.8615098,0.0,-0.05723879486322403,-0.010878993198275566,0.00020786002278327942,-0.005746383767645427,0.014013567970321869,0.49927299382987944,0.4094291627407074,0.41535085439682007,-0.00932745635509491,0.08938514380830671,0.04077212114165187,-0.04950219891973967
2609,1625451626.8717813,0.0,-0.05504179745912552,-0.005015733186155558,0.001521129161119461,-0.004794087311641826,0.008043281315870551,0.5003772814106908,0.1122203916311264,0.5495741963386536,0.20266017317771912,0.11818474375188244,-0.5892511749746128,0.051846541468625135
2610,1625451626.8815143,0.0,-0.051248736679553986,-0.0012006666511297226,0.005275152623653412,-0.003933539829451521,0.017239895348152456,0.4978942925777881,0.03978240489959717,0.6699491143226624,0.42849624156951904,0.09993174626102096,0.011894408261875542,-0.038024166611229385
2611,1625451626.9597318,0.0,-0.040165673941373825,0.022228514775633812,0.0310090072453022,0.0018590824540826376,0.012451150096317955,0.5017198242607115,0.9878678321838379,0.06381358951330185,0.06630632281303406,0.3798053729567902,0.16320467001158914,0.02994511291337206
2612,1625451626.9694147,0.0,-0.04414409399032593,0.026636024937033653,0.03304092958569527,0.0033510157530039913,0.011804611697726876,0.5013416331954283,-0.4150855243206024,0.44411298632621765,0.12276533991098404,0.382528980155336,-0.29559728720840533,0.1272483349764023
2613,1625451626.98014,0.0,-0.04966780170798302,0.03162509202957153,0.03253879025578499,0.004807278668372335,0.015412982093267573,0.4999500566245375,-0.5876583456993103,0.4409171938896179,-0.08709175884723663,0.14863103393968705,0.07758116644503234,-0.06473039258692986
2614,1625451626.9894917,0.0,-0.05442019924521446,0.033260002732276917,0.033539604395627975,0.005288083067769893,0.018357386073638633,0.49903939288241067,-0.32134222984313965,-0.2301994115114212,0.07589370012283325,0.10394728993953903,0.33176277897907747,-0.11948741341414018
2615,1625451626.99943,0.0,-0.05718342587351799,0.030239375308156013,0.03410019353032112,0.004624776920657263,0.0176867842882686,0.4998358580479738,-0.3000369668006897,-0.6381956338882446,-0.013588514178991318,0.005184349510457328,0.16575220918269973,-0.03063701805582392
2616,1625451627.009568,0.0,-0.05750256031751633,0.0243648961186409,0.034104373306035995,0.003202541396751954,0.01659409650854323,0.5005841378130786,-0.015611344017088413,-0.8576401472091675,-0.050872769206762314,-0.09662440545646034,-0.07558118388736433,0.06938809524890253
2617,1625451627.0196013,0.0,-0.05773092806339264,0.023119911551475525,0.033234525471925735,0.003259738175232625,0.01686649712759499,0.5008285191291129,-0.6153551936149597,0.5868584513664246,-0.10520125925540924,-0.09796402683079329,-0.06947780897794395,0.05662041157558193
2618,1625451627.029663,0.0,-0.06037735193967819,0.028210094198584557,0.03165854886174202,0.0050842322457257325,0.018615155528354507,0.5006877172945806,0.07387086749076843,0.12879471480846405,-0.13183286786079407,0.07276329843911782,0.08239858411538788,0.00949955714832378
2619,1625451627.0392442,0.0,-0.05958322063088417,0.030835917219519615,0.03100680187344551,0.006057698244422115,0.01903321500232072,0.5005005073057487,-0.11041988432407379,0.2928454577922821,0.05458841100335121,0.14756376219199568,0.1142597212312934,-0.015453898447982214
2620,1625451627.0493472,0.0,-0.06061176955699921,0.032216571271419525,0.03209396079182625,0.006571674529521676,0.019984365792748114,0.5002931699940686,0.005693945102393627,-0.20569832623004913,0.18774648010730743,0.08366989576793683,0.06688014005238167,-0.01873473631718857
2621,1625451627.126129,0.0,-0.06153717264533043,0.015444190241396427,0.02887982875108719,0.0029760014870474152,0.024568025148822954,0.49865038411046325,-0.045438751578330994,-0.3559006154537201,-0.13396339118480682,-0.21111072132832767,0.07903286542176083,-0.01921310442075552
2622,1625451627.1368775,0.0,-0.0621408149600029,0.012225079350173473,0.027622859925031662,0.0022377955100805827,0.024843067274043402,0.49851139447918447,-0.019872400909662247,-0.3921196162700653,-0.16166026890277863,-0.285045868757125,0.05302793724407036,-0.018600431683037735
2623,1625451627.1462848,0.0,-0.062094882130622864,0.00894071999937296,0.026178792119026184,0.0014560349831729685,0.024495687887321246,0.49863170339390955,-0.042242955416440964,-0.17587092518806458,-0.2468814253807068,-0.08374987734434208,-0.0033717248966142286,-0.0021048640389164353
2624,1625451627.1555696,0.0,-0.06222221627831459,0.008691792376339436,0.02340802550315857,0.0015279270505973302,0.016122384527252204,0.5042766804429889,0.0568266361951828,0.0009629845153540373,-0.27990463376045227,-0.05667346061920819,-0.005801333084023968,-0.0011588426068147016
2625,1625451627.1661305,0.0,-0.06192602217197418,0.008939765393733978,0.020669471472501755,0.0018700069136739217,0.016018871660602535,0.5046194878278623,0.04936978593468666,-0.007559130899608135,-0.21492348611354828,-0.059229595465227464,-0.00917925743698028,0.00043338343324013384
2626,1625451627.1759715,0.0,-0.06163690984249115,0.005902369040995836,0.019918031990528107,0.001735310397372708,0.015013604001959863,0.5070980221845527,0.16548360884189606,-0.6168903708457947,-0.05939488485455513,-0.05516373947344919,-0.018718362477192274,0.015461381444335454
2627,1625451627.1860008,0.0,-0.06136292219161987,-0.0005216669524088502,0.021105509251356125,0.00011378388169550058,0.013269212360944999,0.5085678405747829,-0.037981897592544556,-0.5465829372406006,0.005586246494203806,-0.08814004884636688,-0.13192393023012094,0.1659185149206069
2628,1625451627.1961613,0.0,-0.062335845082998276,-0.008622056804597378,0.020611334592103958,-0.002167534717530492,0.017203251072451797,0.5080247620672163,-0.14450834691524506,-0.9087728261947632,-0.10626652091741562,-0.1897289256968564,0.06832323311571244,0.06214246280323257
2629,1625451627.2060802,0.0,-0.06269756704568863,-0.012801340781152248,0.019893303513526917,-0.0031288163810509195,0.018198318979146408,0.5068558375717163,-0.18285787105560303,-0.20569832623004913,-0.12224549055099487,-0.1746213179663416,0.2675638813984469,-0.08230950604951687
2630,1625451627.2162383,0.0,-0.06277359277009964,-0.01810815930366516,0.018322333693504333,-0.0037969574525554273,0.010197418108595896,0.5084590752323872,-0.12746411561965942,-0.5753450393676758,-0.25859934091567993,-0.09181425708981594,-0.2537046638504837,-0.0016383730938744157
2631,1625451627.2935348,0.0,-0.05291106924414635,-0.036721404641866684,0.0023366697132587433,-0.007960553294061437,0.029154688337728774,0.507033270910624,0.07600139826536179,-0.2685489356517792,-0.12011495977640152,-0.3448490172128641,-0.3723310378327768,0.10275469096060444
2632,1625451627.3035927,0.0,-0.051602285355329514,-0.040192462503910065,0.0018684230744838715,-0.00895178563715194,0.03051299630324853,0.5095924688066104,-0.02200292982161045,-0.3740101158618927,-0.015719043090939522,-0.31901732658100274,0.02363454570580262,0.13302827036348444
2633,1625451627.313451,0.0,-0.04744911566376686,-0.04699261114001274,0.0018432550132274628,-0.011075272112430576,0.030055980214157646,0.5112920989573075,0.8248823285102844,-0.9780150055885315,-0.054068565368652344,-0.1412821125152622,0.06645869269051442,0.21054915494829446
2634,1625451627.3238366,0.0,-0.05054420977830887,-0.048702169209718704,0.0004556290805339813,-0.0116914265170531,0.03203911245721994,0.5105137468860432,-0.7932543754577637,-0.045908648520708084,-0.08922228962182999,-0.14493436950918906,0.07742272650958386,0.08147942206048918
2635,1625451627.3332093,0.0,-0.053014494478702545,-0.05152561888098717,-0.0004775114357471466,-0.01259317041758213,0.03411699335102084,0.5101846935866445,-0.23825161159038544,-0.15350036323070526,-0.17124764621257782,-0.09375939905273713,0.19099829012978414,-0.051668309904908
2636,1625451627.3434072,0.0,-0.05482309311628342,-0.04724826663732529,-0.004004700109362602,-0.011390612974070062,0.03588999725708873,0.5103001973274972,-0.5908541083335876,0.688058614730835,-0.5131975412368774,-0.0027341426081933544,0.1951335491366554,-0.020624290008081185
2637,1625451627.3533907,0.0,-0.0584428533911705,-0.04514588043093681,-0.0038566850125789642,-0.0110119710699155,0.03655367476053659,0.5107520122460157,-0.1892494559288025,0.44943931698799133,0.1707022488117218,0.0753022980315145,0.14107396776141148,0.02310387039901522
2638,1625451627.363416,0.0,-0.06217948719859123,-0.04228540509939194,-0.003789253532886505,-0.010529541891398743,0.0382798722557637,0.5108205489136235,-0.4853929579257965,0.1351862996816635,0.035413652658462524,0.054982559072250026,0.11760945375822647,0.028188832052668457
2639,1625451627.3732285,0.0,-0.06597305089235306,-0.04435820132493973,-0.0025087743997573853,-0.011448678121037358,0.04000930888937432,0.5106449614794222,0.014216060750186443,-0.35270482301712036,0.09080740064382553,-0.006466362886824021,0.1756008665184009,-0.004514125171242608
2640,1625451627.3832538,0.0,-0.06787300109863281,-0.04710078984498978,-0.0019474998116493225,-0.012498194056916705,0.04134424603322787,0.5104908910736118,-0.09976723790168762,-0.1098245233297348,0.009847303852438927,-0.09625739181088255,0.16238323182523107,-0.018546274770381715
2641,1625451627.4591942,0.0,-0.08480412513017654,-0.03558516874909401,0.004159450531005859,-0.01020237990644516,0.055386147924305566,0.505743043276701,-0.19564104080200195,0.25449591875076294,0.046066295355558395,0.10804652021574439,0.37153715086575906,-0.07087849363018117
2642,1625451627.4687407,0.0,-0.08697350323200226,-0.03348005190491676,0.004262998700141907,-0.009687071726278917,0.056333736848808755,0.5051137584260823,-0.13918201625347137,0.25875696539878845,0.027956798672676086,0.19722186118181798,0.3673083589914638,-0.10072492281798655
2643,1625451627.479083,0.0,-0.08965588361024857,-0.03104034624993801,0.004136189818382263,-0.009241011782051126,0.0568749012764217,0.5049987367382871,-0.1839231252670288,0.2853885889053345,0.0013251886703073978,0.05280253792391903,0.08506161791317599,-0.0447361589852006
2644,1625451627.4888995,0.0,-0.09246638417243958,-0.028713099658489227,0.003629881888628006,-0.008723827784230434,0.05796985438124109,0.5046898233898924,-0.17433574795722961,0.18738426268100739,-0.04022012650966644,0.04849268221511651,0.07412099263474554,-0.02106660655885211
2645,1625451627.4990873,0.0,-0.09379098564386368,-0.027760464698076248,0.0030850619077682495,-0.00853671594521363,0.05900709078384028,0.5039281789974907,0.03445608541369438,0.15329580008983612,-0.050872769206762314,0.03621181370049444,0.10503478945612413,-0.04931571664908359
2646,1625451627.5084667,0.0,-0.09447136521339417,-0.025737127289175987,0.0024845413863658905,-0.0045291597721427435,0.05432182900534874,0.5107470012476645,-0.012415550649166107,0.3066938817501068,-0.02743695303797722,0.029366245086237176,0.08401222872560421,-0.06415937053116653
2647,1625451627.519266,0.0,-0.09475076198577881,-0.022106610238552094,0.0018371902406215668,-0.0039339640626389755,0.05470097837078994,0.5111497203539458,0.08771930634975433,0.502702534198761,-0.035959068685770035,0.03128560143204705,0.06902874634224418,-0.05723112793538754
2648,1625451627.5292244,0.0,-0.09423992037773132,-0.01695631444454193,0.00164775550365448,-0.003242491363368738,0.05200532892238802,0.5143923072269433,0.06321822106838226,0.44837406277656555,0.056718938052654266,0.03587040252688762,0.038316116228609184,-0.029892683423016472
2649,1625451627.5393045,0.0,-0.09684056043624878,-0.010369140654802322,0.000878412276506424,-0.001684141107771514,0.0519141227217096,0.5148774933267668,0.23472580313682556,0.6294690370559692,0.16004960238933563,0.10209967106039511,-0.1087588394618175,0.15383905183734395
2650,1625451627.548877,0.0,-0.09974686056375504,-0.005022213328629732,0.0007192455232143402,-0.0006386189801407399,0.054851851871995386,0.5144843649897501,-0.6771405339241028,0.7285386323928833,-0.08176543563604355,0.12655669592505478,0.074593155309669,0.03802542600126764
2651,1625451627.625199,0.0,-0.11447222530841827,0.042126160115003586,0.007439490407705307,0.007471965402450417,0.052237855628409297,0.5143134702742613,-0.331994891166687,0.990593671798706,0.329426646232605,1.1113590528674728,0.4444288574765426,-0.04075902283166091
2652,1625451627.6348243,0.0,-0.11784417927265167,0.05123307928442955,0.010342944413423538,0.009464457006620977,0.0528028993765121,0.5143841484669451,-0.42680343985557556,0.8031071424484253,0.4455404579639435,0.9398976292148121,0.30322893455798866,-0.018936612365295778
2653,1625451627.6446545,0.0,-0.12109943479299545,0.058777179569005966,0.013067930936813354,0.010983036212490999,0.053238867121650865,0.5147077871886038,-0.6185510158538818,0.9128293991088867,0.31770873069763184,0.19787057430584903,0.05350389548305636,0.020777647746599383
2654,1625451627.6547823,0.0,-0.12232576310634613,0.06560859084129333,0.01811162754893303,0.012413369985046684,0.053215433343567035,0.5160115505465697,-0.37673598527908325,0.1405126303434372,1.0165221691131592,0.1588220890650464,0.029081589393610073,0.05570827623367944
2655,1625451627.6647503,0.0,-0.11986321210861206,0.06327514350414276,0.029224295169115067,0.011529125846933289,0.054568709613867596,0.5171675517360507,-0.7282732129096985,0.14690421521663666,0.8822988867759705,0.03240648047950045,0.04560033509425428,0.12949339455531683
2656,1625451627.6747801,0.0,-0.1188078299164772,0.06196620687842369,0.037111762911081314,0.011243342368183008,0.05544470075362371,0.5169196498012041,0.4083639085292816,-0.3612269461154938,0.6010690927505493,-0.05474921378465329,0.12221765983353881,0.0602675496814037
2657,1625451627.6849756,0.0,-0.11878234893083572,0.07342419028282166,0.03779011592268944,0.01488366898240967,0.054397972237648175,0.5179977309099484,-0.34903910756111145,1.3410656452178955,0.027956798672676086,0.14111124425922386,0.01627407586062037,0.02857297635722618
2658,1625451627.6949806,0.0,-0.12153440713882446,0.08428092300891876,0.03822142258286476,0.01817136739937366,0.054600135549718876,0.5195105600000935,-0.3564959764480591,0.8798061609268188,0.28894659876823425,0.3411964129929292,-0.056135928042233524,0.12514793834864607
2659,1625451627.7049298,0.0,-0.12262272834777832,0.08801291882991791,0.04125354066491127,0.01916811091343592,0.05604623800474552,0.5193950006218644,-0.06993982940912247,0.21827693283557892,0.3997340798377991,0.24279695719553812,0.07504665857513876,0.08170320982917513
2660,1625451627.71584,0.0,-0.1252644956111908,0.08802389353513718,0.046592604368925095,0.019054752802703988,0.0579152739570589,0.5188976815100171,-0.6462478637695312,-0.027799157425761223,0.18242014944553375,0.05924100752678575,0.16715454456859064,-0.027610619849942297
2661,1625451627.798276,0.0,-0.1252831667661667,0.09749702364206314,0.05164794996380806,0.023279936337019986,0.056269104036917865,0.520194905422946,0.0845235139131546,-0.03738653287291527,0.0023904531262815,0.139487903374689,0.08309433057950211,-0.038564929899786625
2662,1625451627.807327,0.0,-0.12539233267307281,0.09859604388475418,0.05158718302845955,0.02383856594024495,0.0560726749453692,0.5201748533125437,-0.01880713738501072,0.047834623605012894,-0.0018706046976149082,0.17586645324661634,-0.022403067324123796,-0.009800269765196542
2663,1625451627.8173494,0.0,-0.12480863928794861,0.09966836124658585,0.05131710693240166,0.024374212041331726,0.05571580405467735,0.5201330999083437,0.06321822106838226,-0.01821177639067173,-0.039154861122369766,0.05802733465879574,-0.029656945214610504,-0.00244551545058363
2664,1625451627.8274317,0.0,-0.12483608722686768,0.10025642067193985,0.050880175083875656,0.02476038203954578,0.055664218344081695,0.5200991172272627,-0.037981897592544556,-0.027799157425761223,-0.04980750381946564,0.04667486328343756,-0.022989781216252236,-0.0029623789872609886
2665,1625451627.8376062,0.0,-0.12458451837301254,0.09956861287355423,0.050423797219991684,0.024715258605816203,0.055688760111146984,0.5200883065072,0.08345825225114822,-0.18545830249786377,-0.070047527551651,0.019616350977119553,-2.6322739673248422e-05,-0.001820967563649065
2666,1625451627.8474839,0.0,-0.12430528551340103,0.0986352413892746,0.04971001669764519,0.02464872619612732,0.0552811516425574,0.5201692729710079,-0.062482982873916626,-0.11088978499174118,-0.07856964319944382,-0.005419653924337139,-0.017551419297477222,0.003979850332204958
2667,1625451627.8577936,0.0,-0.12401483952999115,0.09745325148105621,0.04900255426764488,0.024494825260065415,0.05485927855526157,0.5202672818883806,0.10263300687074661,-0.193980410695076,-0.10839705169200897,-0.011646353931905698,-0.040176472204653056,0.009305435652070735
2668,1625451627.867678,0.0,-0.12388449907302856,0.09662842005491257,0.04809064790606499,0.02261718590395176,0.051105129383682515,0.5263244172055757,-0.01348081510514021,-0.14071719348430634,-0.12011495977640152,-0.024942279608377936,-0.04157960547592169,0.012855199405682603
2669,1625451627.8773901,0.0,-0.12330092489719391,0.09566012769937515,0.04717082902789116,0.023294185857276523,0.0494466629862982,0.529072534402188,0.07280560582876205,-0.1843930333852768,-0.11372337490320206,-0.036085909478483134,-0.040055492283454196,0.014770393200739244
2670,1625451627.8876228,0.0,-0.12331723421812057,0.09521671384572983,0.04528765752911568,0.02400031156815733,0.04678998692819858,0.5320693648811896,-0.03372083976864815,0.12559892237186432,-0.20853190124034882,0.024406822514269268,-0.15120633278952733,0.1856343435391939
2671,1625451627.9675388,0.0,-0.06168867647647858,0.06455536931753159,0.033045683056116104,0.019482631334208717,0.05052054062986472,0.5281974228117743,1.489607334136963,0.04570409283041954,-0.18403081595897675,-0.5338396014225439,-1.1035192938113874,0.2559613770619475
2672,1625451627.9777431,0.0,-0.04771225526928902,0.06464003026485443,0.03153826668858528,0.01984005479062851,0.05167361202006526,0.5279609256916218,1.2211607694625854,-0.004363337531685829,-0.1254412829875946,-0.46588714039980966,-0.8677279103759339,0.12282836779671412
2673,1625451627.9880707,0.0,-0.03434739634394646,0.06330588459968567,0.029645677655935287,0.019628657794133378,0.052141133997845104,0.5281773630462611,1.203051209449768,0.342912882566452,-0.3289068043231964,-0.003764723884930409,0.04077208460988929,0.0069136774863337875
2674,1625451627.9985526,0.0,-0.021538490429520607,0.06442916393280029,0.025385651737451553,0.02071369332232239,0.05043841499962706,0.5290589559916737,0.7620317339897156,-0.27920156717300415,-0.27564358711242676,0.04807445440434142,-0.030002641449834395,0.041410148441728356
2675,1625451628.0076416,0.0,-0.023081883788108826,0.05772792920470238,0.02601780742406845,0.01967493243648705,0.046325245307886245,0.5323941602158273,-0.8241470456123352,-1.0376698970794678,0.4774983823299408,0.024975414206905657,-0.3248090243405398,0.2034639550488588
2676,1625451628.0176005,0.0,-0.028625216335058212,0.043252162635326385,0.02465343475341797,0.01585196165033076,0.048134007764432316,0.5341206939153413,-0.7208163738250732,-1.612912654876709,-0.5824397206306458,-0.21792852381458538,-0.20521474771585868,0.29326586845785313
2677,1625451628.0277238,0.0,-0.027462977916002274,0.035936255007982254,0.017168056219816208,0.013893267101003859,0.05112875689539716,0.5321001826768679,-0.31708118319511414,-0.10662873089313507,-0.9169327616691589,-0.31575406091146324,0.23852024893641557,0.024292080633702785
2678,1625451628.037599,0.0,-0.03131301328539848,0.037195250391960144,0.0074334219098091125,0.014502075999061462,0.05210452675708374,0.5318111961535938,-0.2531653046607971,0.25875696539878845,-1.218402624130249,-0.10629352585889776,0.2482019344506611,-0.13181735031065606
2679,1625451628.047835,0.0,-0.02743993140757084,0.03526346758008003,0.0031352005898952484,0.01428280294377468,0.048441260975343334,0.5342434753224324,0.7673580646514893,-0.16415300965309143,0.0876116082072258,0.022642011986895964,-0.0649176058452374,0.07327618634568174
2680,1625451628.058056,0.0,-0.0324719063937664,0.03619295358657837,0.003237362951040268,0.014803703489733672,0.04853678268426507,0.5369627776586501,-0.44704344868659973,0.40682873129844666,-0.054068565368652344,0.016591622720487944,-0.19764074171512078,0.2478966394344579
2681,1625451628.1349022,0.0,-0.050007354468107224,0.003728344803676009,0.003473252058029175,0.006679499612989678,0.05993858317576879,0.5370619956168121,0.025933971628546715,-0.5700187087059021,0.003455717582255602,-0.5028059539011351,0.2694465284054098,0.14234275569378074
2682,1625451628.1449122,0.0,-0.05078911781311035,-0.00010912975994870067,0.004035528749227524,0.005614814652406694,0.06045089554494539,0.5366292394960652,-0.06887456774711609,-0.3601616621017456,0.04713156074285507,-0.600676103286432,0.35254849275693284,-0.025500457632613705
2683,1625451628.1549182,0.0,-0.05156048387289047,-0.002111415145918727,0.0040694549679756165,0.005019332892966556,0.06013928162950133,0.5366446484253422,0.005693945102393627,-0.06295288354158401,-0.0977444052696228,-0.1028275771583663,0.02091012799083567,-0.02436311780336973
2684,1625451628.1650977,0.0,-0.052615512162446976,-0.001686137286014855,0.0031370557844638824,0.005017612776412925,0.06098268712725588,0.5364074619552892,-0.11041988432407379,0.13412104547023773,-0.11478863656520844,-0.038984458783822507,0.014438058592347645,-0.009585463992279443
2685,1625451628.1752136,0.0,-0.05410843342542648,-0.00011045043356716633,0.002122141420841217,0.005293951227744988,0.06215027925701024,0.5359779126490543,-0.10828935354948044,-0.016081247478723526,-0.021045364439487457,0.013497488477488367,0.09514624351944899,-0.0314777354505054
2686,1625451628.1851516,0.0,-0.054955288767814636,-0.0023329451214522123,0.002499036490917206,0.004493633237755729,0.06286552769718017,0.5354896260517644,0.02806449867784977,-0.42194700241088867,0.038609445095062256,-0.015934132281078303,0.09960882559293435,-0.04595547535636016
2687,1625451628.1947808,0.0,-0.05556501820683479,-0.008047956973314285,0.0028459280729293823,0.002635936809291077,0.06387393666564915,0.5347506582987787,0.08771930634975433,-0.7138294577598572,-0.022110629826784134,-0.12210546023992376,0.08860898666944889,-0.06167425699459339
2688,1625451628.204753,0.0,-0.0551234632730484,-0.01451308187097311,0.00259273499250412,0.0005825440902674575,0.06441542615830202,0.5343282559717523,0.09091509878635406,-0.5551050305366516,-0.08922228962182999,-0.1955455528663832,0.08076309718628331,-0.06156077207227157
2689,1625451628.2145376,0.0,-0.05440966412425041,-0.018065687268972397,0.0011395812034606934,-0.001571892018607579,0.06144690071578279,0.5374139098616483,0.1079593300819397,-0.14391298592090607,-0.18829187750816345,-0.18779112722071625,0.04741841988376913,-0.035612513034451336
2690,1625451628.2248755,0.0,-0.05393550172448158,-0.018156133592128754,-0.0010683871805667877,-0.001916555365609085,0.06098923079366095,0.5385269135122519,0.08132772147655487,0.14583894610404968,-0.25327301025390625,-0.17099346346025557,0.03346615689567082,-0.020629949818599072
2691,1625451628.302608,0.0,-0.05044437199831009,0.0015804830472916365,0.007220029830932617,-0.0022194358277037307,0.056392302866562535,0.5400478156251056,0.5585662126541138,-0.10130240768194199,0.48708575963974,0.04727181350176638,-0.04256026236654129,0.05326373544836501
2692,1625451628.3126352,0.0,-0.04678647592663765,-0.0003827867330983281,0.013142582029104233,-0.003631450353971735,0.057289372428837304,0.5397743873575696,0.41049444675445557,-0.3516395390033722,0.5957427620887756,0.20968402427213573,-0.015198865042801773,0.01759097108548309
2693,1625451628.3227136,0.0,-0.04076734557747841,-0.0009005607571452856,0.018056858330965042,-0.005246611223880246,0.05838699834990807,0.5389658915354334,0.7428569793701172,0.19910216331481934,0.4029298722743988,-0.14785235194968085,0.10329172951135634,-0.04753045505849992
2694,1625451628.3332887,0.0,-0.03634673357009888,-0.0020359233021736145,0.023337677121162415,-0.006190021688319322,0.054915745919822026,0.5394095149927505,0.2560310959815979,-0.17587092518806458,0.6532670855522156,-0.14144630973563327,-0.07689453065211115,-0.025876346429844696
2695,1625451628.3425412,0.0,-0.03145512938499451,-0.007397694978863001,0.029054168611764908,-0.008177624061002337,0.053023264194726735,0.5403812993996391,0.6171557903289795,-0.2823973596096039,0.4806941747665405,-0.15282034644657566,-0.2908124573330517,0.07304475927568464
2696,1625451628.3527024,0.0,-0.028536945581436157,-0.008431910537183285,0.03365492448210716,-0.00849863720263569,0.06017826867395659,0.5391454593231277,0.1729404628276825,-0.20676358044147491,0.3880161643028259,-0.13389726731889173,0.14498368941023407,0.01931136697686426
2697,1625451628.3625343,0.0,-0.022114604711532593,-0.011925434693694115,0.038276392966508865,-0.00934212140904072,0.0606808290191133,0.5392969396742365,1.3585798740386963,-1.280550241470337,0.680963933467865,-0.05832673804443607,0.4378834878853345,-0.07657145385338364
2698,1625451628.3726785,0.0,-0.015542914159595966,-0.015323474071919918,0.045682478696107864,-0.01041811543801855,0.0574097018242755,0.5381426148029289,-0.25955691933631897,0.5037678480148315,0.6607239246368408,-0.10980957142868772,-0.07505432340221843,-0.062097593511067015
2699,1625451628.382734,0.0,-0.013390565291047096,-0.014234342612326145,0.05055062845349312,-0.010348301266587076,0.057661507948330665,0.5372333384712215,0.17507098615169525,0.1724705547094345,0.2868160605430603,-0.06782014416610789,-0.19184788242498468,-0.09923638626220273
2700,1625451628.3930342,0.0,-0.00909534189850092,-0.009149307385087013,0.051943015307188034,-0.009079324701054756,0.0578026965374797,0.5375416971024938,0.4520397484302521,0.667818546295166,0.097198985517025,0.05930925709917729,0.01291983183842401,-0.04545092757586087
2701,1625451628.4774933,0.0,-0.02958509884774685,-0.005144588183611631,0.060515258461236954,-0.009157174153232903,0.04963911410965139,0.5394883552992881,-0.2638179659843445,-0.05123497173190117,-0.26712146401405334,0.0828667445400735,0.20401563523155328,0.03241506458988071
2702,1625451628.4873257,0.0,-0.031833257526159286,-0.005728778894990683,0.057490620762109756,-0.009471948477580518,0.04850100887334156,0.5394059348647083,-0.17859680950641632,-0.03206021338701248,-0.32784155011177063,0.008300153038203435,0.14185201979600326,0.01895848320717509
2703,1625451628.4973726,0.0,-0.03362813964486122,-0.00540426978841424,0.054029423743486404,-0.00956323274291259,0.04696924092998438,0.5393075593322194,-0.1327904313802719,0.05742200091481209,-0.3374289274215698,-0.02243848795520054,-0.13174114435730802,-0.007913304458764451
2704,1625451628.5073988,0.0,-0.034681662917137146,-0.005406355485320091,0.05055936798453331,-0.009758272775971043,0.04614139715349698,0.53923755977102,0.005693945102393627,-0.01288545224815607,-0.32784155011177063,-0.015814277916087697,-0.12638363749843953,-0.00830635292706818
2705,1625451628.517639,0.0,-0.03438175842165947,-0.0055110096000134945,0.047448527067899704,-0.010021733419195253,0.04601375780193706,0.5390655889675442,0.0802624523639679,0.008419835940003395,-0.28629621863365173,-0.023401664085398042,-0.057031475741837076,-0.011242398220447102
2706,1625451628.52734,0.0,-0.03302371874451637,-0.004918524529784918,0.04460864141583443,-0.010082622374132634,0.045132389645944175,0.5388912428822015,0.1867889016866684,0.12559892237186432,-0.272447794675827,-0.018775107221425107,-0.04898493227975975,-0.017828805568255914
2707,1625451628.537659,0.0,-0.03182588517665863,-0.003458841238170862,0.04218006506562233,-0.009874239206127969,0.043970942104793055,0.5389011187182515,0.22726894915103912,0.10961996018886566,-0.22983719408512115,0.0035493483512383495,-0.0938998198741432,-0.010039606889131174
2708,1625451628.54772,0.0,-0.030984211713075638,-0.002554516773670912,0.040139731019735336,-0.009831135064164664,0.04283698460093556,0.5388526851009117,0.09517616033554077,0.02120300941169262,-0.16911712288856506,0.01339500363288571,-0.11046462262080825,-0.001254738031798495
2709,1625451628.557356,0.0,-0.030375203117728233,-0.0030313506722450256,0.038532767444849014,-0.010133149477559743,0.04173411455769483,0.5387608244048417,0.03978240489959717,-0.045908648520708084,-0.1350286602973938,-0.010431719825038337,-0.1147394439456085,-0.006580256987884172
2710,1625451628.5676498,0.0,-0.030572393909096718,-0.003935251384973526,0.03736488148570061,-0.008992511808194575,0.03864739200413135,0.5416186145751771,-0.014546079561114311,-0.06934447586536407,-0.10413599014282227,-0.02743464414485867,-0.1180274365848334,-0.00954334997275039
2711,1625451628.6494644,0.0,-0.014501656405627728,-0.008342957124114037,0.019162945449352264,-0.006876249346262547,0.03202912674991762,0.5449284915049689,0.5692188739776611,0.41108980774879456,-0.5558081269264221,-0.00491090217973697,-0.11944008801172774,-0.00974119965528495
2712,1625451628.6586185,0.0,-0.009464346803724766,-0.003947186749428511,0.014887344092130661,-0.005924153716653488,0.03267303963549076,0.5449461624748388,0.4733450412750244,0.47074460983276367,-0.4045405685901642,-0.016330164058758142,-0.13627828493217006,-0.0021682553520298653
2713,1625451628.6686254,0.0,-0.0026041411329060793,0.0008554950472898781,0.010700073093175888,-0.004872262711248812,0.03379664378295451,0.5448000057858041,0.2602921426296234,0.6656880378723145,-0.41625848412513733,0.10555267017989117,0.07052418299135294,-0.00465044449450682
2714,1625451628.6787236,0.0,0.0025637184735387564,0.004520369693636894,0.007148832082748413,-0.0043769127013821435,0.03205593296769192,0.54556314061964,0.5383262038230896,0.42174243927001953,-0.3342331349849701,0.08344004709679625,0.007166046366536289,0.027176434344069914
2715,1625451628.6886268,0.0,0.004691264592111111,0.007811685558408499,0.0031566210091114044,-0.0038523909674516854,0.025112251433605626,0.5483803293880408,-0.3735401928424835,0.30882441997528076,-0.3811047673225403,0.05418393615315319,-0.41942445956630503,0.1616404154212988
2716,1625451628.6987488,0.0,0.007558754179626703,0.008902748115360737,-9.829550981521606e-05,-0.004396709885716582,0.028548708758248387,0.5492403777091788,0.040847670286893845,0.20442849397659302,-0.21598875522613525,0.004319015309286121,-0.3124607487319592,0.20296727763973024
2717,1625451628.7084055,0.0,0.008855566382408142,0.010111896321177483,-0.00391765683889389,-0.004862083939697483,0.034458018252546026,0.5474938606174327,0.0983719527721405,-0.015015983022749424,-0.25220775604248047,-0.04708609124275668,0.4323547305477024,-0.019443200908770608
2718,1625451628.7186842,0.0,0.009481685236096382,0.011276306584477425,-0.006859211251139641,-0.004536428486352009,0.033366740845640605,0.55253538860966,0.07493613660335541,-0.08425817638635635,-0.33210259675979614,-0.011882847054748282,0.35154355008994165,0.10021453829091666
2719,1625451628.7288187,0.0,0.008972340263426304,0.006168408319354057,-0.007897498086094856,-0.005902515175813909,0.02891774460270822,0.556408406818081,-0.3660833537578583,-0.7319389581680298,0.04713156074285507,-0.030133648289084294,-0.22434893080858956,0.41023650163480535
2720,1625451628.7386267,0.0,0.0020306259393692017,0.001520108082331717,-0.007674789056181908,-0.007122655262771338,0.027481746529331087,0.559679437913548,-1.0254820585250854,-0.8246169686317444,0.1472664326429367,-0.11821816451719598,-0.334866937064076,0.37710024313163454
2721,1625451628.8197575,0.0,-0.011491235345602036,0.029132846742868423,-0.02204464003443718,5.393854248553209e-05,0.031710395609626275,0.5568125802659661,0.11861197650432587,0.48565831780433655,-0.2841656804084778,0.3168575035905788,0.08884883812678138,0.17749977038960213
2722,1625451628.8294551,0.0,-0.011114515364170074,0.03431260958313942,-0.024491023272275925,0.001721174127930325,0.03137041433666564,0.5564762482844018,-0.056091394275426865,0.4984414875507355,-0.17337816953659058,0.4994203576255313,0.18047532960478777,-0.019274044061329428
2723,1625451628.8391747,0.0,-0.012151497416198254,0.038395266979932785,-0.025228699669241905,0.003030305361927582,0.030755265412676216,0.5562946299205294,-0.27020955085754395,0.3951108157634735,0.05458841100335121,0.17795316416529364,-0.048176666267245184,-0.034045160195245526
2724,1625451628.849354,0.0,-0.0124474773183465,0.03551974520087242,-0.022197619080543518,0.0024577566340679355,0.03060461256392713,0.5560180169954824,-0.01880713738501072,-0.6978504657745361,0.5265005826950073,0.06373426623715231,-0.04483124715874427,-0.027904009120270194
2725,1625451628.859502,0.0,-0.01415713969618082,0.027881760150194168,-0.01711360178887844,0.000734477569929233,0.03100614711013206,0.555707024543787,-0.27020955085754395,-0.8480527400970459,0.25592339038848877,-0.1044526392175499,0.0089642558314795,-0.03104056648554736
2726,1625451628.869286,0.0,-0.014208616688847542,0.020324280485510826,-0.016971498727798462,-0.0008786671101574592,0.03047864866513527,0.5555681648176444,0.3060985207557678,-0.5327344536781311,-0.10520125925540924,-0.17639099165700028,0.007392489679553632,-0.024010496578605222
2727,1625451628.8795161,0.0,-0.015678120777010918,0.02318103425204754,-0.01851062849164009,0.0003348514662447344,0.030271932517073573,0.5553159417941775,-0.230794757604599,0.49950674176216125,-0.16166026890277863,-0.04789771637430634,-0.039698358133547336,-0.018674053834956128
2728,1625451628.8892033,0.0,-0.016967665404081345,0.030057860538363457,-0.019803250208497047,0.002754333727034139,0.030240223741301864,0.555100987838086,-0.11787673085927963,0.705102801322937,0.0002599241561256349,0.16108846317579864,-0.022007617321884575,-0.022092088937431607
2729,1625451628.8999555,0.0,-0.018810415640473366,0.03737321496009827,-0.01820099726319313,0.005208254905217008,0.030486146231944372,0.5549294225934728,-0.2957758903503418,0.555965781211853,0.3155781924724579,0.25035152199810284,0.0074928491307962655,-0.019383196212631328
2730,1625451628.9094481,0.0,-0.02017250284552574,0.038959801197052,-0.013258637860417366,0.005942080651743051,0.030391473912939823,0.5549748709910247,0.16548360884189606,-0.27920156717300415,0.6841597557067871,0.1892104390195943,0.013757676286397947,-0.0077397962722463454
2731,1625451628.9867456,0.0,-0.04441312327980995,0.05626244470477104,-0.010900955647230148,0.009722535878367577,0.018997118967331098,0.5729291328910702,-0.31601592898368835,0.9224167466163635,-0.07324332743883133,0.24703093500925413,0.21041405878481073,0.002771673798257757
2732,1625451628.996667,0.0,-0.04782695695757866,0.061860352754592896,-0.011805467307567596,0.010807162359315697,0.01928603696475137,0.572699786684313,-0.7932543754577637,0.758366048336029,-0.08070017397403717,0.2727340227466717,0.2542497268247389,-0.019321527088596
2733,1625451629.006506,0.0,-0.048806726932525635,0.06539446860551834,-0.012923141941428185,0.01083405082583691,0.014730048722614353,0.5734760112319321,-0.2670137584209442,-0.082127645611763,0.031152591109275818,0.08333606402594709,-0.19604781866416862,0.018458294404576022
2734,1625451629.0166914,0.0,-0.053529463708400726,0.0681261196732521,-0.01200217567384243,0.011051406662950139,0.019027029282301045,0.5733097777198595,-0.06141771748661995,0.16501370072364807,0.0876116082072258,0.01456078215431543,-0.09225568165598073,0.04141566607250999
2735,1625451629.02676,0.0,-0.05606924369931221,0.0702604129910469,-0.011273331940174103,0.011395526725451022,0.026333451434130142,0.5716297290619373,-0.2531653046607971,0.4100245237350464,-0.010392720811069012,0.016471790902846395,0.5694716892785775,-0.07903327860735909
2736,1625451629.0365999,0.0,-0.056753795593976974,0.07231428474187851,-0.011688394472002983,0.011683069056952752,0.020887844206280592,0.5728063324216878,-0.4161507785320282,0.14157788455486298,0.04393576830625534,0.03746924371266567,0.23936093641678596,-0.051526694260947054
2737,1625451629.0476334,0.0,-0.05719034746289253,0.07411529123783112,-0.011531507596373558,0.011257197204193978,0.016083528785437978,0.5754638825375311,0.06321822106838226,-0.004363337531685829,0.06630632281303406,0.013032193005421472,-0.5118114772232316,0.17836650626756947
2738,1625451629.056693,0.0,-0.05309087410569191,0.07405630499124527,-0.008112385869026184,0.011477198567075728,0.024705847111226253,0.5747548633209291,0.6736147999763489,-0.7276778817176819,0.8183830380439758,0.008123071004836281,0.02360636927880097,0.13495517408597327
2739,1625451629.0666053,0.0,-0.046676818281412125,0.06702757626771927,-0.004177846014499664,0.009491193366460232,0.031099388041656933,0.5754962427928778,1.098655343055725,-1.3327481746673584,0.4806941747665405,-0.06859916176069412,0.7768710819693363,-0.017339291973756193
2740,1625451629.0766313,0.0,-0.03884228318929672,0.056854937225580215,0.001989133656024933,0.007176188817946655,0.030054855193103927,0.5768494372833695,0.9420614242553711,-0.984406590461731,0.28362026810646057,-0.21779976175155094,0.414184728788757,0.08563043542577724
2741,1625451629.156682,0.0,-0.03927747160196304,0.05568127706646919,0.022826436907052994,0.010348486037997692,0.024207535704513942,0.5823801768895815,-0.35862651467323303,-0.052300237119197845,0.09506846219301224,-0.10571216043531231,-0.043186085945535774,0.1064735970994827
2742,1625451629.1666276,0.0,-0.04201829433441162,0.05374206230044365,0.02334912121295929,0.0101248680441796,0.02438724763810922,0.5824922025981518,-0.100832499563694,-0.27813631296157837,0.008782039396464825,0.01976363295783409,-0.025472748373429062,0.03351523428855994
2743,1625451629.1766465,0.0,-0.043656595051288605,0.05127902328968048,0.023058850318193436,0.00963193439615257,0.02534042571155902,0.5822034499050439,-0.1604873090982437,-0.24298258125782013,-0.07217805832624435,-0.030675247007988588,0.05117290148004968,-0.00669971664080626
2744,1625451629.186493,0.0,-0.04500969126820564,0.04838715121150017,0.022584229707717896,0.009080580385237236,0.025268244864135182,0.5820430387473559,0.05043505132198334,-0.40064170956611633,-0.06152541562914848,-0.052177414173625154,0.05380958214810307,-0.025314568830628367
2745,1625451629.1966138,0.0,-0.04414720460772514,0.04420197382569313,0.021684281527996063,0.008248582215755015,0.024081941367604817,0.582083100224948,0.07600139826536179,-0.39957645535469055,-0.11265810579061508,-0.07088909266373618,-0.05390078962934481,-0.007675597415271495
2746,1625451629.2063973,0.0,-0.044472601264715195,0.04141080752015114,0.02048162743449211,0.007760921634149008,0.02372845141133456,0.5821128627703748,0.04617399349808693,-0.2855931520462036,-0.1307675987482071,-0.07190999436095111,-0.07879645990085161,0.003092499313968439
2747,1625451629.2166908,0.0,-0.04493698477745056,0.04058266431093216,0.01909184828400612,0.007916412297667076,0.023258352335818896,0.5820359697601214,0.016346590593457222,-0.0725402683019638,-0.12863706052303314,-0.02639394214500057,-0.04028566554481059,-0.001977785621709841
2748,1625451629.2265248,0.0,-0.04510192573070526,0.0400734469294548,0.018009331077337265,0.0080229365850637,0.022558947768618734,0.5819955826113035,0.007824474014341831,-0.09810661524534225,-0.10094019770622253,0.010612632490582072,-0.05616122415378933,-0.005842944932974994
2749,1625451629.2367043,0.0,-0.045235294848680496,0.03870877996087074,0.017320897430181503,0.007875934070121028,0.022037156868430927,0.5818979295501616,0.051500316709280014,-0.25150468945503235,-0.07111279666423798,0.002697711754927945,-0.06417268830673524,-0.006744019450787154
2750,1625451629.246617,0.0,-0.04480383172631264,0.03623393550515175,0.016827646642923355,0.007401704500046173,0.021595444632665287,0.5817341474384675,0.003563416190445423,-0.29305002093315125,-0.028502216562628746,-0.02956292501116196,-0.05177357146557722,-0.011407038262219418
2751,1625451629.3274698,0.0,-0.03846704214811325,0.014339215122163296,0.021221626549959183,0.003957467236820403,0.015628590630049552,0.5898256639828123,0.34764382243156433,-0.46349233388900757,0.0737631693482399,-0.22249878301266612,-0.10963903897607216,-0.014364995433558337
2752,1625451629.3371994,0.0,-0.034387484192848206,0.01010959129780531,0.02016381546854973,0.0031844911738275195,0.015749181665703438,0.5891691714110737,0.22087736427783966,-0.0725402683019638,-0.24901194870471954,-0.28472657439354926,-0.11794590507320468,-0.041165458594130164
2753,1625451629.347069,0.0,-0.030565008521080017,0.007590616587549448,0.017630983144044876,0.0025096082785535517,0.01614541228677642,0.5885568441388558,0.2645532190799713,0.2747359573841095,-0.40134477615356445,-0.08406957338388615,0.014309674555018645,-0.0640595195624396
2754,1625451629.357301,0.0,-0.02556290291249752,0.009997885674238205,0.013090357184410095,0.003260159181544084,0.014561229783945598,0.5882530458080624,0.5372609496116638,0.13199050724506378,-0.3534078896045685,0.0039758286701986004,-0.016621570134254218,-0.049754902476246914
2755,1625451629.3669965,0.0,-0.021705949679017067,0.013778540305793285,0.009178616106510162,0.004475156692295729,0.010114258001038448,0.5890224580850061,0.15056991577148438,0.3684792220592499,-0.3491468131542206,0.09899133946335387,-0.272973772124627,0.011162756369789485
2756,1625451629.3769817,0.0,-0.018868951126933098,0.01758858561515808,0.006829801946878433,0.004753070814405638,0.013736014826030984,0.5894444832951805,0.43819132447242737,0.5495741963386536,-0.18509608507156372,0.08358146659806269,-0.13740584417290422,0.06915618015015246
2757,1625451629.3872688,0.0,-0.015130777843296528,0.021421995013952255,0.005886584520339966,0.0049741197217744865,0.01887279664656423,0.5879928016219538,0.3433827757835388,0.2374516874551773,0.039674706757068634,0.03581483788106467,0.3966891025333918,-0.030690148595575513
2758,1625451629.3970313,0.0,-0.01125617977231741,0.020412862300872803,0.007377196103334427,0.0043618608407858805,0.012979821856158313,0.588555421548458,0.34657856822013855,-0.09704134613275528,0.217573881149292,-0.012424001430760827,0.07615397399903527,-0.05417569938720271
2759,1625451629.4071796,0.0,-0.00835831556469202,0.01904406026005745,0.008836138993501663,0.0039011175329323883,0.005292982164241997,0.5918158033171287,0.40303757786750793,-0.015015983022749424,0.06630632281303406,-0.053636310695323444,-0.6546491644232381,0.17384529675983337
2760,1625451629.4173057,0.0,-0.006453666370362043,0.01419099047780037,0.0084596648812294,0.002980760021476063,0.006402639566210094,0.5934524616571286,0.34551331400871277,-1.6299569606781006,0.17283277213573456,-0.05084158687447578,-0.42319190255331535,0.24613297028548636
2761,1625451629.4981108,0.0,-0.04393303394317627,0.02238958328962326,-0.0037584006786346436,0.0036235451325227555,0.01418017109846325,0.5948486225576598,-0.46834874153137207,-0.3090289831161499,-0.5131975412368774,0.11638345831298505,0.5844512460100834,0.11479376264583989
2762,1625451629.5078459,0.0,-0.044048208743333817,0.02025878056883812,-0.009018290787935257,0.002898174126240466,0.012265245765210306,0.5947736159773171,-0.4672834873199463,0.2758012115955353,-0.5185238718986511,0.10750502865324942,0.5228844883788945,0.02155577396303104
2763,1625451629.5183024,0.0,-0.04792356491088867,0.02185640297830105,-0.013933036476373672,0.003357712878848125,0.009813441329472726,0.5954552206933104,-0.49604561924934387,-0.1705445945262909,-0.3534078896045685,-0.012930705752162031,-0.19746205697889294,0.025991256212961333
2764,1625451629.5276637,0.0,-0.04808694124221802,0.018423136323690414,-0.016296371817588806,0.0025387761895949296,0.01011076620057813,0.5957195087013161,-0.1146809384226799,-0.24085204303264618,-0.14994235336780548,-0.0094654357042655,-0.15640322608145882,0.05110580178684791
2765,1625451629.5379822,0.0,-0.0494975782930851,0.014208318665623665,-0.01566370204091072,0.0014670126763545593,0.013162959996274176,0.5950789029517605,-0.2851232588291168,-0.47307971119880676,0.06843684613704681,-0.08991872638160618,0.13327019905504642,-0.008347129970374503
2766,1625451629.548285,0.0,-0.04866751655936241,0.011097698472440243,-0.01491500809788704,0.0007662504291161901,0.013744599198197142,0.5944846657387702,0.10263300687074661,-0.03632127121090889,0.04926208779215813,-0.09457527143731644,0.2007299280811912,-0.06238120394750047
2767,1625451629.5576954,0.0,-0.047678619623184204,0.013152551837265491,-0.014930753037333488,0.0014847172806595962,0.013239416171019314,0.5946092248971376,0.058957166969776154,0.4355908930301666,0.04393576830625534,-0.015899707027787993,0.025512035688986596,-0.030071857376027727
2768,1625451629.5680764,0.0,-0.04842087998986244,0.018091589212417603,-0.013953834772109985,0.0030576987471974543,0.013960429089992371,0.5944781493130508,-0.04011242836713791,0.5623573660850525,0.180289626121521,0.10362712320824781,-0.0009471868299727639,0.0009640327050106527
2769,1625451629.5780418,0.0,-0.049359314143657684,0.02083197794854641,-0.011497177183628082,0.004011104733560797,0.015077770689433882,0.5943502571615463,-0.004958699457347393,-0.023538099601864815,0.3528624475002289,0.13550402656534008,0.08284885942045626,-0.010555776028096736
2770,1625451629.587662,0.0,-0.04920828714966774,0.018463796004652977,-0.006928350776433945,0.003429899438645037,0.01550998459908614,0.5941188207744492,0.06108769774436951,-0.368683785200119,0.4679110050201416,0.03648913022235538,0.08469983011461936,-0.017219789512778805
2771,1625451629.6666846,0.0,-0.05563637986779213,0.033217351883649826,-0.0061508044600486755,0.0062919414739923685,0.003926859688039075,0.6065516160893581,-0.37140968441963196,0.9298736453056335,-0.3566036820411682,0.06941692100295598,0.04772339764543661,-0.007949635724738576
2772,1625451629.6767612,0.0,-0.05835665389895439,0.038839191198349,-0.00874401070177555,0.007467803005094212,0.005970607063323988,0.6062518122195558,-0.26807901263237,0.9692884087562561,-0.10520125925540924,0.19854617427477705,0.0852267927710608,-0.004360216787994678
2773,1625451629.6865447,0.0,-0.05782797560095787,0.04584826901555061,-0.010406726971268654,0.008511190778006605,0.005743541156711204,0.6060183454293341,-0.10828935354948044,0.5495741963386536,0.06630632281303406,0.12112465747396937,0.08979370360523928,-0.027159201522992293
2774,1625451629.6970522,0.0,-0.059688128530979156,0.051621925085783005,-0.00847441703081131,0.008869778033678818,0.004322309321156723,0.6061731892975427,0.03552135080099106,0.31947705149650574,0.3251655697822571,0.08277038145543475,-0.05309553541807583,-0.008108140804977518
2775,1625451629.7068164,0.0,-0.05950476974248886,0.051098838448524475,-0.003681804984807968,0.008035909963359844,0.005944435697404202,0.6059005271546909,0.25283530354499817,-0.16841407120227814,0.5328921675682068,-0.01178501101597878,-0.022835118719638878,-0.0011526003417827223
2776,1625451629.7165422,0.0,-0.058266136795282364,0.05057455971837044,0.0013042017817497253,0.007399329237014127,0.012833760549371992,0.6043638341289448,0.11861197650432587,-0.045908648520708084,0.4540625810623169,-0.07177122164818134,0.39958608577780236,-0.0768599720551809
2777,1625451629.7266042,0.0,-0.055896010249853134,0.04750824347138405,0.006443548947572708,0.006502028186158054,0.00806514915056944,0.6051169699114469,0.18039731681346893,-0.5252776145935059,0.6138522624969482,-0.07263870959776392,0.19692880635514395,-0.05470556765621091
2778,1625451629.7370732,0.0,-0.05366521328687668,0.04537195339798927,0.01242038980126381,0.006186755905010402,0.0035261276778038586,0.6081011381481494,-0.0496998056769371,0.40150243043899536,0.4583236277103424,-0.07169738768666534,-0.4440841245959799,0.1673271779324774
2779,1625451629.746621,0.0,-0.0518762543797493,0.04729125276207924,0.014549747109413147,0.00714595559765982,0.012212325251248102,0.6076870798618257,-0.36714860796928406,0.799911379814148,0.06630632281303406,0.007804690636888792,0.0624618162368798,0.15669050920068037
2780,1625451629.756724,0.0,-0.04956844821572304,0.050955500453710556,0.014379594475030899,0.008382622943139004,0.018853483062683404,0.605785233847359,0.09624142199754715,0.004158778116106987,0.1153084859251976,0.1114459345164597,0.7886645996503304,-0.09790515461458572
2781,1625451629.8368783,0.0,-0.05051707848906517,0.04828508943319321,0.030783694237470627,0.008001817228157078,0.016209050402449687,0.6068330326199849,0.20702892541885376,-0.36761853098869324,-0.05300329998135567,0.054981789367809966,0.4116998313116965,-0.10073447867529164
2782,1625451629.8467543,0.0,-0.0546281524002552,0.050689782947301865,0.029881227761507034,0.008870100937510242,0.016456037327090722,0.6068564943830915,-0.4491739869117737,0.26408329606056213,-0.10307072848081589,0.010678035876640056,-0.005610413305435062,0.005573431631353453
2783,1625451629.8565607,0.0,-0.057076338678598404,0.052112869918346405,0.02974451705813408,0.009469515310621152,0.017121890614930482,0.606601233009995,0.06108769774436951,-0.1279340237379074,0.10039478540420532,0.06985887401250024,0.03489785568409475,-0.009463754713156882
2784,1625451629.8665316,0.0,-0.057541001588106155,0.05138595029711723,0.030240457504987717,0.009370500884915589,0.017599016195233727,0.6060815338420017,0.130329892039299,-0.23446045815944672,0.0002599241561256349,0.03182158500256111,0.05999448459892157,-0.03902437354730696
2785,1625451629.876753,0.0,-0.05719326436519623,0.05048377811908722,0.030242804437875748,0.009269265501480703,0.017593858172343393,0.6058036822802411,0.1548309624195099,-0.2025025337934494,0.004520982038229704,-0.01279787046250906,0.024733984008419394,-0.045355837785599235
2786,1625451629.8869314,0.0,-0.05639134719967842,0.04886656254529953,0.03004465624690056,0.00902587902556437,0.016985809360967302,0.6058928867935669,0.09943721443414688,-0.17587092518806458,-0.010392720811069012,-0.020089108129285844,-0.023597116155417173,-0.01553305591638075
2787,1625451629.8966486,0.0,-0.05593498796224594,0.0466504842042923,0.02958269789814949,0.00865563856020949,0.01599894110389019,0.6059236096382112,0.13459093868732452,-0.3559006154537201,-0.07537385076284409,-0.030752224882457796,-0.07938757643112239,0.0052075030431827755
2788,1625451629.9065697,0.0,-0.05575010925531387,0.04398459568619728,0.02913639321923256,0.008156510807385456,0.015492160077813906,0.6057972078441864,0.044043466448783875,-0.36229220032691956,-0.06898226588964462,-0.044762704110264784,-0.08050660020610413,-0.002884349470817245
2789,1625451629.9170578,0.0,-0.05552949011325836,0.04168986901640892,0.028466928750276566,0.0077188435516714685,0.014934210793165863,0.6056163116480844,-0.019872400909662247,-0.21741622686386108,-0.07856964319944382,-0.051273029333881365,-0.055072967561784494,-0.01433492084091441
2790,1625451629.9270236,0.0,-0.05497738718986511,0.03954652324318886,0.027915600687265396,0.007344182821306729,0.014030261680857838,0.6055971932474165,0.08665404468774796,-0.28026682138442993,-0.06791700422763824,-0.04281442544015241,-0.07098709330663512,-0.01117229138235396
2791,1625451630.0067925,0.0,-0.04998398572206497,0.01618879847228527,0.023235920816659927,0.004105106009204856,0.0121981375778515,0.6083148595093635,0.05363084375858307,-0.15989194810390472,-0.20533610880374908,-0.16492327681897131,-0.12687191477345158,0.005884876036637093
2792,1625451630.0166404,0.0,-0.04820731282234192,0.010347873903810978,0.022205699235200882,0.003025846782498995,0.012265440401098296,0.6079505099531402,-0.14450834691524506,-0.8118337392807007,-0.09454861283302307,-0.27164092840779686,-0.12744315360607814,0.0028770133874989282
2793,1625451630.0266972,0.0,-0.04445728659629822,0.002101037884131074,0.022892873734235764,0.00040847015051838353,0.012067324538888174,0.6075095182448771,-0.2254684418439865,-0.0959760844707489,-0.1957487314939499,-0.1944950029870956,-0.025490918134624452,-0.040107207097087934
2794,1625451630.03745,0.0,-0.04278488829731941,8.386175613850355e-05,0.019214563071727753,-4.120053303310889e-05,0.009043288155005089,0.6072395023334256,0.6618968844413757,-0.25576576590538025,-0.32251521944999695,-0.15314043014235534,-0.10645080207938327,-0.043784472009394726
2795,1625451630.0468125,0.0,-0.041980892419815063,0.0021743655670434237,0.01331740990281105,0.0006755047323837443,0.006225934121848825,0.6075378387599308,0.1910499632358551,-0.3175510764122009,-0.48017436265945435,0.02993681264601614,-0.28631614769007246,0.0012324366032257469
2796,1625451630.0570078,0.0,-0.0394589938223362,0.0002694294089451432,0.009784221649169922,-9.707581857311409e-05,0.010581121439790661,0.6066760856032104,0.27627110481262207,0.42600348591804504,-0.4045405685901642,0.00023652891657103032,-0.028297066437296525,-0.010349939209627264
2797,1625451630.066684,0.0,-0.035176366567611694,0.0012730841990560293,0.006398677825927734,-0.0003021813670718021,0.012531884450582662,0.6053367972819981,0.014216060750186443,0.3823276460170746,-0.20746663212776184,-0.05891602094408145,0.29806421257238785,-0.10079446005377242
2798,1625451630.0765564,0.0,-0.03152065351605415,0.0018660881323739886,0.00397675484418869,0.00024673259511275025,0.006050888530195614,0.6064034161424305,0.27733638882637024,-0.2355257272720337,-0.17124764621257782,0.015707947169744704,-0.10330184140006263,-0.04139547850861092
2799,1625451630.0868495,0.0,-0.028444916009902954,0.00043037463910877705,0.0035499855875968933,-0.000434800480748454,0.002382315033937474,0.6091427562374159,0.30503326654434204,-0.011820188723504543,0.018369419500231743,0.011591973066594692,-0.5406141685201398,0.18048682531445126
2800,1625451630.0965576,0.0,-0.024000991135835648,-0.0022012339904904366,0.0033299699425697327,-0.00230107786409485,0.0116623884503336,0.6084915510547242,0.5457830429077148,-0.2717447280883789,-0.012523249723017216,-0.1096265108825294,0.16754609686561026,0.1413686897479663
2801,1625451630.1810265,0.0,-0.04578535631299019,-0.003659323323518038,-0.00902135856449604,-0.003935850735526908,0.01486135381125394,0.6076351502542985,-0.6377257704734802,0.2704748809337616,-0.01998010091483593,-0.14225730737149886,0.7890969324250644,-0.01018611706899546
2802,1625451630.1907856,0.0,-0.04978682100772858,-0.0038679521530866623,-0.008714355528354645,-0.004070305212198845,0.014795058192895429,0.607583345868771,-0.19990210235118866,-0.15776142477989197,0.05778420343995094,-0.04929015376100695,0.3469302650430331,0.0013900417479029126
2803,1625451630.2011569,0.0,-0.053317680954933167,-0.006834292784333229,-0.009112387895584106,-0.005064052365251648,0.014641232526407762,0.607757005708927,-0.24570846557617188,-0.33992165327072144,-0.07643911987543106,-0.047896579853534675,-0.006516237487314813,0.0046331163128858575
2804,1625451630.2111142,0.0,-0.0549338199198246,-0.008539452217519283,-0.010000713169574738,-0.005750092884739065,0.015623959621791382,0.6075967526431639,-0.008154492825269699,0.0382472425699234,-0.10307072848081589,-0.0862073681837832,0.030378695650023265,0.0026908796498573443
2805,1625451630.2210546,0.0,-0.055157821625471115,-0.007382279261946678,-0.010981841012835503,-0.005544147394428045,0.016372280486853345,0.6071263265256992,0.1825278401374817,0.20336322486400604,-0.06791700422763824,-0.03401174267245934,0.08851905756809139,-0.030138902133950412
2806,1625451630.231141,0.0,-0.054065342992544174,-0.00507002416998148,-0.011397337540984154,-0.004985958608387006,0.016514850647360857,0.6068503700501002,0.18465837836265564,0.39724135398864746,0.015173625200986862,0.03248852063800788,0.05108272229065133,-0.03991532043073175
2807,1625451630.241248,0.0,-0.05278113856911659,-0.0018554411362856627,-0.010961642488837242,-0.004201457999500308,0.01622869746686665,0.6069310660599024,0.18998469412326813,0.31415072083473206,0.09400319308042526,0.06686910484201815,-0.005026596515804809,-0.013283009912206344
2808,1625451630.2510202,0.0,-0.05231502652168274,-0.0004990723682567477,-0.009892165660858154,-0.003912012508231463,0.016203399738341312,0.6069206116680541,0.09198036789894104,0.09151045978069305,0.15898433327674866,0.060712018884183386,-0.018010654454261435,0.0027424192496516868
2809,1625451630.2608786,0.0,-0.051659610122442245,-0.0013787185307592154,-0.008323576301336288,-0.004216871447256451,0.01613706390137498,0.6066727090399686,0.07813192903995514,-0.07573606073856354,0.14620116353034973,0.004864846691001427,-0.007261881004979794,-0.012542377916337609
2810,1625451630.2712872,0.0,-0.05129431560635567,-0.002019749488681555,-0.007067730650305748,-0.004433296514748358,0.016015456267891123,0.6064957616432898,0.1313951462507248,0.004158778116106987,0.12170007079839706,-0.028251244954928395,-0.008724670566301766,-0.02277400758173654
2811,1625451630.3529172,0.0,-0.04562215507030487,0.016393564641475677,-0.0005622059106826782,0.001024633282243309,0.012467244390256427,0.6118801084596258,-0.26914429664611816,0.8063029646873474,-0.1392897069454193,0.06964030640944624,-0.06909607953533783,0.008880632473851216
2812,1625451630.3625333,0.0,-0.04527091979980469,0.02088990807533264,-0.001599833369255066,0.002378061609180346,0.014765964701634271,0.6116209721731272,0.1356562077999115,0.43452560901641846,0.07695896178483963,0.25279399849486694,-0.029692434741222257,0.04705020541973467
2813,1625451630.372608,0.0,-0.04434943571686745,0.023445559665560722,-0.000752083957195282,0.0028454415767565633,0.016470923871764992,0.6110788560543237,0.5084987878799438,-0.03312547877430916,0.039674706757068634,0.11139489504147153,0.21139530693367786,-0.036935787092770546
2814,1625451630.382679,0.0,-0.04444992169737816,0.025980399921536446,-0.00010704249143600464,0.002811738878892134,0.012255673620200858,0.6111454712424575,0.7609664797782898,-0.11195504665374756,0.1621801257133484,0.03275513144179279,-0.050428646695341105,-0.03747121574104415
2815,1625451630.392743,0.0,-0.039317961782217026,0.025237929075956345,0.003802124410867691,0.0019856935504098117,0.00647550352454325,0.611775135369698,0.7428569793701172,0.18312320113182068,0.2548581063747406,-0.037693005025922044,-0.5195170958178449,0.03809162978535354
2816,1625451630.4030552,0.0,-0.041236087679862976,0.030005784705281258,0.00729675218462944,0.003728992151869309,0.01607453424729738,0.6100138216922154,0.0941108912229538,-0.30157211422920227,0.5094563364982605,0.04637177841532485,0.0703256363770666,-0.033499608992326076
2817,1625451630.4125967,0.0,-0.03634675219655037,0.02762026898562908,0.012804701924324036,0.0029174876616756135,0.01747688302801935,0.6080013933063775,0.1825278401374817,-0.22061201930046082,0.48708575963974,0.0548036579201798,0.5761655110104096,-0.19035059558181183
2818,1625451630.4227548,0.0,-0.03524061664938927,0.026087936013936996,0.019484873861074448,0.002414491626253387,0.009098628154408941,0.6101277702612835,0.41262495517730713,-0.3005068600177765,0.6617891788482666,-0.06008066617794431,-0.20275653754010142,-0.03921381606064917
2819,1625451630.4326384,0.0,-0.031135890632867813,0.025660047307610512,0.02531733736395836,0.0025880186429334817,0.006812181153637811,0.6119384052689336,-0.10615882277488708,0.29178017377853394,0.5286310911178589,-0.03317938974626563,-0.5838030743007829,0.1921089858284839
2820,1625451630.4426658,0.0,-0.02883339859545231,0.027576999738812447,0.02960604801774025,0.0036790610546206803,0.018253369135597927,0.6104578448147262,-0.2265337109565735,0.18312320113182068,0.45086678862571716,0.05005721257655515,0.32098593826887634,0.054304862408909256
2821,1625451630.5293033,0.0,-0.03976575657725334,0.03522725775837898,0.04866031929850578,0.006739865269036499,0.01926717743000112,0.6101413032378328,0.15802675485610962,-0.5220818519592285,-0.20640137791633606,0.1878203584804989,0.7367130584045571,-0.057342896182317214
2822,1625451630.539306,0.0,-0.03935177996754646,0.03418498486280441,0.0464787594974041,0.0067189487835074835,0.017582741754040294,0.6104686576452987,-0.937065064907074,0.8254777193069458,-0.17870450019836426,0.10834884693313253,0.08996352606467777,0.023647298183792163
2823,1625451630.549338,0.0,-0.045923732221126556,0.0396023690700531,0.044893328100442886,0.008411589218237231,0.0189310628121155,0.610508601646774,-0.04011242836713791,-0.03525600582361221,-0.144616037607193,0.08027000594040476,-0.02450505399221399,0.020512232086444586
2824,1625451630.5593548,0.0,-0.04597749188542366,0.03852849453687668,0.04527284577488899,0.008245444398564172,0.01982355823741387,0.6100316155569098,-0.13598622381687164,-0.08425817638635635,0.10465583950281143,0.0926618713612619,0.10751627866016109,-0.01654244568663168
2825,1625451630.5700538,0.0,-0.04893166571855545,0.03750856593251228,0.046469684690237045,0.008171937905212555,0.020722844767129538,0.6094882394906815,-0.08059247583150864,-0.06614867597818375,0.06097999960184097,-0.008922378255327703,0.09303129799157862,-0.049825717505733405
2826,1625451630.579265,0.0,-0.0483892522752285,0.036832500249147415,0.045556049793958664,0.008275809131683146,0.019951031947397883,0.6094784243303126,0.13672147691249847,-0.07467079162597656,-0.11585389822721481,-0.003802233277083992,0.013656471070056115,-0.0343157567475393
2827,1625451630.5894213,0.0,-0.0485185906291008,0.03711532801389694,0.04429882392287254,0.008649120116347782,0.019302900922232052,0.6097749505076111,-0.10402829200029373,-0.17267511785030365,-0.0934833511710167,0.023310101005616434,-0.07523429645547029,0.010225258046229025
2828,1625451630.5996263,0.0,-0.04961595684289932,0.03473418205976486,0.04342661425471306,0.0081751589314537,0.01937915359210088,0.6096877993598405,0.07493613660335541,-0.4858628809452057,-0.14355076849460602,0.0023271697670403145,-0.03429178313670354,0.013974238819304508
2829,1625451630.609392,0.0,-0.04898539558053017,0.03098912350833416,0.04183521494269371,0.007320486235695513,0.019181417899635872,0.6095146543243692,0.05043505132198334,-0.36229220032691956,-0.19681398570537567,-0.06744089566861144,-0.00696190734115629,-0.011045101673742197
2830,1625451630.6196256,0.0,-0.049518365412950516,0.029387373477220535,0.040098886936903,0.00714715364079771,0.018746397503284613,0.6095155436643156,-0.04011242836713791,-0.16308774054050446,-0.15100762248039246,-0.06080757208414293,-0.028752618463165673,-0.009519168645053611
2831,1625451630.6983593,0.0,-0.047634851187467575,0.006745291408151388,0.032483216375112534,0.0030046764088264566,0.01523220518554344,0.6133997614779173,0.39238494634628296,-0.6360651254653931,-0.14248549938201904,-0.10036899226743526,-0.06422486096512077,0.022379333774717864
2832,1625451630.7085075,0.0,-0.047268133610486984,0.004614238161593676,0.03115835413336754,0.002766455124286124,0.013796387300038265,0.6149891940516046,0.08665404468774796,-0.00968965981155634,-0.17976976931095123,-0.15887640874789158,-0.16007272532737135,0.14084260454736708
2833,1625451630.718246,0.0,-0.04688016325235367,0.00023381458595395088,0.02993537113070488,0.001618198861411721,0.01653899079392665,0.614308981765851,0.4520397484302521,-0.7340694665908813,-0.23835930228233337,-0.09057113700062448,0.0356096596691293,0.06837735240371316
2834,1625451630.7285233,0.0,-0.044492222368717194,-0.006238821428269148,0.029537316411733627,-6.944934119552937e-05,0.01579119677284513,0.6133825551097591,0.2507047653198242,-0.3239426910877228,-0.16379079222679138,-0.13901703215007888,0.1098342024109685,-0.0794888853191219
2835,1625451630.7386694,0.0,-0.04190164804458618,-0.007705576717853546,0.026593182235956192,0.0003263515876819195,0.007511156188948223,0.614806443526657,0.2709448039531708,-0.5806713700294495,-0.3480815589427948,-0.060130537761069414,-0.3773776821615116,0.005809790983048104
2836,1625451630.7482522,0.0,-0.04170850291848183,-0.008330217562615871,0.02236918732523918,0.00015883859693385793,0.009232903651329408,0.6157873328042665,0.4147554934024811,-0.06721394509077072,-0.4727174937725067,0.009810562228458067,-0.3995604928963776,0.12389425316659707
2837,1625451630.758427,0.0,-0.037651024758815765,-0.009703898802399635,0.018492918461561203,-0.0005043822291003058,0.013877020744142154,0.612912834258877,0.1814625859260559,0.04570409283041954,-0.4183890223503113,-0.04083260724299239,0.27068837163767695,-0.0648927755371683
2838,1625451630.7685754,0.0,-0.036771733313798904,-0.01065033208578825,0.014259401708841324,-0.0009551578435709196,0.013769719698607727,0.6117700147827396,0.4190165400505066,-0.03312547877430916,-0.4727174937725067,-0.06024145619773523,0.3033483423669245,-0.2112217756548657
2839,1625451630.778302,0.0,-0.033219609409570694,-0.008989847265183926,0.009773500263690948,-0.00014246161871134255,0.006442035938411583,0.614325154822383,0.19531100988388062,0.12879471480846405,-0.4130626916885376,0.014243349539747017,-0.33318756847447356,0.040177699409146964
2840,1625451630.7882564,0.0,-0.03159743547439575,-0.009882436133921146,0.007255446165800095,-0.0007296418669584387,0.007432728571008962,0.6161088598107051,-0.18285787105560303,-0.35270482301712036,-0.10094019770622253,0.01947544382102905,-0.40113406325404377,0.2253904141454348
2841,1625451630.8690927,0.0,-0.02709459885954857,-0.0202869214117527,-0.003119688481092453,-0.005511432609400083,0.012643785832543518,0.6154249192279639,-0.1466388702392578,0.3311949670314789,-0.34488576650619507,-0.18383481256017564,0.00027784813773811093,0.11553023412033267
2842,1625451630.8786845,0.0,-0.02645448036491871,-0.01866030879318714,-0.005972743034362793,-0.0054353143755127495,0.012670747961767197,0.6158575620910108,-0.1615525782108307,0.23638643324375153,-0.12224549055099487,-0.149823057810626,0.007778466243897641,0.03771612546840158
2843,1625451630.8889587,0.0,-0.0280219167470932,-0.019751183688640594,-0.005634099245071411,-0.005978645468140663,0.013764601247239633,0.6158119696181628,-0.07633142173290253,-0.1417824625968933,0.04926208779215813,-0.01642433414863255,0.053770830510558615,0.02161177600813085
2844,1625451630.8987885,0.0,-0.029234278947114944,-0.02181108482182026,-0.005443759262561798,-0.00693788300258464,0.014473291715527595,0.6156905841722363,-0.07420089095830917,0.004158778116106987,0.006651510950177908,-0.07141832606292899,0.09366817375195523,-0.007501022857785566
2845,1625451630.9091065,0.0,-0.032428011298179626,-0.019344540312886238,-0.006045373156666756,-0.006597426106012265,0.015131038782788445,0.61573743684429,-0.3469085991382599,0.4089592695236206,-0.06685173511505127,-0.04218522837951106,0.06584522174287613,-0.006077618268264353
2846,1625451630.9187074,0.0,-0.03449695184826851,-0.01700058951973915,-0.006005583330988884,-0.0061904641226882,0.015776709715755614,0.615646699710242,-0.12213779240846634,0.2800622582435608,0.0780242308974266,0.03261408479855041,0.06282619704058906,-0.002398603867767614
2847,1625451630.9291985,0.0,-0.036464039236307144,-0.01635865308344364,-0.005069524049758911,-0.006282136528826143,0.01656213843866517,0.6154943672515187,-0.09444091469049454,0.05742200091481209,0.10572110861539841,0.02317366877266637,0.07375195726570075,-0.01210974133096017
2848,1625451630.9387822,0.0,-0.038028866052627563,-0.016530079767107964,-0.004705365747213364,-0.006608065397649444,0.017340846310032465,0.6153710763543738,-0.010285021737217903,-0.020342305302619934,0.021565213799476624,-0.016406340947151512,0.079634056298129,-0.015044908717840151
2849,1625451630.9491355,0.0,-0.038437336683273315,-0.016695788130164146,-0.004598420113325119,-0.006912190273688057,0.017724039364386608,0.6152531286212826,0.013150796294212341,0.09470625221729279,0.009847303852438927,-0.032304733920231594,0.06097203221457182,-0.012667830248312344
2850,1625451630.9591305,0.0,-0.03906679525971413,-0.015132610686123371,-0.004499573260545731,-0.006642946217517105,0.018405613162014833,0.6150292757350888,-0.05076507106423378,0.27154016494750977,0.03328312188386917,-0.007192417387187241,0.051576491140047025,-0.016280763117897556
2851,1625451631.042104,0.0,-0.041752226650714874,0.0033269673585891724,0.00028163567185401917,-0.000533646545509206,0.012801607951035396,0.6167659038419685,-0.023068195208907127,0.31415072083473206,0.06311052292585373,0.06462714359974633,-0.014353155608621715,-0.004646762402844107
2852,1625451631.05157,0.0,-0.041860584169626236,0.005942370742559433,0.0016798898577690125,-0.00010499146008260962,0.012515453605792176,0.6192018106042398,-0.000697641575243324,0.2928454577922821,0.15365801751613617,0.08325691759512735,-0.017549348602979572,0.05208262573767356
2853,1625451631.061538,0.0,-0.0439283549785614,0.01030195876955986,0.002003222703933716,0.000951262867662131,0.012855136137042825,0.6200545575209934,-0.011350286193192005,0.42919930815696716,0.2218349426984787,0.08250551898528008,0.017282220184481042,0.15099054347300175
2854,1625451631.072549,0.0,-0.04627447575330734,0.014705094508826733,0.0025311224162578583,0.0018779259021218936,0.012306272161636198,0.6200028542209457,-0.17646627128124237,0.2853885889053345,0.08654634654521942,0.09426374081359762,-0.008525060582600169,0.04957611313651459
2855,1625451631.0815659,0.0,-0.047437235713005066,0.016855115070939064,0.003398589789867401,0.0022211804194518375,0.012011217163407015,0.6199780215997285,-0.037981897592544556,0.38871923089027405,0.02582627162337303,0.05846631178552334,-0.07049431611983054,-0.0007282396168421713
2856,1625451631.0917609,0.0,-0.04593629762530327,0.019485168159008026,0.004899643361568451,0.002722407143918276,0.013440301511235861,0.6193693163416616,-0.11681146919727325,0.5453131198883057,0.17389804124832153,0.040249404980479644,0.033581042132166894,-0.02915911705263851
2857,1625451631.101647,0.0,-0.04382972791790962,0.024529943242669106,0.006086885929107666,0.003824088793202396,0.012381516144318247,0.61857953423282,-0.3245380222797394,0.7722144722938538,0.2122475653886795,0.07893157005769917,0.04949789459144158,-0.07719381492429345
2858,1625451631.1118147,0.0,-0.044222477823495865,0.03142554685473442,0.008420810103416443,0.005467201490900256,0.007130159723190296,0.6193751685186484,0.19957207143306732,0.643317461013794,0.25592339038848877,0.1329438995221588,-0.2690427192373985,-0.011334009437841611
2859,1625451631.1215756,0.0,-0.04236544296145439,0.03515520319342613,0.011686105281114578,0.006183530045911961,0.012276704851982373,0.6188486218591208,-0.20416314899921417,0.3961760997772217,0.45619308948516846,0.12052013750357303,-0.10969690670979651,0.024262450650834353
2860,1625451631.1317616,0.0,-0.042126670479774475,0.03583517298102379,0.016896821558475494,0.00600761905337488,0.01907435101274041,0.6172870252130165,0.019542383030056953,-0.5817366242408752,0.6106564998626709,0.0489549169262622,0.5994274892095177,-0.09803382166804478
2861,1625451631.2162015,0.0,-0.05492895841598511,0.07060889899730682,0.036917489022016525,0.015340820820791475,0.02046217196273223,0.6177737751358647,-0.2766011357307434,0.26195278763771057,0.1760285645723343,0.4858561787068114,0.5959839352531934,-0.0916048623587674
2862,1625451631.226003,0.0,-0.05964182689785957,0.07140886783599854,0.03911453112959862,0.015609217401514858,0.020736844636688477,0.6178800217738442,-0.5780709385871887,-0.119411900639534,0.19946438074111938,0.5059259963147062,0.20572708989381003,-0.002208663128468264
2863,1625451631.2361636,0.0,-0.06434222310781479,0.06892707198858261,0.0403200201690197,0.014942213181298153,0.021345639729119563,0.6180198994052041,-0.1477041393518448,-0.480536550283432,-0.015719043090939522,-0.0011844437050714007,0.048572884608578906,0.011666839847036285
2864,1625451631.2460313,0.0,-0.0647779256105423,0.06610117852687836,0.04012467339634895,0.014340519899289056,0.021704075311805883,0.6179885097067759,-0.12533357739448547,-0.06295288354158401,-0.06578647345304489,-0.06722463850300477,0.0442951547368502,0.0062614243725280915
2865,1625451631.256184,0.0,-0.06738367676734924,0.0683567151427269,0.03918583318591118,0.01534368084116014,0.02249411852800636,0.6177946116363277,-0.010285021737217903,0.12772946059703827,-0.03808959573507309,0.009202592829339124,0.057809189070795006,-0.011064759464443498
2866,1625451631.266194,0.0,-0.0675794780254364,0.07104387134313583,0.038537461310625076,0.016421900502332526,0.022324963326670083,0.6178529328082867,0.09304562956094742,0.19058005511760712,-0.032763272523880005,0.09749104332744274,0.03621624924728683,-0.00902677698368193
2867,1625451631.2757785,0.0,-0.06769941002130508,0.07280150055885315,0.038183990865945816,0.017129840844664762,0.022443917916724343,0.6177574461800573,0.07919719070196152,-0.05123497173190117,0.004520982038229704,0.09449230223935236,-0.002597746004107354,-0.0023034723195034796
2868,1625451631.2862406,0.0,-0.06729132682085037,0.07280492782592773,0.037646371871232986,0.017313178013185417,0.022274164371204268,0.6176964058370009,0.07813192903995514,-0.10875925421714783,-0.08070017397403717,0.05227556045704334,-0.003134606214384233,-0.00849969801285873
2869,1625451631.2959237,0.0,-0.0669655129313469,0.0721619501709938,0.03672314062714577,0.01733488319385812,0.022087654783799857,0.6176307720564371,0.07387086749076843,-0.18652355670928955,-0.0838959664106369,0.012538450364357568,-0.01860147594941533,-0.006965510776523494
2870,1625451631.305776,0.0,-0.06686457991600037,0.07137683779001236,0.03581613674759865,0.017354562141267932,0.02178868321045231,0.6175416278981505,0.0429782010614872,-0.14604350924491882,-0.10520125925540924,0.001805991763791777,-0.0245926280339617,-0.007618985188998625
2871,1625451631.3875558,0.0,-0.06931962817907333,0.06227017939090729,0.030655141919851303,0.014803164912339392,0.01866064548441676,0.6171727961599655,-0.004958699457347393,-0.21102464199066162,-0.043415918946266174,-0.05959787876967546,-0.03097383163222597,-0.005493937948259653
2872,1625451631.3973963,0.0,-0.06864810734987259,0.0599709153175354,0.03049485757946968,0.01501868921958098,0.01888135245928177,0.6188340470944145,0.09198036789894104,-0.27494052052497864,-0.03489380329847336,-0.0638793790102806,-0.033881990823328156,-0.004883437425727954
2873,1625451631.4076588,0.0,-0.06819436699151993,0.0573582798242569,0.030207987874746323,0.015049300541046959,0.018188546842887204,0.6209148871288078,-0.0869840607047081,-0.1748056560754776,-0.04874224215745926,-0.03838174792971138,-0.046090871612855175,0.08010774071035781
2874,1625451631.4177823,0.0,-0.06787674874067307,0.055217497050762177,0.029780331999063492,0.015413539760421716,0.017558125219346188,0.6213615286457976,0.18891942501068115,-0.38572800159454346,0.0023904531262815,0.01462165845106924,-0.08135246343713005,0.13164664426602513
2875,1625451631.4274967,0.0,-0.06718095391988754,0.04964681714773178,0.030271153897047043,0.014179805713849927,0.018076952848386785,0.6214039946636163,0.6118294596672058,-0.9567097425460815,0.08335055410861969,-0.03864210236885107,-0.0047994773005642045,0.033892326114602474
2876,1625451631.4376936,0.0,-0.06391839683055878,0.043377187103033066,0.030996005982160568,0.012817400293864453,0.017510107984857498,0.6207367534629035,0.3337953984737396,-0.48799338936805725,-0.01998010091483593,-0.14003761391083852,-0.00824309742250717,-0.031627279925487174
2877,1625451631.447532,0.0,-0.05939743295311928,0.03841299191117287,0.029643308371305466,0.012419360093143997,0.014283547961047277,0.6209493164489315,0.39345020055770874,-0.528473436832428,-0.27138251066207886,-0.11161833081933126,-0.19091096793230794,-0.03380134346288211
2878,1625451631.4573722,0.0,-0.05550450086593628,0.03439698740839958,0.02673906460404396,0.01188505676063209,0.014758659576351585,0.6206354704233297,0.4690839946269989,-0.18758882582187653,-0.3661910593509674,-0.055630539985299425,-0.16202730185310088,-0.004705608067758933
2879,1625451631.467531,0.0,-0.05036022886633873,0.03232667222619057,0.023754708468914032,0.01179462673702257,0.017943993356831528,0.6189155987856715,0.31355535984039307,-0.42301228642463684,-0.20320558547973633,-0.02827089799111584,0.15857626463681573,-0.08514965833001906
2880,1625451631.4775217,0.0,-0.04290356487035751,0.03153213858604431,0.02110414206981659,0.012059850057626942,0.015271919825155356,0.6188472263919303,0.6459178924560547,0.10961996018886566,-0.3214499354362488,0.002402249521813244,0.08860959063140528,-0.10201879860447334
2881,1625451631.5611742,0.0,-0.05346019193530083,0.001837280229665339,0.002759873867034912,0.004043144040843202,0.01496041545255436,0.6201342121133866,-0.5130898356437683,-0.17693617939949036,-0.6239850521087646,-0.39433270498788636,-0.0385390486128681,0.013595988812129941
2882,1625451631.5717885,0.0,-0.053319163620471954,-0.0014967346796765924,-0.0002726912498474121,0.0030663094964109086,0.012750857268788274,0.6217128533645864,0.1260688304901123,-0.752178966999054,-0.08602649718523026,-0.4245056102378382,-0.04728565545782512,0.10686797339950434
2883,1625451631.5813532,0.0,-0.058036234229803085,-0.007947509177029133,0.0010163336992263794,0.001172412768264068,0.01376149746773346,0.6227839284880765,-0.19137997925281525,-0.5583008527755737,0.10678637027740479,-0.14494396985166227,-0.060280301699147165,0.13679696908941902
2884,1625451631.5913522,0.0,-0.05956133082509041,-0.01084156148135662,0.0005332902073860168,0.00017446284829931297,0.01383603890753185,0.6230888705033153,0.07919719070196152,-0.18971934914588928,-0.23090244829654694,-0.16148320150929976,0.04584341409364503,0.08339678678110525
2885,1625451631.6012716,0.0,-0.06171247735619545,-0.0038529906887561083,-0.003864329308271408,0.0019847636614061456,0.012871740954500423,0.6232641941913801,-0.13598622381687164,1.0971200466156006,-0.5302417278289795,0.009614682100362336,-0.03836629221069421,0.02831506438213389
2886,1625451631.611194,0.0,-0.0635591670870781,0.002225857228040695,-0.0036626122891902924,0.0036096125426674716,0.011401269974720588,0.6234855656604932,-0.03265557438135147,0.7636923789978027,0.11637374758720398,0.15530283465597955,-0.11047917715890118,0.018384065552987362
2887,1625451631.6216552,0.0,-0.06602544337511063,0.004164567217230797,-0.0012108497321605682,0.003960927179259888,0.011507693006592962,0.6238675046775777,-0.29364538192749023,-0.2078288495540619,0.4295614957809448,0.12238911721507038,-0.08168016640643945,0.027705941989872408
2888,1625451631.6314235,0.0,-0.06506779044866562,-0.0018950763624161482,0.0033455751836299896,0.002011683443783538,0.011409133660192972,0.6241848099859025,-0.20203262567520142,-0.9971898198127747,0.5307616591453552,-0.04704756561434125,-0.009890207422129746,0.03518527859923932
2889,1625451631.64134,0.0,-0.06402795761823654,-0.012814453803002834,0.008128125220537186,-0.0013244797522069182,0.010239856198930287,0.6245493106548327,0.5106292963027954,-1.273093342781067,0.16963697969913483,-0.2526529206020505,-0.0432784145574537,0.03452864290018569
2890,1625451631.6513255,0.0,-0.06056995317339897,-0.02223561517894268,0.006966337561607361,-0.004318941218075967,0.008894909422199705,0.624355922337041,0.2752058506011963,-0.06082234904170036,-0.4226500689983368,-0.3394610824996838,-0.12045196218583508,0.010862648945654745
2891,1625451631.7339036,0.0,-0.056453537195920944,-0.007785772439092398,-0.005081236362457275,-0.0030012276764715823,0.0024767492975241445,0.6216116575518971,0.03871714323759079,0.29178017377853394,-0.1584644764661789,0.018192241852619483,-0.166905997831149,-0.01066954278026822
2892,1625451631.744073,0.0,-0.05559825152158737,-0.006163729354739189,-0.005696237087249756,-0.0020388649039834866,0.00428669602581698,0.6208445245349603,0.011020267382264137,0.1863189935684204,0.06204526126384735,0.0814386152866715,-0.1580726100294338,-0.006753210249298892
2893,1625451631.7534614,0.0,-0.05629904568195343,-0.0047178263776004314,-0.004965931177139282,-0.0022404345000755638,0.00843833153858925,0.6223357297594814,0.16122254729270935,0.1639484465122223,0.09932951629161835,0.09612723977502813,-0.1556475867337525,0.0020040830113882834
2894,1625451631.763311,0.0,-0.05558295547962189,-0.006514350883662701,-0.003140311688184738,-0.003225596570794645,0.01058171073132401,0.6237432503375485,-0.6196162700653076,0.0797925516963005,0.19520331919193268,-0.0036443744484063513,0.1207550562754712,0.1004570280766595
2895,1625451631.773634,0.0,-0.05106307566165924,-0.010560073889791965,5.0649046897888184e-05,-0.0052132442250762134,0.006998954772946306,0.6243690056907961,0.7247474789619446,-0.6871978044509888,0.39121195673942566,-0.12417278608190138,-0.011088791675273824,0.1057533296034584
2896,1625451631.7837002,0.0,-0.047264885157346725,-0.010571901686489582,0.002234533429145813,-0.005191448118960454,-0.0031037709313020967,0.6250766361094695,1.6440707445144653,-0.8320738077163696,0.1472664326429367,-0.0933192062409712,-0.5810915628387504,0.06361528672496836
2897,1625451631.793438,0.0,-0.04633038491010666,-0.011577591300010681,0.00514577329158783,-0.0051205030962656745,0.0037461802123659044,0.6249964473599122,0.3998417854309082,0.9064378142356873,0.10039478540420532,-0.02006676375001202,-0.19220659071166377,0.04324892865171394
2898,1625451631.803682,0.0,-0.039370954036712646,-0.007290913723409176,0.004385698586702347,-0.003499529436334775,0.008659917084720095,0.6218552713445827,-0.5876583456993103,0.9565052390098572,0.17389804124832153,0.09010303317068108,0.5743694440897682,-0.132107518605917
2899,1625451631.8134937,0.0,-0.02786729484796524,-0.010563910938799381,0.006474383175373077,-0.005174961332455888,-1.187861021045844e-06,0.6218289835323483,0.4424523711204529,-0.1609572172164917,0.30279502272605896,0.037497004137769345,0.015576647400266633,-0.1819499094955508
2900,1625451631.8235826,0.0,-0.026079729199409485,-0.009232023730874062,0.010227367281913757,-0.005568099471809904,-0.005824696383486566,0.6237941450322242,1.091198444366455,-0.294115275144577,0.4902815520763397,-0.07872486214332662,-0.667645905756315,0.06386985137709089
2901,1625451631.9084752,0.0,-0.0065390304662287235,-0.008068623952567577,0.024261653423309326,-0.0038714867088995297,0.0012287405551562672,0.6212153336285219,-0.3522348999977112,0.23958222568035126,-0.029567480087280273,-0.021618753450871407,-0.5987204000901929,0.09293775134429802
2902,1625451631.9184587,0.0,-0.004416960757225752,-0.011465208604931831,0.0266040600836277,-0.005016956546059222,0.002641145163742177,0.6215990617574092,-0.07207036018371582,-0.192915141582489,0.3890814483165741,-0.03759367330476393,-0.18904444719019678,0.013892425207085357
2903,1625451631.9286456,0.0,-0.0054414281621575356,-0.010442121885716915,0.028939317911863327,-0.004924528818031661,0.0033088882732264513,0.6217996243214279,-0.21481579542160034,0.12559892237186432,0.14087483286857605,-0.05216132906925597,0.1133441423894536,0.03179587416693255
2904,1625451631.939017,0.0,-0.0070143588818609715,-0.0077881277538836,0.02904674783349037,-0.004392855449803883,0.002721137243471873,0.6217380704133816,-0.37673598527908325,0.5527700185775757,-0.1584644764661789,0.01990744363341684,0.02036921249987428,0.00885642175228775
2905,1625451631.948805,0.0,-0.010700089856982231,-0.0023699565790593624,0.027619626373052597,-0.003031963423023136,0.003399186991890936,0.6219036480314293,-0.31601592898368835,0.3450433909893036,-0.04874224215745926,0.0988468664937393,-4.6261281082184075e-05,0.003177649127635982
2906,1625451631.958448,0.0,-0.014511083252727985,-0.0012571044499054551,0.02798805758357048,-0.0029296895853719723,0.004776110093585334,0.6221472091507381,-0.4214771091938019,-0.1375214010477066,0.16004960238933563,0.09045270121127469,0.09644778828105548,0.020757537970779772
2907,1625451631.9684603,0.0,-0.016821883618831635,-0.005518642254173756,0.0308980830013752,-0.004355265394035336,0.005954636612679053,0.6220762185897601,-0.14131255447864532,-0.5231471061706543,0.34966665506362915,-0.04925988545812144,0.13277327736972178,0.010251134351420565
2908,1625451631.9783528,0.0,-0.01861865073442459,-0.009383945725858212,0.03135336562991142,-0.005662675953215866,0.007160974130268304,0.6218688379509283,-0.23718635737895966,-0.25683102011680603,-0.10946231335401535,-0.13583978314625725,0.12025238863682172,-0.012683679288926795
2909,1625451631.9885612,0.0,-0.019650675356388092,-0.01085252407938242,0.03012693300843239,-0.006258149989737186,0.008223939784934298,0.6216814300044711,0.09517616033554077,0.09364099055528641,-0.18083502352237701,-0.10772382920855955,0.11857453718706518,-0.020020688135031918
2910,1625451631.9985523,0.0,-0.020829135552048683,-0.0060173580422997475,0.026960309594869614,-0.005059483344086166,0.009807379530121604,0.6214664387561437,-0.09657144546508789,0.5794016122817993,-0.33636364340782166,0.010111819776600065,0.12742032221661084,-0.020035965865790144
2911,1625451632.0826762,0.0,-0.03147618845105171,0.002548766089603305,0.022572096437215805,-0.003289142182355577,0.017646550734975973,0.6202508872316239,-0.08911459147930145,0.07659675925970078,0.03328312188386917,0.16930220782422792,0.25919110994342687,-0.018272464726425488
2912,1625451632.0929816,0.0,-0.03227818384766579,0.003108363598585129,0.023106206208467484,-0.006690358780092304,0.006904410685788329,0.624259663589807,-0.012415550649166107,0.030790388584136963,0.07269790768623352,0.16359386989829522,0.24658624461044898,-0.013823346610386741
2913,1625451632.1029198,0.0,-0.03365638852119446,0.003854260081425309,0.023899566382169724,-0.006603489215091837,0.0038931017639581567,0.6267193288138204,-0.2723400890827179,0.08724940568208694,0.09293793141841888,0.16024999953084884,0.24013618605003728,-0.011516209774859287
2914,1625451632.112652,0.0,-0.03588653728365898,0.0037987467367202044,0.02362620085477829,-0.006762811612782471,0.00039713260021809194,0.6299546540434051,-0.3841928541660309,0.05316094309091568,0.046066295355558395,0.09046951919252039,-0.006441142632285325,0.11903839384738751
2915,1625451632.1228008,0.0,-0.0402362123131752,0.0007163704722188413,0.024363581091165543,-0.007842706329958982,0.001022866845258319,0.629984714647077,-0.41934657096862793,-0.7937242984771729,0.09080740064382553,-0.043973813802588,-0.14935846877602707,0.16860610325843686
2916,1625451632.1327298,0.0,-0.04463368281722069,-0.006867474876344204,0.02567392960190773,-0.010327180530595531,0.009068899812478215,0.6279408306208376,-0.41402024030685425,-1.1186299324035645,0.07482843846082687,-0.1745426914062169,0.3743486969940304,-0.07220443579682756
2917,1625451632.1430867,0.0,-0.04142358526587486,-0.016489360481500626,0.02620306983590126,-0.012173647283198141,0.0073380692443658635,0.6263329164590459,0.5457830429077148,-0.9961245059967041,-0.2234456092119217,-0.23524615754592676,0.39317023497740233,-0.19580051335237503
2918,1625451632.15288,0.0,-0.04287448897957802,-0.020770573988556862,0.023092612624168396,-0.012451940165009931,0.0009717573283736236,0.6281591845993665,0.24324791133403778,-0.3559006154537201,-0.4226500689983368,-0.12401056845723901,-0.3421512149197479,-0.018359082041917222
2919,1625451632.162775,0.0,-0.04135207086801529,-0.021270666271448135,0.017796590924263,-0.011718277578858446,0.0018564268067162437,0.6282453438927568,-0.019872400909662247,-0.3005068600177765,-0.496153324842453,0.015140350174081075,-0.34822820431932583,0.1029116477792554
2920,1625451632.172589,0.0,-0.04272358864545822,-0.021421590819954872,0.01404644176363945,-0.011885971719795663,0.009882305685487258,0.6255321393275204,0.29011955857276917,0.032920919358730316,-0.39175739884376526,0.021749700920882666,0.41116883708998886,-0.10905437722622964
2921,1625451632.2574065,0.0,-0.051051873713731766,-0.025027940049767494,0.0032757334411144257,-0.013990850488148236,0.01045334990934188,0.6247097733861477,-0.3458433151245117,0.3631528913974762,-0.1254412829875946,-0.0678274927335089,0.5495895818215408,-0.19652771596893787
2922,1625451632.267312,0.0,-0.05278252810239792,-0.02413373440504074,0.0021527372300624847,-0.013854221734757963,0.010873030417938398,0.6240867138641715,-0.17859680950641632,0.16607896983623505,-0.13822445273399353,-0.047504234900442574,0.1875975056588357,-0.10342543678629425
2923,1625451632.277152,0.0,-0.05541404336690903,-0.02106994204223156,0.0007614865899085999,-0.01317124559043234,0.010708528853224555,0.6243266730256636,-0.19137997925281525,0.21295060217380524,-0.1392897069454193,0.045228486349186345,0.027122851646366956,-0.029256022521101033
2924,1625451632.2870588,0.0,-0.059328556060791016,-0.018349656835198402,0.0007935613393783569,-0.01260553814621531,0.011141721799530754,0.6246194476223423,-0.19031471014022827,0.07020517438650131,0.13980957865715027,0.069865309785563,0.011218228358931501,0.024738034869751534
2925,1625451632.29681,0.0,-0.06133311986923218,-0.019512763246893883,0.0015714578330516815,-0.013217181826890911,0.011247084980404838,0.6246952928958539,-0.18498839437961578,-0.2301994115114212,0.05778420343995094,0.0049778983242224914,0.019328607571767985,0.02124204592750039
2926,1625451632.3075233,0.0,-0.06193285062909126,-0.02227769047021866,0.0020683445036411285,-0.014238582207951662,0.011427365257485805,0.6247246453864729,0.0983719527721405,-0.25043943524360657,-0.00932745635509491,-0.0774431153800325,0.01206622089448576,0.005970080643570467
2927,1625451632.3171673,0.0,-0.06070670112967491,-0.02418348751962185,0.001721847802400589,-0.014989112871196593,0.01119089674811697,0.6247283208425116,0.15163516998291016,-0.08319290727376938,-0.03702433407306671,-0.09174369409148139,-0.0029321949857988314,0.0010986966159997507
2928,1625451632.327133,0.0,-0.05999535322189331,-0.024040430784225464,0.0014025494456291199,-0.015148905976085543,0.011636311383178229,0.6247169581532893,0.16654887795448303,0.11388101428747177,-0.025306422263383865,-0.053911791271313896,0.006468060416530622,-0.0011430102087595566
2929,1625451632.337391,0.0,-0.058825068175792694,-0.02270415611565113,0.0008808635175228119,-0.014972104250834402,0.011400800042177806,0.6246612386518893,0.16548360884189606,0.2236032485961914,-0.04874224215745926,-0.0028388861179444117,0.015644108400535116,-0.004216235842646346
2930,1625451632.347134,0.0,-0.05824776738882065,-0.020943505689501762,0.0004283599555492401,-0.014670802592341638,0.010752427248119666,0.6247378912173575,0.058957166969776154,0.24384327232837677,-0.035959068685770035,0.02373423260052969,-0.03983405144814189,0.0005166784117559793
2931,1625451632.4403179,0.0,-0.05781760439276695,-0.013301171362400055,-0.004493303596973419,-0.012305160965806194,0.008242237344441683,0.6257511935445284,0.09517616033554077,0.16607896983623505,-0.0018706046976149082,0.11928379100134838,-0.053893428202410595,0.0063364868827841744
2932,1625451632.4507616,0.0,-0.05736555904150009,-0.011372453533113003,-0.004586845636367798,-0.01227450835716902,0.009304446228496577,0.6266016104112011,0.025933971628546715,0.26727908849716187,-0.01998010091483593,0.12162337900056541,-0.05620643989509934,0.006483766727928964
2933,1625451632.4607792,0.0,-0.05623948574066162,-0.008931883610785007,-0.004429269582033157,-0.012174073570032112,0.010307457556898797,0.6292891564391292,0.17933204770088196,0.05635673925280571,0.15046222507953644,0.1108071606410361,-0.03973895664756816,0.02906401130490902
2934,1625451632.4706516,0.0,-0.05692616477608681,-0.005946182180196047,-0.004005126655101776,-0.011905443138179414,0.0093701103462899,0.6305009015260117,-0.08591879904270172,0.31415072083473206,0.08441581577062607,0.030943586462635866,-0.005282990295926415,0.17843364388840602
2935,1625451632.4806066,0.0,-0.056724127382040024,-0.002862591063603759,-0.0037003308534622192,-0.011359724399707824,0.007631650878920954,0.6308217227865768,-0.44065186381340027,0.7349302172660828,0.0023904531262815,0.023115937173997014,-0.1529087260018858,0.0970071332964644
2936,1625451632.4912376,0.0,-0.05688069015741348,-0.0023215957917273045,-0.002430930733680725,-0.011390237679858473,0.009524763308374623,0.6303333768086546,-1.1437263488769531,0.742387056350708,0.20052964985370636,0.012720180321953042,-0.06079694841764181,0.005593296600193909
2937,1625451632.5006351,0.0,-0.05231219902634621,-0.0020890000741928816,1.1164695024490356e-05,-0.011378105702702507,0.009621896472972818,0.6293917416859398,-0.28938430547714233,0.22147272527217865,0.4082562029361725,0.001124542544358886,0.0799683780566915,-0.06557349267145503
2938,1625451632.510763,0.0,-0.049769651144742966,0.0004550034354906529,0.0035843253135681152,-0.010866854544685944,0.004107263949985174,0.6297395997312432,-0.09870196878910065,0.42919930815696716,0.31664344668388367,0.02604991241535888,-0.21266397454865568,-0.03679020746453923
2939,1625451632.520802,0.0,-0.04751262813806534,0.0029397448524832726,0.006882399320602417,-0.010171850241441044,0.0007188232367940778,0.6307573691516875,0.6469831466674805,-0.15563088655471802,0.4455404579639435,0.07116292926119065,-0.4781219809492014,0.0676485355801267
2940,1625451632.5307314,0.0,-0.04386890307068825,0.002691560657694936,0.01237228512763977,-0.010411894278015643,0.011420313053089548,0.6287768375859408,0.11328565329313278,0.1032283678650856,0.5307616591453552,0.03250873498390271,0.2555035013373849,-0.02605921353536139
2941,1625451632.6208806,0.0,-0.046441491693258286,0.027189556509256363,0.032161567360162735,-0.004565337720714761,0.014062644691803336,0.6282527012622053,-0.34477806091308594,0.35569605231285095,-0.011457985267043114,0.27754927758484876,0.6014834380681394,-0.10648274808484051
2942,1625451632.6304166,0.0,-0.04869386553764343,0.02880914695560932,0.03177930787205696,-0.003970455164985849,0.013849522003859714,0.6288681438127508,-0.5439825057983398,0.03185565397143364,-0.026371687650680542,0.315505962062521,0.10906744356242264,0.00593876711360729
2943,1625451632.6403859,0.0,-0.052854783833026886,0.027065249159932137,0.03241623565554619,-0.004338823175490142,0.014266055623499335,0.6298423755529137,-0.3373212218284607,-0.48692813515663147,0.09506846219301224,0.029103491630949642,0.00888604675686003,0.07809721826916316
2944,1625451632.650763,0.0,-0.05334579572081566,0.02048560604453087,0.033002544194459915,-0.005922419981743442,0.01481649648811053,0.6303891086278361,0.15589623153209686,-0.9300781488418579,-0.03382853791117668,-0.08204251153866793,0.05333263154986766,0.07712567962263248
2945,1625451632.6604073,0.0,-0.05620617792010307,0.016990743577480316,0.03215356543660164,-0.006561393088347474,0.015297630457753696,0.6303404807157809,-0.24677373468875885,-0.0682792067527771,-0.14781183004379272,-0.12374825896733802,0.05067791787155195,0.02986144901602394
2946,1625451632.670645,0.0,-0.05781131982803345,0.017286455258727074,0.029935475438833237,-0.0061060355934378155,0.015835274591923618,0.6301455078190504,0.0941108912229538,0.10003257542848587,-0.20107504725456238,-0.03092463080967573,0.048921574307390026,-0.009466256458269935
2947,1625451632.6808124,0.0,-0.05837707221508026,0.02064644545316696,0.027758631855249405,-0.004818435133070065,0.01603127037761623,0.6301516863163087,-0.020937664434313774,0.3759360611438751,-0.1957487314939499,0.07797652343624129,0.0405521091457519,-0.012940056546045301
2948,1625451632.690542,0.0,-0.059143465012311935,0.024538150057196617,0.026724938303232193,-0.003396134473457872,0.016297150943399293,0.6303274171075068,0.021672913804650307,0.20442849397659302,-0.008262191899120808,0.13677613915338738,0.02227794169781169,0.0049965580864677565
2949,1625451632.7004788,0.0,-0.05841812491416931,0.023337624967098236,0.02730700746178627,-0.003536330350392379,0.016629752291107885,0.6304206645993046,0.22300788760185242,-0.453904926776886,0.08335055410861969,0.08243195155035074,0.028731839738270704,0.01285280121917934
2950,1625451632.7106402,0.0,-0.05744673311710358,0.019091187044978142,0.027611438184976578,-0.004508776136130162,0.01655945192402182,0.6303882067615442,0.12500356137752533,-0.45603546500205994,-0.06472120434045792,-0.04608782448313897,0.017046458843480498,0.0042001894927856664
2951,1625451632.802207,0.0,-0.05539264157414436,0.008225950412452221,0.02139175310730934,-0.004875783764279523,0.013056267293718393,0.6312808617354166,0.04936978593468666,-0.17160986363887787,-0.01998010091483593,-0.13969443029975367,-0.061040397339518916,-0.04186355002292092
2952,1625451632.8120923,0.0,-0.05547575652599335,0.005879470147192478,0.020950432866811752,-0.005031826481045054,0.013975791850671326,0.6337965401757628,0.13246041536331177,-0.40064170956611633,-0.15100762248039246,-0.10734775439047935,-0.029365809434097577,0.054419904039591994
2953,1625451632.822354,0.0,-0.05581720173358917,0.003981203772127628,0.021327350288629532,-0.005260165728659949,0.013188331179942808,0.6341532585443537,-0.3405170142650604,-0.22913414239883423,0.04180523753166199,-0.030239143207537292,-0.013782995602150136,0.13980386194911942
2954,1625451632.8323972,0.0,-0.056611429899930954,0.0007546424167230725,0.020650852471590042,-0.005736529701316093,0.012667949997411887,0.6344600249874373,-0.07207036018371582,-0.8097032308578491,0.032217856496572495,-0.032556366618122314,-0.056224312603153116,0.044802996100707815
2955,1625451632.842026,0.0,-0.05631395801901817,-0.005483876448124647,0.020982466638088226,-0.007143943654452076,0.011942888617994668,0.6344834848281339,0.42753866314888,-0.42727333307266235,-0.21598875522613525,-0.09578843675456755,-0.05996466981565642,0.014609254600426457
2956,1625451632.8520353,0.0,-0.056114111095666885,-0.009389952756464481,0.019191067665815353,-0.007919033546484947,0.011793486103296419,0.6344722323708578,0.0983719527721405,-0.515690267086029,-0.20214031636714935,-0.10918939143239532,-0.04699533708507376,0.0003017973208909161
2957,1625451632.8621564,0.0,-0.05319015309214592,-0.01220860704779625,0.015428584069013596,-0.008308400334158889,0.011599843553399214,0.633992887658818,0.3497743606567383,-0.5678882002830505,-0.41519322991371155,-0.06246135996023606,-0.014942000565424008,-0.022990828305647113
2958,1625451632.8720968,0.0,-0.05227455124258995,-0.014852263033390045,0.011905081570148468,-0.00879107012686707,0.011775865550015724,0.633900871877445,0.28692376613616943,-0.2728099822998047,-0.3853658139705658,-0.047887936998053444,0.0040821240435692544,-0.030451425569026275
2959,1625451632.8820515,0.0,-0.04798644781112671,-0.014550689607858658,0.008257154375314713,-0.008328196713065561,0.010657238431681981,0.6340817815329913,0.10902459919452667,0.4792667329311371,-0.35553839802742004,-0.011889316858872248,-0.0486148241301045,0.0022198724274668227
2960,1625451632.8920512,0.0,-0.04611003398895264,-0.011570467613637447,0.0045781321823596954,-0.007316852603449803,0.012047378226453132,0.6342922278746368,-0.034786105155944824,0.4835277795791626,-0.2511425018310547,0.06338563511330925,-0.003711478928933935,0.02234813202552889
2961,1625451632.9816873,0.0,-0.04255357012152672,-0.032091740518808365,0.00111321359872818,-0.012950432610553557,0.015348470837027589,0.634424878118891,-0.1754010170698166,0.09683678299188614,-0.07111279666423798,-0.25453038834896313,0.027043216662670646,0.027847712899979758
2962,1625451632.9915247,0.0,-0.04354695603251457,-0.03180132061243057,0.0019642524421215057,-0.013104073756272844,0.015841462610673734,0.6346520900651456,-0.5343950986862183,0.04250830039381981,0.1014600470662117,-0.3048153876313642,-0.015856622530200697,0.03230554776266424
2963,1625451633.0015705,0.0,-0.044439949095249176,-0.0342336967587471,0.0027755796909332275,-0.013975329696245556,0.01715542908321896,0.6345713727687675,0.07493613660335541,-0.3367258608341217,0.003455717582255602,-0.04724315399093363,0.08401904771941536,0.010605349800121518
2964,1625451633.0116518,0.0,-0.045120611786842346,-0.034143250435590744,0.0016742609441280365,-0.014135487787545767,0.017364688328050347,0.6344845825341784,-0.11574620008468628,0.4132203161716461,-0.24475088715553284,-0.05854931703777377,0.089016913851365,-0.008974461159765065
2965,1625451633.021985,0.0,-0.04875175654888153,-0.029941078275442123,-0.0006391443312168121,-0.01315218589002283,0.01753622044297426,0.6343875100607356,-0.15409572422504425,0.326933890581131,-0.04022012650966644,0.03372801152310581,0.03173746351470254,-0.010478123280431614
2966,1625451633.0316188,0.0,-0.05117339640855789,-0.02828906662762165,0.00012173876166343689,-0.012919457118970176,0.01765599608118687,0.634359363601962,-0.2712748050689697,0.07340096682310104,0.1621801257133484,0.06942006216598332,0.010890915251450823,-0.008204692258496087
2967,1625451633.041837,0.0,-0.053149327635765076,-0.030253805220127106,0.002277575433254242,-0.013818127626312196,0.017707190653229787,0.6343550662935549,-0.05183033645153046,-0.2301994115114212,0.16857171058654785,-0.019164355198838273,0.008234115950908661,-0.0023809282568686896
2968,1625451633.0514395,0.0,-0.05432206019759178,-0.031920455396175385,0.002239968627691269,-0.014537186798894743,0.018072530778904097,0.6342328688103954,-0.17220522463321686,-0.07467079162597656,-0.07643911987543106,-0.08111709324592128,0.01870241744218795,-0.00573824433483395
2969,1625451633.0616605,0.0,-0.055028773844242096,-0.03188168630003929,0.0013726502656936646,-0.014687923428458712,0.018605644273938612,0.6339156417484493,0.10582880675792694,0.10429363697767258,-0.09561387449502945,-0.052192447206921816,0.04424910761875058,-0.02049540297678944
2970,1625451633.0719204,0.0,-0.054986391216516495,-0.030626919120550156,0.0008844658732414246,-0.01450737554399159,0.01870994137331764,0.6335745019835106,0.009955002926290035,0.24384327232837677,-0.022110629826784134,-0.002614315314475276,0.03349177252086347,-0.03183024286914643
2971,1625451633.1632814,0.0,-0.05307326838374138,-0.011167848482728004,0.0015389323234558105,-0.010757457524395789,0.0084458944401411,0.6365036078150201,0.24963951110839844,0.316281259059906,0.08015475422143936,0.08118630485249971,-0.05398302190776502,0.00411599788172311
2972,1625451633.173038,0.0,-0.053926803171634674,-0.005411905702203512,0.001462779939174652,-0.009692893721081855,0.009936980822889713,0.6376533964469734,0.5511093735694885,0.5517047643661499,0.09932951629161835,0.167806461701103,-0.12003118203412223,0.14677283387992882
2973,1625451633.1832705,0.0,-0.05443667620420456,-0.0018300112569704652,0.002936083823442459,-0.008836483033362166,0.016189030588011008,0.6359801499354035,-0.5706140995025635,0.7988460659980774,0.23248758912086487,0.10389682625716516,0.32057309788850163,0.002449826793707991
2974,1625451633.1930892,0.0,-0.052751325070858,-0.0002520134439691901,0.00450250506401062,-0.008912610044785052,0.01176244828727975,0.6355908032824691,-0.49284982681274414,0.6102942824363708,0.12596113979816437,0.045090362210325564,0.16911319553005771,-0.11279771358050111
2975,1625451633.2029436,0.0,-0.04941094294190407,0.0009379220427945256,0.007138285785913467,-0.00929808095073209,0.0024541108453310367,0.6375613360813835,0.011020267382264137,0.35995709896087646,0.38588565587997437,-0.007369643852641657,-0.6155260953676287,0.050124385488735115
2976,1625451633.2134347,0.0,-0.04840817302465439,0.00511966785416007,0.00993521511554718,-0.008131771074936914,0.008493340439716113,0.636562485494486,0.8770803213119507,0.1128157526254654,0.26551076769828796,0.04018104184049179,-0.32643532470309305,0.08121179650042942
2977,1625451633.2234783,0.0,-0.04847095534205437,0.007800375111401081,0.013361547142267227,-0.007086927254816369,0.015613425252652913,0.6331104850738023,0.18998469412326813,0.2374516874551773,0.337948739528656,0.10406166434651348,0.6064426789479068,-0.19370783301385086
2978,1625451633.2330017,0.0,-0.04564807936549187,0.007229394279420376,0.01790754497051239,-0.0076887752446232055,0.010829220124988728,0.633616818215597,-0.05822192132472992,0.014811422675848007,0.6159828305244446,0.033071333762553445,0.27170513117175643,-0.1920196608078913
2979,1625451633.2433279,0.0,-0.0421704463660717,0.006860824767500162,0.022449467331171036,-0.008269501869406351,0.0025586162167228893,0.6368244945770951,0.4286039471626282,0.12027259916067123,0.37736353278160095,-0.04971038361298202,-0.6168363090207356,0.1500977123198856
2980,1625451633.2531042,0.0,-0.03886470943689346,0.010141609236598015,0.025800559669733047,-0.006765074053910677,0.007780775752815133,0.6366539814849685,0.3806670308113098,0.11601154506206512,0.217573881149292,0.03185586455379675,-0.30925759774318246,0.1827395693180635
2981,1625451633.3352294,0.0,-0.02913476713001728,0.026493621990084648,0.04345162585377693,-0.0008011299411980893,0.013218886555894663,0.6362277530894118,-0.5578309297561646,0.4185466468334198,0.28362026810646057,0.29838835339466663,0.13988521946747454,0.042676597846765085
2982,1625451633.344767,0.0,-0.03259175643324852,0.027237258851528168,0.047181058675050735,-0.0004012579689569168,0.014504595210886727,0.6366374743859294,-0.3245380222797394,-0.17800144851207733,0.2910771071910858,0.2665932835340814,0.012942362037555671,0.0566047302132573
2983,1625451633.3551135,0.0,-0.03565321862697601,0.02457590028643608,0.05073481425642967,-0.0010365363710892889,0.01569546502388726,0.636856577289806,-0.4054981470108032,-0.3559006154537201,0.2644455134868622,0.00502717341066198,0.119338207643692,0.03880660332045941
2984,1625451633.3647738,0.0,-0.039822764694690704,0.02300076000392437,0.05085213854908943,-0.0012505192918457544,0.017092834286495204,0.6367976515423698,-0.3042980134487152,-0.2536352276802063,-0.19361819326877594,-0.04419513320559804,0.13385028934056242,0.008902153379980602
2985,1625451633.3750107,0.0,-0.042238593101501465,0.02097662165760994,0.04900282993912697,-0.0014271295754498745,0.01745113315448979,0.6369527166368696,-0.2265337109565735,-0.156696155667305,-0.20853190124034882,-0.026348808398450572,0.09642303121782989,0.0027306217827208538
2986,1625451633.3848724,0.0,-0.045030705630779266,0.02106885239481926,0.046570468693971634,-0.0010283452162059004,0.018282320316175882,0.6370146346932141,-0.2670137584209442,0.04676935821771622,-0.2596646249294281,0.004777458029327419,0.057168400275518436,0.010023892717552363
2987,1625451633.3950915,0.0,-0.046620264649391174,0.022476010024547577,0.04432408884167671,-0.00029361604855410173,0.01964827095976946,0.6369515610787483,0.019542383030056953,0.011615629307925701,-0.2000097930431366,0.05408714037296398,0.10564829652708486,0.0013784671856658197
2988,1625451633.4051323,0.0,-0.047859352082014084,0.022532086819410324,0.04242907837033272,2.402379409129074e-05,0.02090897491643849,0.6367168384764612,-0.05289560183882713,-0.10130240768194199,-0.20853190124034882,0.05501656730925638,0.12907255500883005,-0.012165891610274041
2989,1625451633.4148924,0.0,-0.04749041795730591,0.02106049470603466,0.04033335670828819,-0.00011621561203412067,0.02177999943493892,0.6364232196506345,0.0941108912229538,-0.18545830249786377,-0.2277066558599472,0.012236326738058065,0.10979203260553357,-0.027398017801391037
2990,1625451633.4249158,0.0,-0.04796600341796875,0.020008603110909462,0.03831948712468147,-0.00012117863998057504,0.02262105025614919,0.636384289142053,-0.0731356292963028,-0.12047716975212097,-0.19681398570537567,-0.007205743363867449,0.08981238398275201,-0.019962549355012526
2991,1625451633.5146682,0.0,-0.05489836260676384,-0.0003727428847923875,0.03011653944849968,-0.005130755983455637,0.012817517561980768,0.6417696885314468,0.03765187785029411,-0.42727333307266235,-0.15100762248039246,-0.06735942125980958,0.023733095038116207,0.02420589740084026
2992,1625451633.5246313,0.0,-0.05631955340504646,-0.003794124349951744,0.029760483652353287,-0.0056528032531491385,0.01219702311373247,0.6436218566336898,-0.09976723790168762,-0.18545830249786377,0.02369574084877968,-0.1275266035529557,-0.08986522176432232,0.18097778311000376
2993,1625451633.5344734,0.0,-0.05882490053772926,-0.009734448045492172,0.029573965817689896,-0.007360996411633722,0.016473541671692404,0.6424220944045426,-0.07633142173290253,-0.4123596251010895,-0.008262191899120808,-0.11918129850627704,0.12907946671383383,0.04985028317605967
2994,1625451633.5444393,0.0,-0.05823460966348648,-0.01702561043202877,0.02888348326086998,-0.008935657299622785,0.01719229550069898,0.6412525864684103,0.20702892541885376,-0.8480527400970459,-0.1957487314939499,-0.16686647146123676,0.2747157298350601,-0.11823078926928009
2995,1625451633.5545914,0.0,-0.05923047289252281,-0.02167201228439808,0.02696685865521431,-0.009100685482207688,0.009444125971207223,0.642975554887311,0.3391217291355133,-0.7756147980690002,-0.21598875522613525,-0.09887217494221077,-0.2706001085179427,0.008779808659860925
2996,1625451633.564576,0.0,-0.059717509895563126,-0.02647644467651844,0.023808810859918594,-0.00984786715984888,0.00928962788675236,0.6436640393928307,-0.02945978008210659,-0.5295386910438538,-0.3661910593509674,-0.050207652128677734,-0.42406009477304335,0.1190203908932851
2997,1625451633.5747373,0.0,-0.061970360577106476,-0.030877290293574333,0.021008744835853577,-0.010858884571392502,0.017938366588106575,0.6404634826533542,-0.09870196878910065,-0.059757087379693985,-0.30014467239379883,-0.09492918046363384,0.3390605670916134,-0.08375922060539617
2998,1625451633.584639,0.0,-0.06023024767637253,-0.03434155881404877,0.01757735013961792,-0.011239288031341749,0.01606218034822285,0.6396559913439416,-0.5759404301643372,-0.12686875462532043,-0.4258458614349365,-0.08275696668137542,0.38587821147159884,-0.20982474737725615
2999,1625451633.5944703,0.0,-0.05898702144622803,-0.034854430705308914,0.01223418116569519,-0.010532961951300754,0.009579400580720654,0.6425558892102412,0.2507047653198242,-0.18652355670928955,-0.5142627954483032,0.006028532990648751,-0.3470657942059563,0.05396218418902971
3000,1625451633.6045055,0.0,-0.05894223228096962,-0.03661452233791351,0.009473349899053574,-0.01092389862052473,0.011759664907869588,0.6436909078657032,0.1079593300819397,-0.4294038712978363,-0.19468346238136292,0.0288957120033134,-0.31428438569426714,0.21986518950759054
3001,1625451633.691912,0.0,-0.051743198186159134,-0.04797174409031868,-0.005886636674404144,-0.015509158479205552,0.019109693160796262,0.6429194352146426,0.029129764065146446,0.13731683790683746,-0.17124764621257782,-0.15885345489679598,0.03440320160023508,0.08667778270193603
3002,1625451633.7012367,0.0,-0.05250333622097969,-0.04599182680249214,-0.0050768665969371796,-0.015181040888954507,0.01951627711202024,0.6431314322329733,-0.27447059750556946,0.2193422019481659,0.20585596561431885,-0.1345467528368331,0.00991873246892675,0.018275589790586296
3003,1625451633.7113042,0.0,-0.05347926914691925,-0.047758251428604126,-0.002633333206176758,-0.015917046685131837,0.02020822376818758,0.6432134560578953,-0.04437348619103432,-0.20143726468086243,0.25166231393814087,-0.0114755471398539,0.05397966604268818,0.015837479496152718
3004,1625451633.721405,0.0,-0.05399855598807335,-0.05039335787296295,-0.0012732483446598053,-0.01690838157793933,0.021154549925873137,0.6431406121362222,-0.09231038391590118,-0.06614867597818375,0.00771677540615201,-0.08194281641548146,0.0784755487806141,0.00063577970811358
3005,1625451633.731494,0.0,-0.05623532459139824,-0.04998550936579704,-0.0020974203944206238,-0.016967016122243002,0.021948784950228124,0.6429470601386449,-0.15516099333763123,0.17673161625862122,-0.10626652091741562,-0.05827505409439615,0.09271613783360885,-0.014083080344049332
3006,1625451633.7413795,0.0,-0.05810097977519035,-0.04902338609099388,-0.002868693321943283,-0.016819509527076254,0.02285911324950217,0.6426821748177096,-0.03372083976864815,0.06913990527391434,0.03434838727116585,0.002633884176046151,0.08672621897907597,-0.023804327951150228
3007,1625451633.75139,0.0,-0.05929326266050339,-0.048805806785821915,-0.002288930118083954,-0.016968903465061407,0.024068326194997568,0.6422776479674113,-0.12959463894367218,0.22999483346939087,0.0780242308974266,-0.0010156065229222644,0.10220492500295557,-0.034513496788640755
3008,1625451633.761604,0.0,-0.06095830723643303,-0.04784543439745903,-0.001408591866493225,-0.016912841777948127,0.024970542968342273,0.6419663903351243,-0.010285021737217903,0.16927476227283478,0.0876116082072258,-0.0054343231000096885,0.1109810552603872,-0.037739881179416006
3009,1625451633.771691,0.0,-0.06259167194366455,-0.04609503224492073,-0.0005097463726997375,-0.016596666239919802,0.025850344898603918,0.6417026999553505,-0.10296303033828735,0.29071491956710815,0.11317795515060425,0.01858857149223136,0.08992551300264107,-0.028992399565906907
3010,1625451633.7813241,0.0,-0.06391806900501251,-0.04387192055583,0.0004605986177921295,-0.01618843126291873,0.026632689592317682,0.6414570566453826,-0.037981897592544556,0.2097548097372055,0.10891690105199814,0.0381827040400269,0.08427569242433244,-0.025663903842184248
3011,1625451633.869835,0.0,-0.0678602010011673,-0.01730813831090927,0.0029991157352924347,-0.008581651270011578,0.017233320263866217,0.6472938670705286,-0.20416314899921417,0.7636923789978027,-0.05300329998135567,0.13813028319615184,0.030208315678643755,0.0190327724691637
3012,1625451633.8793995,0.0,-0.06765337288379669,-0.011606580577790737,0.0023302771151065826,-0.007519401608291634,0.017807169988098018,0.6476203040777311,0.3859933614730835,0.5037678480148315,-0.02743695303797722,0.24444672696889214,-0.038965043817789,0.1286675740332866
3013,1625451633.8896668,0.0,-0.07158936560153961,-0.004114937037229538,0.0017615221440792084,-0.0055817758728023276,0.021804000189119474,0.6462451640253115,0.8845371603965759,0.23532116413116455,0.097198985517025,0.16578363101752228,0.19253590153195294,-0.022303881433517646
3014,1625451633.8997016,0.0,-0.07523799687623978,0.001605936442501843,0.0020176172256469727,-0.004641474780787719,0.023165205241654427,0.6457589532084588,0.34551331400871277,0.4739404022693634,0.03328312188386917,0.14374365807763564,0.2864231518513131,-0.09698953193528
3015,1625451633.9095616,0.0,-0.0749577209353447,0.00494632450863719,0.00334799662232399,-0.004302962847974781,0.01612370195455662,0.646597097161336,-0.13918201625347137,0.42919930815696716,0.21118229627609253,0.06864162442095494,-0.2601059082223333,0.007463762638758595
3016,1625451633.91962,0.0,-0.07686321437358856,0.011462956666946411,0.004399377852678299,-0.002848145561368254,0.017614653876736996,0.6459063996003873,-0.481131911277771,0.6901891231536865,0.08441581577062607,0.0890889548316748,-0.3296404537089943,0.016178046246257714
3017,1625451633.9299474,0.0,-0.07817565649747849,0.01734439842402935,0.005275297909975052,-0.0014972571576799126,0.027224164303652446,0.6428086977940857,0.29118481278419495,0.5080288648605347,0.2314223200082779,0.14589967313659688,0.5301941628340588,-0.1777364272659076
3018,1625451633.939862,0.0,-0.07840952277183533,0.019405003637075424,0.00849805399775505,-0.0014971632674931762,0.02337039015607617,0.6433505170955235,-0.4214771091938019,0.3865887224674225,0.34434032440185547,0.07343644161563807,0.4055994461645825,-0.15711027108560305
3019,1625451633.9496524,0.0,-0.07748235017061234,0.022750966250896454,0.011143002659082413,-0.0009491189214972245,0.017576656371976945,0.6453131733074691,-0.35862651467323303,0.547443687915802,0.19094227254390717,0.027255991177357598,-0.4745975165654481,0.10919846361016394
3020,1625451633.959714,0.0,-0.07794176042079926,0.029288560152053833,0.012757308781147003,0.0009670653191316964,0.026115308793758008,0.643888574115552,-0.2808621823787689,0.9149599075317383,0.217573881149292,0.11751980746878375,-0.06399808809355986,0.07224523954905422
3021,1625451634.047939,0.0,-0.06362918019294739,0.06206207349896431,0.03325103595852852,0.010549696422205455,0.03433952492425289,0.6435255957771238,0.4520397484302521,0.37487080693244934,0.43701833486557007,0.4210525089112522,0.3564827618303609,-0.05697974797738448
3022,1625451634.058469,0.0,-0.07043471932411194,0.06212671101093292,0.032615941017866135,0.010711096347012866,0.03682282914574717,0.6434219818039848,-1.0808757543563843,-0.4400565028190613,-0.41625848412513733,0.3446995590860151,0.1219380471694723,-0.014668328699107008
3023,1625451634.068424,0.0,-0.06866486370563507,0.061166223138570786,0.029080387204885483,0.010823772925649323,0.035183515593343775,0.6448161041733412,0.4328649938106537,-0.18545830249786377,-0.20320558547973633,0.017754871638921116,0.07094101943554044,0.0521957950161995
3024,1625451634.0779798,0.0,-0.06902076303958893,0.05511915311217308,0.028990205377340317,0.009478795130088473,0.03488287426516324,0.6456544761186425,0.044043466448783875,-0.702111542224884,0.006651510950177908,-0.06032239636523646,-0.08631391704845048,0.1132190398548587
3025,1625451634.088546,0.0,-0.07336631417274475,0.05510545149445534,0.029137928038835526,0.009899486997027036,0.03669647980249207,0.6455984800800926,-0.33092963695526123,0.24490854144096375,-0.04554644972085953,-0.06371043193810429,0.03958673784770883,0.052761499776929656
3026,1625451634.097899,0.0,-0.07512936741113663,0.058897972106933594,0.028241697698831558,0.011370218530149676,0.03857879897972033,0.6452018832817618,-0.17859680950641632,0.38871923089027405,-0.06046015024185181,0.07948791092652159,0.17327030795699824,-0.01942977397145205
3027,1625451634.1083765,0.0,-0.07877468317747116,0.06298961490392685,0.027669768780469894,0.012743072280342216,0.04026346412412417,0.6448778307180895,-0.2755358815193176,0.14690421521663666,0.027956798672676086,0.15096786701387008,0.18886560362868282,-0.03808336814064725
3028,1625451634.1184595,0.0,-0.08055397123098373,0.06360281258821487,0.02831883355975151,0.012947641581761184,0.04132907635430069,0.6445533566080401,0.04936978593468666,-0.15350036323070526,0.06097999960184097,0.09204501068241598,0.1488803353681574,-0.034357427842233654
3029,1625451634.128116,0.0,-0.08187468349933624,0.06197710707783699,0.028382230550050735,0.012622290796457672,0.04213875271325883,0.6442977655142651,-0.025198722258210182,-0.22806887328624725,-0.05939488485455513,0.001392716488616378,0.1039778744814984,-0.03228199404716088
3030,1625451634.1382415,0.0,-0.08322600275278091,0.061711717396974564,0.027438025921583176,0.012862636802498557,0.042765202752081614,0.6441437155331919,-0.05715665966272354,-0.020342305302619934,-0.07750438153743744,-0.011037289429224195,0.07371228068479023,-0.022683275333410868
3031,1625451634.2242804,0.0,-0.09322114288806915,0.05273691192269325,0.021051183342933655,0.009010304989568965,0.027932439240400106,0.6504109219005496,-0.19457577168941498,-0.2760057747364044,-0.04448118433356285,-0.03566496225126586,0.03893721784667899,0.007610881919274836
3032,1625451634.2334223,0.0,-0.09404867887496948,0.05028805881738663,0.02013932168483734,0.009145945027766,0.030055629857572458,0.6501536035504631,0.08558877557516098,-0.702111542224884,0.1014600470662117,-0.031997622148489974,0.11062907732653533,0.05992196514451688
3033,1625451634.2435737,0.0,-0.09462030231952667,0.0454348586499691,0.020608708262443542,0.008908134166825107,0.029368273238624204,0.6504308082515017,0.15270043909549713,-0.7638968825340271,-0.1211802214384079,-0.0052539666070784185,0.08290560626594523,0.008390801162564987
3034,1625451634.2535877,0.0,-0.09298790991306305,0.03674611821770668,0.021559089422225952,0.007367841222010882,0.026243700054898317,0.6507273201005852,0.3029027283191681,-0.9897329211235046,-0.16059499979019165,-0.08536076557138174,-0.1681135321539732,0.025925686340114943
3035,1625451634.263728,0.0,-0.09341596812009811,0.02933339774608612,0.020320504903793335,0.005961768465975598,0.028555391065402322,0.6501736286502297,-0.22972950339317322,-0.6701536178588867,-0.1403549760580063,-0.14431013813469132,-0.11092674537676087,-0.0006695604602249527
3036,1625451634.2735853,0.0,-0.09199479967355728,0.023466769605875015,0.01758602261543274,0.0048345486852234415,0.03444391742208183,0.6475951700721942,0.7428569793701172,-0.6999809741973877,-0.3161236345767975,-0.13738357682790123,0.38647206667822487,-0.1483247693594022
3037,1625451634.2834709,0.0,-0.09002380073070526,0.02081843838095665,0.014825545251369476,0.005521470182087498,0.02977339759160641,0.648540814859921,0.05043505132198334,-0.3196816146373749,-0.3438205122947693,-0.0374348774695077,0.1524927374659989,-0.11243309135694378
3038,1625451634.293756,0.0,-0.08616247773170471,0.01773183047771454,0.012407869100570679,0.0061271211405169584,0.02418254076339954,0.6512959458283187,0.3891891539096832,-0.030994949862360954,-0.2234456092119217,0.05753320452170706,-0.4836094238047403,0.1616149361841602
3039,1625451634.303318,0.0,-0.08484673500061035,0.019254198297858238,0.01030316948890686,0.006516975866223559,0.03058339234440441,0.6498040849340834,0.130329892039299,0.03931250795722008,-0.09241808205842972,0.058985417143122255,-0.07355562660886497,0.10249998699423973
3040,1625451634.3134484,0.0,-0.08194323629140854,0.017223898321390152,0.010302931070327759,0.005843371675980827,0.036352883847636214,0.6475035778760402,0.09517616033554077,-0.33459532260894775,0.04819682240486145,-0.0027791836823356166,0.5733183934712858,-0.16816585855708588
3041,1625451634.4031549,0.0,-0.07140502333641052,-0.03461015596985817,-0.010826684534549713,-0.006214144555616044,0.03154767832194763,0.6515246319168775,0.4179512858390808,-0.5817366242408752,-0.4045405685901642,-0.7066437502005734,0.20015170390501405,-0.09071596602879532
3042,1625451634.412629,0.0,-0.0747077539563179,-0.03891536593437195,-0.014470772817730904,-0.007576169097697226,0.03232962440883333,0.6516741655728254,-0.22014212608337402,-0.3825322091579437,-0.2873614728450775,-0.759166820548758,-0.10213719512667412,0.04666578234729083
3043,1625451634.4228916,0.0,-0.0754392072558403,-0.045583322644233704,-0.016688605770468712,-0.009600476517176472,0.033231791770909874,0.6513467447010723,-0.09976723790168762,-0.4475133419036865,-0.3246457278728485,-0.1834593312073141,0.06811051640024415,-0.002404412558304315
3044,1625451634.4329746,0.0,-0.07665859907865524,-0.04627960920333862,-0.020259562879800797,-0.009887797172971502,0.034073521490601846,0.6510095913930083,0.0174118559807539,0.26834437251091003,-0.4833701550960541,-0.1287821315204781,0.0972830469866187,-0.03344989265459778
3045,1625451634.4431064,0.0,-0.07827110588550568,-0.04342874139547348,-0.02526846155524254,-0.009241994807103512,0.03321218014251379,0.6510286474323408,0.054696109145879745,0.15329580008983612,-0.03169801086187363,0.011068448674035197,0.017756679479585202,-0.021689639682737155
3046,1625451634.452908,0.0,-0.0816224068403244,-0.037891678512096405,-0.024738099426031113,-0.008016318478738689,0.03259459831983257,0.6512871654908228,-0.3192117214202881,0.46222248673439026,0.17496329545974731,0.09711312716157182,-0.0664714387800298,0.009273642223811357
3047,1625451634.4628687,0.0,-0.08238300681114197,-0.04003070294857025,-0.02144133485853672,-0.009154922034495139,0.03156014947386302,0.6512842993850945,0.11861197650432587,-0.443252295255661,0.3805593252182007,0.025358263362150482,-0.08083254215077441,0.014089544039728953
3048,1625451634.472704,0.0,-0.08168898522853851,-0.047615163028240204,-0.01819937489926815,-0.01173837314779675,0.030546521142930917,0.6511226826291681,0.1399172693490982,-0.5732145309448242,0.08335055410861969,-0.16652596175181908,-0.10405683072996075,-0.007212309220979565
3049,1625451634.4825928,0.0,-0.0817699059844017,-0.051355600357055664,-0.017373019829392433,-0.013089576144729935,0.029891103926328093,0.6510768781345386,0.3252732753753662,-0.2355257272720337,-0.004001133609563112,-0.20389937221172055,-0.08680695312343288,-0.012824900202167987
3050,1625451634.4930246,0.0,-0.07940679788589478,-0.0525737926363945,-0.018195172771811485,-0.013636521282005785,0.02862474817788517,0.6509507739277411,0.2741405963897705,-0.04803917929530144,-0.08709175884723663,-0.10655229416175808,-0.10181479408084065,-0.009795721803726624
3051,1625451634.5796306,0.0,-0.07685039192438126,-0.042768482118844986,-5.0980597734451294e-05,-0.014372957234347644,0.02592440347434452,0.6480214314570817,0.4797366261482239,0.29604125022888184,0.2814897298812866,0.004330521433056667,-0.13734818116541525,-0.008985863820449979
3052,1625451634.5894184,0.0,-0.07298842817544937,-0.04131099209189415,0.002071470022201538,-0.014436320488510512,0.02604569867968219,0.6480660659473797,-0.12746411561965942,0.25343066453933716,0.10572110861539841,0.07739276883916929,-0.0961949292488069,0.014698307529348647
3053,1625451634.599576,0.0,-0.06535261869430542,-0.04067137837409973,0.003380492329597473,-0.014963947751799309,0.024370349850017403,0.6475899250443855,0.5159556269645691,0.37060976028442383,0.06630632281303406,-0.015968893625584714,-0.0759008910941505,-0.019743154273389612
3054,1625451634.6095595,0.0,-0.05697782337665558,-0.03896542638540268,0.0051070526242256165,-0.015256187462886248,0.021103658404936637,0.6478313746018434,0.11861197650432587,0.5612921118736267,0.32303503155708313,-0.03724429576366425,-0.22014213901584487,-0.01605267005807622
3055,1625451634.6198165,0.0,-0.04947790503501892,-0.03790583461523056,0.008611232042312622,-0.014875366742142182,0.020966497929752623,0.6470012445042825,1.016629934310913,-0.3846627473831177,0.48388996720314026,0.010824393364213963,-0.19890354193240115,-0.019502545614518543
3056,1625451634.6296074,0.0,-0.04178119823336601,-0.03903688117861748,0.01378820464015007,-0.015110139555661845,0.022775922305445534,0.6451482560542263,1.0230215787887573,-0.28452789783477783,0.46151942014694214,0.004774453835308706,0.052487119324378016,-0.11784616470739599
3057,1625451634.6396534,0.0,-0.03442532196640968,-0.042649805545806885,0.019905611872673035,-0.016064865846388734,0.02183605042063913,0.6440821605989508,0.8472529053688049,-0.24511310458183289,0.6980081796646118,-0.06307125273161117,0.06149923444109013,-0.15456142387929395
3058,1625451634.650165,0.0,-0.024934813380241394,-0.04658638313412666,0.02532775327563286,-0.01705578903017657,0.013395097000021311,0.6459483431709623,0.07174034416675568,-0.27494052052497864,0.39547303318977356,-0.09645305428040837,-0.4346550996438422,7.860640755756715e-05
3059,1625451634.6597617,0.0,-0.0158340185880661,-0.05107565596699715,0.02667815610766411,-0.017895068230097816,0.015827835972561696,0.6463628055665583,0.4776060879230499,-0.5242123603820801,0.04500102996826172,-0.08688684447284234,-0.39884085159017685,0.12141273718136722
3060,1625451634.6695237,0.0,-0.009454239159822464,-0.0513390451669693,0.02605627104640007,-0.017389859110249928,0.02504120492034867,0.6428219097466936,0.5351303815841675,0.040377769619226456,-0.026371687650680542,-0.034122143288370196,0.5249333130865391,-0.1149868751476293
3061,1625451634.762622,0.0,-0.02446398325264454,-0.0051743341609835625,0.031044844537973404,-0.005119523921040946,0.024848419741428353,0.6425044524313739,-0.592984676361084,0.5122899413108826,0.17815910279750824,0.5450996257623231,0.677072859632382,-0.15101108456130088
3062,1625451634.7726834,0.0,-0.030834008008241653,-0.003952391445636749,0.03456174209713936,-0.005048462457808489,0.02406948708728171,0.6430922503611538,-0.6047025322914124,-0.08532343804836273,0.4593888819217682,0.5545392220003836,0.12857512048243463,0.05577149055089989
3063,1625451634.782491,0.0,-0.036841683089733124,-0.007584085687994957,0.03845072165131569,-0.006177367356941396,0.023925188690220978,0.6435850527476982,-0.4299992322921753,-0.3143552839756012,0.1291569322347641,-0.03229444626115766,-0.0526113330640939,0.05586740280015925
3064,1625451634.792581,0.0,-0.04116242006421089,-0.011836356483399868,0.03924110159277916,-0.007552357946979442,0.024899743473547384,0.6434693549270766,-0.26807901263237,-0.6637620329856873,0.14194010198116302,-0.11815640020065311,0.03193962445833043,0.02422052447985871
3065,1625451634.8025746,0.0,-0.04305347800254822,-0.018358100205659866,0.04033162072300911,-0.009381025767159844,0.02498610249391337,0.6432158997018724,0.2656184732913971,-0.4070332944393158,-0.0934833511710167,-0.16208198164707252,0.06742355057960045,-0.014634380576608111
3066,1625451634.8125465,0.0,-0.0436592623591423,-0.01882551982998848,0.03843565657734871,-0.009527593792631094,0.023822042867427562,0.6434219236660503,0.18998469412326813,0.31415072083473206,-0.31292784214019775,-0.12110016394711383,-0.04181114913331741,-0.008164007939354774
3067,1625451634.8227482,0.0,-0.043889373540878296,-0.009525216184556484,0.032958466559648514,-0.007030602483658742,0.02341306108349113,0.6434692364781213,-0.1477041393518448,1.0981853008270264,-0.627180814743042,0.0887938099037127,-0.09499837930561414,0.010277311850936114
3068,1625451634.8325975,0.0,-0.04433504119515419,0.0017539635300636292,0.02684968337416649,-0.004034643373953144,0.02250222106013381,0.6434623829967605,-0.0773966833949089,1.033204197883606,-0.21066242456436157,0.2679355718159012,-0.06427899419283169,0.0034462217420003424
3069,1625451634.84243,0.0,-0.04816233366727829,0.011149197816848755,0.02661258354783058,-0.0014231959900742538,0.022397241356255503,0.6436072957614667,-0.09976723790168762,0.24916960299015045,0.3422098159790039,0.3135162681925928,-0.04164474110738349,0.008091606168846298
3070,1625451634.8525894,0.0,-0.04822121933102608,0.006238724570721388,0.034562211483716965,-0.0025674498611241714,0.021262322213390333,0.6437037956533519,0.02060764841735363,-0.6658925414085388,0.6404838562011719,0.12365385434437837,-0.05641845060794294,0.012434851996429718
3071,1625451634.9403577,0.0,-0.03948314115405083,0.018960850313305855,0.02041461691260338,0.0017713474364195042,0.015580596362518212,0.647270982008036,0.5415219664573669,0.24384327232837677,-0.30866676568984985,0.028349919360098456,-0.14162823355008586,0.002670770173699394
3072,1625451634.950309,0.0,-0.036074139177799225,0.02006378024816513,0.019274279475212097,0.0019179342074242545,0.01475563421703778,0.6466543820210449,0.9942594170570374,-0.331399530172348,-0.06791700422763824,0.1231969451973231,-0.1520936718298177,-0.024039288373884044
3073,1625451634.9604878,0.0,-0.03192227706313133,0.02033199742436409,0.017697717994451523,0.0020472885683693876,0.016147625574269214,0.6454926836506187,1.3607103824615479,-0.3601616621017456,-0.22983719408512115,0.02970933081765314,0.029138671300636815,-0.0866111640150376
3074,1625451634.9702022,0.0,-0.024933509528636932,0.022409023717045784,0.01341089978814125,0.0027753569247597337,0.013771063783789825,0.645138812961195,0.66083163022995,0.2140158712863922,-0.5920270681381226,0.038828361904733384,-0.028521848879105385,-0.08806182110779005
3075,1625451634.9804132,0.0,-0.01609967276453972,0.02548876591026783,0.0072823092341423035,0.0035263487593824028,0.00791530729514163,0.6459607422524594,0.8909287452697754,0.3173465132713318,-0.5345028042793274,0.07573135942987812,-0.4126399980446721,0.011501760465053848
3076,1625451634.990217,0.0,-0.006821483373641968,0.030701037496328354,0.0022850818932056427,0.004392584909565664,0.010874339073827136,0.6451176860952218,0.9047771692276001,0.7903239727020264,-0.5014796257019043,0.07938642561373696,-0.21403634567922855,0.012719119039510061
3077,1625451635.0002623,0.0,0.00015101360622793436,0.03978152200579643,-0.002488844096660614,0.0061574472105998534,0.014484251788469182,0.6432436451396599,0.669353723526001,1.016160011291504,-0.5334375500679016,0.1294126403292164,0.31356238016980564,-0.12664660287923776
3078,1625451635.0111744,0.0,0.008357475511729717,0.0503237247467041,-0.007955241948366165,0.008566717550560043,0.009193946043753926,0.6436770031179988,0.9452572464942932,1.0726189613342285,-0.5867007970809937,0.20911581388806638,0.029425566714360703,-0.10638677877563621
3079,1625451635.0202668,0.0,0.012484552338719368,0.059014610946178436,-0.011201247572898865,0.010435168470050826,0.002443187092423846,0.64649872247686,-0.06567877531051636,1.1716885566711426,-0.11265810579061508,0.23583291914026955,-0.5953423037157318,0.13428166206602696
3080,1625451635.0302281,0.0,0.018842510879039764,0.062215667217969894,-0.011721204966306686,0.010520262022398738,0.007170159111886454,0.6467893168463144,0.2943806052207947,0.30030229687690735,-0.035959068685770035,0.13433017268605368,-0.27603111130570096,0.18985252855236706
3081,1625451635.1160781,0.0,0.007370844483375549,0.04977856203913689,-0.007614206522703171,0.008084751529970402,0.011085071582372479,0.6448937913617661,-0.2734053432941437,-0.07999711483716965,0.2953381836414337,-0.1320503552356745,0.39087471785624106,0.024872781131131543
3082,1625451635.126121,0.0,0.0041382452473044395,0.04940708354115486,-0.004723940044641495,0.008526577990426179,0.010374955493781902,0.6451285243596936,-0.5152203440666199,0.05316094309091568,0.10678637027740479,-0.131568842901762,0.19031104105114469,-0.007240106381915451
3083,1625451635.1361399,0.0,-0.00025566600379534066,0.0480879507958889,-0.005302395671606064,0.008735363111000746,0.008869017879503963,0.6458898251750872,0.02060764841735363,-0.4571007192134857,-0.08815702795982361,0.03452793887955943,-0.09255293398107946,0.043985510620292614
3084,1625451635.1458883,0.0,-0.001888434635475278,0.04785291850566864,-0.006738502532243729,0.009225894182923432,0.00850127657237846,0.6464716351331212,-0.22866423428058624,0.15649159252643585,-0.1073317900300026,0.0314848854753677,-0.10818149919401698,0.0691877383844711
3085,1625451635.1562896,0.0,-0.004384343046694994,0.048066794872283936,-0.007168978452682495,0.009730900181021941,0.009962041259751447,0.6464325113735894,-0.2254684418439865,-0.2078288495540619,-0.04022012650966644,0.04829403348543683,0.028902026472531744,0.03395195717172943
3086,1625451635.1661503,0.0,-0.004710972309112549,0.04611056670546532,-0.006859421730041504,0.009617539153862806,0.010521936756307831,0.6461113585147242,0.0706750750541687,-0.40916383266448975,0.020499948412179947,0.02846547867216179,0.10759106622891162,-0.013805741229861163
3087,1625451635.1762056,0.0,-0.004788676742464304,0.04327745363116264,-0.007559888064861298,0.00928897923756123,0.010343521273821356,0.6460522442963692,-0.034786105155944824,-0.4027722477912903,-0.006131662521511316,-0.020314033548723333,0.03426792741051621,-0.021992274086980082
3088,1625451635.1861267,0.0,-0.0049765389412641525,0.04086446762084961,-0.00811808556318283,0.009083296823048405,0.010138754262565823,0.6461866891216945,0.03765187785029411,-0.3037026524543762,-0.043415918946266174,-0.0312741563727624,-0.019048283739708377,0.0007695955938864797
3089,1625451635.1963196,0.0,-0.00611334340646863,0.039432402700185776,-0.008486691862344742,0.009214471654113598,0.010450964174077537,0.6462825126557274,-0.027329253032803535,-0.24511310458183289,-0.057264357805252075,-0.008049906928163113,0.0018375915251128278,0.011743852175825556
3090,1625451635.20612,0.0,-0.006807064637541771,0.03805883601307869,-0.008724033832550049,0.009298896906308023,0.010396049845038842,0.6463402862291276,-0.05822192132472992,-0.2216772884130478,-0.00932745635509491,0.009388298802730817,0.012309078560855911,0.008442524654351859
3091,1625451635.294353,0.0,-0.01817830465734005,0.011026281863451004,-0.006412632763385773,0.0035097547176496935,0.0029271902049783777,0.6542134180838808,-0.5983109474182129,0.2566264569759369,-0.03702433407306671,-0.18833196872151248,0.05401685811014943,0.0182108213694472
3092,1625451635.3034713,0.0,-0.021094631403684616,0.008355184458196163,-0.005678091198205948,0.003133000692739432,0.0030614145015882,0.6540540925119902,-0.5333298444747925,-0.10662873089313507,0.2814897298812866,-0.29305012395104013,0.1071151658870524,0.0169236799586685
3093,1625451635.3137047,0.0,-0.02352883107960224,0.011206530965864658,-0.006142407655715942,0.003768932053442711,-0.001050594022012477,0.653722983680473,0.7364653944969177,-0.480536550283432,-0.11691916733980179,0.010363334403096496,-0.14952351060991204,-0.024245549219760344
3094,1625451635.3238103,0.0,-0.02469281665980816,0.011794082820415497,-0.005493741482496262,0.004369758980525357,6.178383853489011e-05,0.653684264367927,0.4413871169090271,0.025464067235589027,0.059914734214544296,0.05131015493431074,-0.21749897808321164,-0.020234566557176537
3095,1625451635.3335164,0.0,-0.023584185168147087,0.01315784826874733,-0.0042284950613975525,0.004809917344615874,0.007552453394065836,0.6517974529877653,-0.25103479623794556,0.052095677703619,0.2580539286136627,0.057398276646486585,0.3564260195814382,-0.08050734405998215
3096,1625451635.3441925,0.0,-0.01935815066099167,0.010931062512099743,-0.0003652535378932953,0.0035035882339541496,0.006048963039718483,0.6507171696686442,0.2986416816711426,-0.5572355389595032,0.5275658369064331,-0.0165580651951873,0.40579589116825393,-0.15331823844576875
3097,1625451635.3537443,0.0,-0.017691994085907936,0.005647201556712389,0.00603896751999855,0.0016718012802302978,-0.00015400415475168294,0.6522732853741467,0.5713493824005127,-0.752178966999054,0.7257050275802612,-0.14989372236214135,-0.3101216825089138,0.0052786842195791505
3098,1625451635.3635266,0.0,-0.013308476656675339,-0.002857936080545187,0.014542870223522186,-0.0007166253683543178,-0.003206329840434341,0.6537645690486777,0.2570963501930237,-0.5945197939872742,0.9281052947044373,-0.22271304209652815,-0.522872975039132,0.1555652824764915
3099,1625451635.3737664,0.0,-0.009908000007271767,-0.007904554717242718,0.022517718374729156,-0.001642471112954097,0.007726396067364194,0.6528502289787035,0.5404567122459412,-0.48799338936805725,0.6095911860466003,-0.17858443350626996,0.2603332669880814,0.06079015645933236
3100,1625451635.3837059,0.0,-0.0063314540311694145,-0.010870605707168579,0.02684328332543373,-0.002385275755139485,0.010138066045771665,0.651439077439969,0.0845235139131546,-0.17267511785030365,0.40079936385154724,-0.09930472158402691,0.686182456544139,-0.11779455088846712
3101,1625451635.470311,0.0,-0.013533597812056541,-0.0016568598803132772,0.04417609050869942,-0.00041181781829879166,0.007425706967490259,0.6521869206975408,-0.2265337109565735,0.011615629307925701,0.02263047732412815,0.05307353642922619,0.22577210348643753,-0.0793963718647807
3102,1625451635.4801598,0.0,-0.01770203933119774,-0.002432927256450057,0.04398968443274498,-0.0008062539672430633,0.007292406780716541,0.652389463524826,-0.16900943219661713,-0.056561294943094254,-0.06259068101644516,0.07965431401953227,0.02181228510988842,0.0205697022659844
3103,1625451635.4903362,0.0,-0.019924210384488106,-0.003889361396431923,0.04291810467839241,-0.0013767599926006457,0.007823731366242405,0.6524356029952567,-0.11148514598608017,-0.09810661524534225,-0.14142024517059326,-0.046690487213068024,0.008475733706705495,0.013978331003551333
3104,1625451635.5003238,0.0,-0.021532297134399414,-0.005980572663247585,0.04136349633336067,-0.002091151581523669,0.008250533064119228,0.6523749149589633,-0.07846194505691528,-0.33992165327072144,-0.15739920735359192,-0.0615114349137007,0.04651876124038105,-0.0004702309927979398
3105,1625451635.510474,0.0,-0.022309543564915657,-0.010545589961111546,0.03955047205090523,-0.0035278090652936453,0.007635824479522595,0.6524230661860657,0.11328565329313278,-0.4240775406360626,-0.25220775604248047,-0.10402899072657401,0.0024740244741314294,-0.0013198218197142267
3106,1625451635.520265,0.0,-0.02288760431110859,-0.011983255855739117,0.03623603656888008,-0.004143398910370549,0.006375448051252654,0.6524727369108816,-0.06780930608510971,0.08511887490749359,-0.38749635219573975,-0.10979427528445354,-0.08379684772896322,0.004164111837626636
3107,1625451635.5304391,0.0,-0.023842768743634224,-0.00901288166642189,0.03197607025504112,-0.003431218972058024,0.0051533103298350355,0.6524382268874698,-0.07952721416950226,0.5527700185775757,-0.4034753143787384,-0.011860608875571367,-0.1196442323813258,0.0007120583349903548
3108,1625451635.5405414,0.0,-0.024694332852959633,-0.003850142937153578,0.028463412076234818,-0.0020845540009486463,0.004336805391863999,0.6524048214886611,-0.017741871997714043,0.4739404022693634,-0.30334046483039856,0.09760947874025501,-0.1055052005297745,-0.002461730690580477
3109,1625451635.5505183,0.0,-0.02495254948735237,-0.0017307541565969586,0.026337768882513046,-0.0015812236372509114,0.0032796321415556884,0.6523283220727494,0.04191293567419052,0.08511887490749359,-0.13715918362140656,0.1030029093439715,-0.09506460798206627,-0.005412415294668869
3110,1625451635.5604157,0.0,-0.02488851733505726,-0.002055066404864192,0.025505755096673965,-0.00174415969884794,0.002023277399961075,0.6522992803184481,0.005693945102393627,-0.05762656033039093,-0.08602649718523026,0.026555448332154993,-0.11517593587462281,-0.006255129832754089
3111,1625451635.6547246,0.0,-0.014956439845263958,0.009108039550483227,0.025967668741941452,0.0010027083932550446,0.000638128915531444,0.6531357840794851,0.11648144572973251,0.2140158712863922,-0.010392720811069012,0.08954674900802011,-0.17030977750247075,-0.008479514810541074
3112,1625451635.6646562,0.0,-0.009131771512329578,0.013595296069979668,0.025784384459257126,0.001967283353855695,-0.0010075348487588454,0.6528714093442682,0.7460527420043945,0.742387056350708,-0.06685173511505127,0.16903458870138474,-0.1921983808852353,-0.01864884695658823
3113,1625451635.6750538,0.0,-0.002658530604094267,0.01999112032353878,0.02379802241921425,0.003333437132673145,-0.001830253141886326,0.652235127823946,0.7854675650596619,0.6944501996040344,-0.18509608507156372,0.12376472516608661,-0.1294656403997573,-0.040855941779380775
3114,1625451635.6846452,0.0,0.005096813198179007,0.0279878880828619,0.020925354212522507,0.0046694966411379435,-0.0018668949634472187,0.6516201482950351,0.5969157218933105,0.8478482365608215,-0.3619300127029419,0.12940957879564943,-0.05193019369532426,-0.06316069571598895
3115,1625451635.694733,0.0,0.013895812444388866,0.03402084484696388,0.018535073846578598,0.005233079678173852,-0.0012596920687626412,0.651429316105463,0.7662928104400635,0.8382608890533447,-0.2543382942676544,0.10243197519942869,0.015795538436981452,-0.044303971850243776
3116,1625451635.7047212,0.0,0.02270491048693657,0.04244036599993706,0.01586763560771942,0.006786431376998692,-0.0038702961474745556,0.6517311157181669,0.797185480594635,0.7317344546318054,-0.24794669449329376,0.11693552950542037,-0.0898160613134653,0.003840036254182054
3117,1625451635.7147715,0.0,0.029137184843420982,0.05052190274000168,0.013371307402849197,0.007998366390945949,-0.005107087659851503,0.652796147930592,0.27201005816459656,1.13973069190979,-0.30014467239379883,0.14117844640810503,-0.21123565699855304,0.06644168491093214
3118,1625451635.7246313,0.0,0.03551054000854492,0.056803420186042786,0.01142079383134842,0.008317165035702179,-1.855727921958039e-05,0.6527963001934667,0.8845371603965759,0.5815321207046509,-0.2319677174091339,0.08864856105576434,0.16357843895205235,0.06527837762687705
3119,1625451635.734519,0.0,0.04070029780268669,0.06360046565532684,0.00945446640253067,0.009393353402984334,-0.0031073251904016053,0.652694812645841,0.15802675485610962,0.7764755487442017,-0.21066242456436157,0.07279477388244172,0.17644137017210965,-0.004900384588853727
3120,1625451635.7451935,0.0,0.04512789100408554,0.06417084485292435,0.0077207051217556,0.00901809912520972,-0.010131287975018485,0.6545626324746798,0.03232555463910103,-0.8650969862937927,-0.01678430661559105,0.06264514939661768,-0.46535157180901227,0.06991388065873802
3121,1625451635.8352823,0.0,-0.011985558085143566,0.059247974306344986,-0.003992464393377304,0.0084491834182496,0.007330951257514248,0.6555259078849236,-0.18072733283042908,-0.23872151970863342,-0.21066242456436157,-0.07243026833789314,0.3586250767267582,0.1678448391933176
3122,1625451635.8448422,0.0,-0.013823299668729305,0.0544939786195755,-0.004964329302310944,0.007469060325488157,0.0061251416463668565,0.6564744796900829,-0.2627527117729187,-0.08958449959754944,-0.12757180631160736,-0.12566564539169553,0.7159613029811573,0.12413344939048401
3123,1625451635.8549333,0.0,-0.02170363813638687,0.05821214243769646,-0.005803931504487991,0.00899905638146141,0.0054613585914568274,0.6572317854703253,-0.7197511196136475,-0.02140756882727146,-0.06472120434045792,0.014144873270722693,-0.0740953622698492,0.08737081282116631
3124,1625451635.8645728,0.0,-0.025498995557427406,0.05718600004911423,-0.005722690373659134,0.009130975219385301,0.0061704493989267264,0.6573936901498562,-0.48326244950294495,-0.21954676508903503,-0.06685173511505127,0.08802814660779586,-0.048252725438309954,0.054025111212481464
3125,1625451635.8749745,0.0,-0.02713318169116974,0.055083099752664566,-0.005741648375988007,0.008830957962626465,0.008121165533171958,0.6568606190551841,-0.33945173025131226,-0.12686875462532043,0.04180523753166199,-0.005687094705220604,0.1095498820286922,-0.011002844424636117
3126,1625451635.8845038,0.0,-0.03027537651360035,0.05457476153969765,-0.005363680422306061,0.009035995985443211,0.010202950238479558,0.6564082944871121,-0.01880713738501072,-0.30796369910240173,0.09932951629161835,-0.007433179472854438,0.2155247338121044,-0.04965784572236674
3127,1625451635.8947346,0.0,-0.030084602534770966,0.0512533038854599,-0.004281017929315567,0.008486397583314681,0.010358086914454147,0.6564071215573193,0.07919719070196152,-0.39105433225631714,0.08867687731981277,-0.013569930664544518,0.13426067139423312,-0.030386022813999453
3128,1625451635.9045463,0.0,-0.031080231070518494,0.049342602491378784,-0.003624550998210907,0.00834776489922922,0.010977723590773869,0.6564584341402808,-0.05502612888813019,-0.2621573507785797,0.038609445095062256,-0.03745931469424186,0.04202343147247461,-4.580032534310506e-06
3129,1625451635.9148126,0.0,-0.03175702318549156,0.047556109726428986,-0.002834223210811615,0.008176842800199625,0.011830453598353337,0.6563172832005406,0.036586612462997437,-0.1790667176246643,0.05778420343995094,-0.019772640433094634,0.06897891135779011,-0.003328006574218509
3130,1625451635.9247882,0.0,-0.03284578025341034,0.04615796357393265,-0.001954413950443268,0.008129357037494893,0.012992109246642257,0.6561101685584539,-0.01880713738501072,-0.22380781173706055,0.08015475422143936,-0.011061406100488043,0.10025430847314842,-0.017193740947198086
3131,1625451636.014217,0.0,-0.04380851238965988,0.042454492300748825,-0.00942528061568737,0.008945641967648493,0.006461943183030519,0.6613601099286748,0.4190165400505066,0.2236032485961914,-0.20214031636714935,-0.04109702021210483,0.14399727388680764,-0.012652606991935135
3132,1625451636.0245554,0.0,-0.044816918671131134,0.04477223381400108,-0.009940529242157936,0.009411468362723052,0.007029986551671266,0.6607271605749058,-0.07526615262031555,0.518681526184082,-0.026371687650680542,-0.02233676099108526,0.09899157014515562,-0.026195106771468496
3133,1625451636.0341222,0.0,-0.04667174816131592,0.048422250896692276,-0.008935162797570229,0.010153790174134744,0.00854436123035543,0.6599714293255976,-0.7304037809371948,0.48991936445236206,0.2868160605430603,0.06401965861456223,0.07279272499732925,-0.06639706131232667
3134,1625451636.0441458,0.0,-0.04578715190291405,0.04819643869996071,-0.00603262335062027,0.009417767848662106,0.0092624528859101,0.6595064741962495,0.3540354073047638,-0.2728099822998047,0.2974686920642853,0.020097363607282755,0.11556648983793999,-0.06135475999674857
3135,1625451636.054625,0.0,-0.044261060655117035,0.047173503786325455,-0.003242507576942444,0.008496107532126804,0.0105292908701652,0.6588117814653821,-0.12639884650707245,0.17034003138542175,0.2314223200082779,-0.08044528396253009,0.10946800648065719,-0.05715543397716787
3136,1625451636.0642827,0.0,-0.04369095340371132,0.04495685175061226,-0.0003588050603866577,0.007794474438528529,0.009057916321913648,0.6591594164126493,0.33805644512176514,-0.5167555212974548,0.3560582399368286,-0.083047868181178,-1.561250525744107e-06,-0.02439853659595478
3137,1625451636.074134,0.0,-0.040694382041692734,0.03974109888076782,0.003275550901889801,0.006549696442157013,0.009617135973848959,0.6601012814596424,0.17400573194026947,-0.47414496541023254,0.2644455134868622,-0.09736327033645317,-0.051389541390433245,0.06480935241830431
3138,1625451636.084114,0.0,-0.03941117599606514,0.038019951432943344,0.004974912852048874,0.006526410963052259,0.015311126965064217,0.6591424198165672,-0.07207036018371582,0.1032283678650856,0.08335055410861969,-0.07609684398308225,0.27694065225641845,0.014755637005265169
3139,1625451636.0941603,0.0,-0.037490200251340866,0.0396120622754097,0.004957716912031174,0.0072537894469420355,0.013986319023650162,0.6593165789935689,0.08771930634975433,0.18312320113182068,-0.005066398065537214,0.021646853039078075,0.261632043636174,-0.0452504881910493
3140,1625451636.1042829,0.0,-0.03662234544754028,0.03820553794503212,0.005368098616600037,0.006959578292532048,0.009193800044711715,0.6624952825915131,0.6682884693145752,-0.19930674135684967,0.17922435700893402,0.025839430855039116,-0.2726851913792208,0.13195534581057225
3141,1625451636.198005,0.0,-0.04282024875283241,0.019018473103642464,0.029468614608049393,0.004901422907358698,0.013650863681155471,0.6604931722415965,-0.14876940846443176,-0.18119724094867706,0.10039478540420532,-0.23875721525120927,-0.17129607584132342,0.14994325451292206
3142,1625451636.2078788,0.0,-0.04465363174676895,0.01746702939271927,0.030811499804258347,0.0046836389954684615,0.014345526661826237,0.6598864757283819,-0.1892494559288025,-0.26961418986320496,0.08654634654521942,-0.24431265634948687,0.12309262785027197,-0.02898039096000618
3143,1625451636.2176719,0.0,-0.04572642594575882,0.015307903289794922,0.031013306230306625,0.0043070468469510945,0.01382587790636746,0.6600399370212153,-0.03372083976864815,-0.23446045815944672,-0.046611711382865906,-0.035528766734358536,0.022164076764796554,-0.03255921137494768
3144,1625451636.2277992,0.0,-0.04604027420282364,0.015521494671702385,0.02988119050860405,0.004496578137719309,0.013130336327963545,0.6602911098647335,-0.15729151666164398,0.10642416030168533,-0.14994235336780548,-0.018535759132148718,-0.06475144486934083,0.01788705333114076
3145,1625451636.2377822,0.0,-0.046580880880355835,0.016035551205277443,0.028832536190748215,0.004709889904270424,0.013661605030258678,0.6600237313385051,0.040847670286893845,-0.15882667899131775,-0.06791700422763824,0.020205399158418447,-0.019070129088529623,0.004930162404785674
3146,1625451636.2476997,0.0,-0.046636998653411865,0.013415436260402203,0.02822454646229744,0.004002369817548902,0.01423319190743446,0.6594980423553471,0.07174034416675568,-0.46562284231185913,-0.09454861283302307,-0.01519023684865526,0.05353114494455476,-0.0362746421377199
3147,1625451636.2580607,0.0,-0.04592414200305939,0.007756068371236324,0.027096327394247055,0.0023995980885177723,0.014525725956385828,0.6591101514309419,0.11967723816633224,-0.5774756073951721,-0.14781183004379272,-0.105872227842922,0.04733390736464219,-0.04785043030590849
3148,1625451636.2675781,0.0,-0.045338790863752365,0.0034751940984278917,0.02562325820326805,0.0011828991594261123,0.014510943111878866,0.6590719707155257,0.08132772147655487,-0.342052161693573,-0.18935714662075043,-0.14332107869129737,0.01853478210480156,-0.025806483306898033
3149,1625451636.2777035,0.0,-0.04495975747704506,0.0015925128245726228,0.023227673023939133,0.0006342956490881027,0.014553303568365539,0.6590005757153469,0.05789190158247948,-0.0959760844707489,-0.27564358711242676,-0.10064758729413056,0.0012845065858751276,-0.005637270049383229
3150,1625451636.287681,0.0,-0.04523112624883652,0.0013396410504356027,0.020857959985733032,0.0005206917973331823,0.014732726204702125,0.6588775567661782,-0.03265557438135147,-0.003298073308542371,-0.17870450019836426,-0.040248846142423834,0.00933809780559003,-0.008781671169812131
3151,1625451636.3768144,0.0,-0.052026551216840744,-0.036179956048727036,0.018381226807832718,-0.006362625282870821,0.00633706337305992,0.667683867706293,0.204898402094841,-0.835269570350647,-0.17976976931095123,-0.4161773182013489,0.06720310465389498,-0.02028718709807444
3152,1625451636.3867111,0.0,-0.052589744329452515,-0.04266421124339104,0.017251521348953247,-0.007795602893823514,0.006797282498756274,0.6671765362803745,-0.07633142173290253,-0.2728099822998047,-0.1680518537759781,-0.5555904705047636,0.0960386456380598,-0.04521274216105243
3153,1625451636.3967116,0.0,-0.052258994430303574,-0.04667771980166435,0.015844035893678665,-0.008553305974875552,0.004482006932132021,0.6674290467987685,-0.22972950339317322,-0.059757087379693985,-0.12437602132558823,-0.1302130566531402,-0.08547389000220984,-0.01907211689707292
3154,1625451636.4069169,0.0,-0.052320487797260284,-0.04773356765508652,0.014659717679023743,-0.008853529487538994,0.008131063977230346,0.6672556147184054,-0.11574620008468628,-0.023538099601864815,-0.07750438153743744,-0.060967661214608844,0.007630462856923678,0.010058027518915286
3155,1625451636.4166594,0.0,-0.05250107869505882,-0.04805522412061691,0.014180079102516174,-0.00889758143347738,0.012162787615735138,0.6663302006950544,-0.03265557438135147,0.2566264569759369,-0.04554644972085953,-0.026866707362348977,0.3912811267408668,-0.04792149242675902
3156,1625451636.4267957,0.0,-0.0531073659658432,-0.047125596553087234,0.013138502836227417,-0.008200221067484012,0.00639894736080987,0.6681606068062582,-0.369279146194458,0.044638827443122864,-0.07217805832624435,0.02698651202376568,0.002368722305129451,0.021559743479125062
3157,1625451636.436688,0.0,-0.05360174924135208,-0.0492110475897789,0.01317131519317627,-0.009256419811129,0.00505787036087596,0.6702650133490948,-0.23825161159038544,-0.022472834214568138,0.04819682240486145,-0.01373138918450813,-0.3677672536702105,0.18922681701933672
3158,1625451636.4471767,0.0,-0.05484258010983467,-0.053828153759241104,0.013781223446130753,-0.011421740789195015,0.012950287522293158,0.6694686167831756,-0.6036372780799866,-0.4198164641857147,-0.08070017397403717,-0.15018608875440054,0.22271706591793292,0.09905401697237175
3159,1625451636.4568086,0.0,-0.056506138294935226,-0.058705877512693405,0.014969170093536377,-0.012663730656210279,0.014652875321325795,0.6705015423439762,-0.4726097881793976,-0.3825322091579437,0.17389804124832153,-0.16905708073341605,0.5097418309191264,-0.020973640685773298
3160,1625451636.466648,0.0,-0.051846425980329514,-0.060362424701452255,0.012961171567440033,-0.013358161622730236,0.011530205793336634,0.672483182097094,-0.025198722258210182,0.0009629845153540373,-0.3491468131542206,-0.10766936138380367,-0.008779116295383887,0.130043892439226
3161,1625451636.5590608,0.0,-0.0666705071926117,-0.06771451979875565,-0.00147208571434021,-0.01864920027566392,0.018150370712933163,0.6714838844309275,-0.02200292982161045,0.16181790828704834,0.0364789143204689,-0.17881533513298853,0.10292883956436719,0.09905952539898853
3162,1625451636.5694382,0.0,-0.06700433045625687,-0.06691791862249374,-0.0010964535176753998,-0.018670495331979217,0.01834471215897697,0.6712993689690688,0.009955002926290035,0.17353582382202148,0.04819682240486145,-0.14419283050006332,0.2852389489454698,-0.02878363085949758
3163,1625451636.578675,0.0,-0.06791043281555176,-0.06616505235433578,-0.0007825158536434174,-0.018699944754725528,0.018194866099094716,0.6712056745679278,-0.034786105155944824,0.17886213958263397,0.0641757920384407,-0.004583211620532532,0.012194140933774954,-0.016184842570053596
3164,1625451636.5887163,0.0,-0.06878300756216049,-0.06521733105182648,-0.00038789957761764526,-0.018752274285404,0.01815499336782312,0.6711298308467053,-0.05822192132472992,0.14264315366744995,0.04926208779215813,-0.0013160650079662964,-0.012306844338324083,-0.008685679383307091
3165,1625451636.5989509,0.0,-0.07021156698465347,-0.06441722810268402,-3.919005393981934e-06,-0.018859637968024985,0.018755762296949682,0.6710401663765226,-0.13705149292945862,0.20549376308918,0.056718938052654266,-0.007602673768049578,0.021959404044987557,-0.007931795816446253
3166,1625451636.609259,0.0,-0.07067767530679703,-0.06347641348838806,0.0003802105784416199,-0.018901334949709733,0.018651846470592766,0.6709712750055141,-0.020937664434313774,0.2566264569759369,0.039674706757068634,-0.007624485926006829,0.027286003309081517,-0.007858102433958736
3167,1625451636.6192386,0.0,-0.0711708813905716,-0.06171376258134842,0.000581793487071991,-0.018658145101552996,0.018647099362515074,0.6709747231178532,0.011020267382264137,0.29923704266548157,0.04819682240486145,0.00850607560289065,-0.00349794831570992,-0.0032557325190244886
3168,1625451636.6291943,0.0,-0.0710270032286644,-0.059344518929719925,0.0007312670350074768,-0.018257638618805992,0.018518647209181296,0.6709692667723299,0.02806449867784977,0.3120202124118805,0.039674706757068634,0.03055054353334718,-0.007416251917195501,0.0001719724740683345
3169,1625451636.639198,0.0,-0.07115308195352554,-0.057178422808647156,0.0009832344949245453,-0.017944393588202323,0.01849537561172991,0.6709520329118308,0.04191293567419052,0.24810433387756348,0.04713156074285507,0.038820750371789316,-0.008198105523250229,-0.0002599156321764145
3170,1625451636.6496425,0.0,-0.07100088149309158,-0.05526534840464592,0.0013510771095752716,-0.01764250264794115,0.018282230110656557,0.6709255402969739,0.044043466448783875,0.23532116413116455,0.06097999960184097,0.03366263156721347,-0.01054839160653717,-0.0018842689836196733
3171,1625451636.743498,0.0,-0.053519107401371,-0.011328954249620438,0.004944991320371628,-0.009709427189630665,0.011701775743661075,0.678522338976344,0.21555104851722717,0.8105639815330505,0.3656456172466278,0.455257567963053,-0.18303814653966188,0.004808522932099929
3172,1625451636.7532759,0.0,-0.0473172701895237,-0.00735609931871295,0.008959021419286728,-0.009057951154499144,0.014396618465707597,0.6772782910942469,0.5127598643302917,0.39404556155204773,0.5456753373146057,0.5236284839653274,-0.10077985065200215,-0.048151976880950444
3173,1625451636.7634933,0.0,-0.04113630950450897,-0.005657713394612074,0.014990117400884628,-0.008829620963393972,0.016694097301466468,0.6766646898179935,0.4371260404586792,0.12133786827325821,0.6543323397636414,0.06215424850321877,0.25878319877187606,-0.09577665929908738
3174,1625451636.7735438,0.0,-0.03732648119330406,-0.006841345224529505,0.02294636145234108,-0.009608106317565382,0.01060574157757714,0.6781789222012833,0.3263385593891144,-0.2855931520462036,0.7874903678894043,-0.020910443757851036,-0.05865235666752569,0.010554716066352464
3175,1625451636.783347,0.0,-0.03414119407534599,-0.006439542863518,0.030085135251283646,-0.010043971708858151,0.005298314868447729,0.6809109872330421,-0.13705149292945862,0.08724940568208694,0.7374229431152344,-0.06707653766143369,-0.5564517279684873,0.19455857156745288
3176,1625451636.7935903,0.0,-0.03244566172361374,-0.006225846242159605,0.03258674219250679,-0.009635053029704438,0.014581366386787878,0.6796673965983948,-0.2489042580127716,0.3759360611438751,0.0876116082072258,-0.019877048818036848,-0.010379548538904253,0.1314825971623652
3177,1625451636.8029933,0.0,-0.02984689548611641,-0.0034916610457003117,0.032944176346063614,-0.008749167304431552,0.01881795413673356,0.6778600244923153,0.3359259366989136,0.3109549283981323,-0.05939488485455513,0.05546340739464063,0.6758642497614308,-0.13132584332927638
3178,1625451636.8135254,0.0,-0.029413599520921707,0.003427141346037388,0.031742487102746964,-0.00663149848736027,0.013510396641501457,0.6835045845215664,0.6949200630187988,0.5442478656768799,-0.16059499979019165,0.14089407383503316,0.13460625802323367,0.12248804770758992
3179,1625451636.8235044,0.0,-0.024869279935956,0.008826164528727531,0.03163643553853035,-0.00497617845243515,0.011677558918964333,0.6841376586579708,-0.3927149474620819,0.7019070386886597,0.1983991265296936,0.18401934892205757,-0.38233372551770545,0.3226567245472773
3180,1625451636.833643,0.0,-0.028014160692691803,0.016093464568257332,0.03343719616532326,-0.0028960682895640757,0.016045004196495807,0.6822862872819606,-0.2723400890827179,0.3674139678478241,0.22929178178310394,0.19321180105668592,0.014272256439247675,-0.000943558931616904
3181,1625451636.9245284,0.0,-0.04240091145038605,0.010563834570348263,0.04555428400635719,-0.0019433911709507562,0.01830108157828409,0.6824436170606303,0.01528132427483797,-0.17267511785030365,-0.17337816953659058,0.011381778145123603,0.4485870461847925,-0.09720285167639643
3182,1625451636.9347568,0.0,-0.042878855019807816,0.009954546578228474,0.04371652379631996,-0.001935574276928774,0.0180815222361332,0.682481183816913,-0.042242955416440964,-0.11515084654092789,-0.18296556174755096,-0.10108779756678385,0.2523547538159911,-0.016883937961648908
3183,1625451636.9441624,0.0,-0.04421880841255188,0.009809046052396297,0.04186629876494408,-0.001708007344144398,0.01742927883456974,0.6826967701744695,-0.15303045511245728,-0.06934447586536407,-0.18935714662075043,0.00902173416304446,-0.040125927326518235,0.012598789135797334
3184,1625451636.954086,0.0,-0.045881446450948715,0.009567474015057087,0.03996801748871803,-0.0016091272109850369,0.01784841106942143,0.6825923983859357,-0.12639884650707245,-0.029929684475064278,-0.2000097930431366,0.015538409512717889,-0.01482289462584005,0.008819773273711955
3185,1625451636.9643478,0.0,-0.04686080664396286,0.009532885625958443,0.03817944601178169,-0.0014673679974400652,0.017768381682663127,0.6824652953603235,-0.008154492825269699,-0.1289992779493332,-0.1680518537759781,0.01258520458767547,0.02388122107885175,-0.010292090631943316
3186,1625451636.9743297,0.0,-0.047279566526412964,0.00851387158036232,0.03651252016425133,-0.001592390478775997,0.01751151087675648,0.682543342045966,0.07813192903995514,-0.18226251006126404,-0.15952973067760468,0.0032754852299147433,-0.015295473560539558,-0.003240933935864584
3187,1625451636.98414,0.0,-0.04692723602056503,0.006530735641717911,0.0350625179708004,-0.002031858322005156,0.017149951019382395,0.6826238907516835,0.06854454427957535,-0.20995938777923584,-0.14568130671977997,-0.02627712830253113,-0.033765191478947194,0.008262662012203485
3188,1625451636.9942305,0.0,-0.04671165347099304,0.0048226248472929,0.03374660387635231,-0.0024369864886810907,0.016805543038861788,0.6827103303857299,0.09304562956094742,-0.15989194810390472,-0.13715918362140656,-0.042654846389272125,-0.036326722615631385,0.008846033482233024
3189,1625451637.0041952,0.0,-0.046420127153396606,0.003403082489967346,0.03262340649962425,-0.0027791764203322564,0.01630054191713355,0.6827998343034496,0.0568266361951828,-0.13539086282253265,-0.11265810579061508,-0.03928293136817878,-0.04453805980895856,0.009465375976191742
3190,1625451637.0138168,0.0,-0.04641957953572273,0.0024371142499148846,0.03177870437502861,-0.0038147165185734716,0.013764659338462715,0.6905280876299836,0.009955002926290035,-0.08425817638635635,-0.070047527551651,-0.03349352738564778,-0.06107272869017658,0.010118577472133537
3191,1625451637.1109033,0.0,-0.03635324537754059,-0.03585169464349747,0.0135602205991745,-0.007979281486583306,0.011078677280049853,0.6949079128823714,0.09624142199754715,0.030790388584136963,-0.43862903118133545,-0.030438212204105003,-0.12300631950101666,0.04727623414614354
3192,1625451637.1206477,0.0,-0.03276250511407852,-0.034858014434576035,0.008936863392591476,-0.007436033971748024,0.013006068611325194,0.6950116483609821,0.06534875184297562,0.3823276460170746,-0.43862903118133545,-0.31020204673152785,-0.053781310618006,0.05365563567255263
3193,1625451637.1308057,0.0,-0.029190970584750175,-0.034424811601638794,0.004784580320119858,-0.007310895262575917,0.014628400286715665,0.6955172412821022,0.26348793506622314,0.0020282489713281393,-0.36832159757614136,0.03075988891468791,0.184303497942217,0.028744561316457577
3194,1625451637.140624,0.0,-0.025440553203225136,-0.03524353355169296,0.0004701055586338043,-0.007224684643720725,0.009040202819254661,0.6973368317957256,-0.009219757281243801,0.0893799290060997,-0.4024100601673126,0.016222275177320142,-0.1454367886162102,0.11045372044098255
3195,1625451637.1506515,0.0,-0.02426588535308838,-0.03560744971036911,-0.0035727843642234802,-0.007732170324099327,0.006064655114273676,0.6996683461451312,-0.3373212218284607,0.46754881739616394,-0.4503469467163086,-0.022445936935126927,-0.46080179537923704,0.21019741159558986
3196,1625451637.1605463,0.0,-0.025180188938975334,-0.034471284598112106,-0.00798715278506279,-0.007625493275434478,0.012873261619895354,0.7009680261910005,-0.15303045511245728,0.07872729003429413,-0.4045405685901642,-0.017246756416394587,0.1463951672091528,0.16902090897634878
3197,1625451637.1704776,0.0,-0.02454179897904396,-0.04180043935775757,-0.010389598086476326,-0.00992220646317591,0.012583447657466579,0.702917364770099,-0.8092333078384399,-0.39105433225631714,-0.12224549055099487,-0.09242723172770333,0.35963563012857913,0.16537466772654794
3198,1625451637.1808443,0.0,-0.026385780423879623,-0.04302489012479782,-0.013344619423151016,-0.010582352683823494,0.010939898293629263,0.703151439838855,-0.5216119289398193,-0.017146511003375053,-0.2841656804084778,-0.15187499246147396,-0.05462360751506603,0.11970941734812605
3199,1625451637.1907353,0.0,-0.029505955055356026,-0.040921516716480255,-0.017549073323607445,-0.009998981435457112,0.011491408956044141,0.7034705805131409,-0.3884539008140564,1.1748844385147095,-0.6197239756584167,-0.030950085470390923,-0.049497722232403174,0.028245158801564835
3200,1625451637.20092,0.0,-0.03320375457406044,-0.030386410653591156,-0.026218019425868988,-0.007073851791782028,0.012664304221915682,0.7036139090640856,-0.4576960802078247,0.7029722929000854,-0.4460859000682831,0.163593118471853,0.0743358935623634,0.026392939337431323
3201,1625451637.292224,0.0,-0.04376734420657158,-0.007788642775267363,-0.01642925664782524,-0.0027986114224861705,0.01650067551749019,0.704314002986394,0.1548309624195099,0.11814206838607788,0.3336876928806305,0.469456362662537,0.21722062588610253,-0.005459632280279397
3202,1625451637.3021364,0.0,-0.04334065318107605,-0.0061647361144423485,-0.01340128667652607,-0.002440941544571293,0.016427976988475083,0.7041072218662271,0.07280560582876205,0.1863189935684204,0.32303503155708313,0.33743308022074286,0.16115618818339533,-0.02678483032142358
3203,1625451637.312168,0.0,-0.04341636970639229,-0.003689049743115902,-0.010605905205011368,-0.0017417863950515006,0.016162561859038242,0.7039743962595341,0.1122203916311264,0.2193422019481659,0.29001185297966003,0.054623208778722405,-0.013254150338248375,-0.018126885426471936
3204,1625451637.322194,0.0,-0.04350589960813522,-0.0020774363074451685,-0.008036702871322632,-0.0012265558299501267,0.016135592949325886,0.7037851717062014,0.10689406841993332,-0.007559130899608135,0.24846655130386353,0.06524918763258557,-0.016911503510713202,-0.015925218873018888
3205,1625451637.3326316,0.0,-0.042898621410131454,-0.002357069868594408,-0.005886368453502655,-0.0012260697169292345,0.015881103698136834,0.7036864779993156,0.11754671484231949,-0.05336550250649452,0.1568538099527359,0.03046062280011149,-0.013652651739063626,-0.015554355913569315
3206,1625451637.3423283,0.0,-0.04216992110013962,-0.001992839854210615,-0.004637233912944794,-0.00101785849672556,0.015471563307618945,0.7036620339722508,0.08984983712434769,0.06381358951330185,0.1014600470662117,0.009262791505931954,-0.032272095825474405,-0.007039637214542555
3207,1625451637.352324,0.0,-0.04150084778666496,-0.00010452565038576722,-0.003934651613235474,-0.0003725458161814299,0.01500215111670817,0.7036521241124212,0.09091509878635406,0.2001674324274063,0.06204526126384735,0.03921571833614765,-0.04582248227952448,-0.0012841361615601417
3208,1625451637.3621902,0.0,-0.041031643748283386,0.001786519424058497,-0.0036499202251434326,0.000298013075089594,0.014552129510791212,0.7036122974029156,0.09091509878635406,0.13944736123085022,0.018369419500231743,0.06620245262117488,-0.046951803780292234,-0.0015577839681492494
3209,1625451637.3723233,0.0,-0.04071514308452606,0.0028988549020141363,-0.0036584697663784027,0.00014816047578299074,0.009917049771458908,0.7124592512107524,0.04510872811079025,0.004158778116106987,-0.006131662521511316,0.06531288363475331,-0.052238574605161174,0.004113623598776376
3210,1625451637.3823068,0.0,-0.04049583896994591,0.003856369759887457,-0.0039994195103645325,-1.4265435622121125e-05,0.012502503935463427,0.7142166956032936,0.13885200023651123,0.052095677703619,0.032217856496572495,0.059741469884072605,-0.05375049649426612,0.010563850955452885
3211,1625451637.476825,0.0,-0.025742558762431145,0.024457870051264763,0.02158356085419655,0.0017249106167283312,0.011243073550539828,0.7158718707165342,0.278401643037796,-0.05123497173190117,0.5222395062446594,0.36632067860942435,-0.16027586076186479,0.07863895732911208
3212,1625451637.4869597,0.0,-0.024331679567694664,0.02622460015118122,0.026059512048959732,0.002303486554922435,0.013741893636803393,0.7158189290999031,0.16548360884189606,-0.09064976125955582,0.4956078827381134,0.3704417231952332,-0.05109093096613108,0.028090771224186906
3213,1625451637.4972823,0.0,-0.021314674988389015,0.025341540575027466,0.03183471038937569,0.0018787037637079673,0.01595310980187349,0.7163876078443918,0.2837279736995697,-0.35377007722854614,0.5808290839195251,0.01822992686572584,0.24195339084813836,0.02430564582357244
3214,1625451637.5066974,0.0,-0.021170087158679962,0.02580060437321663,0.03676718845963478,0.001969799199006514,0.012056489720231225,0.7177220254708676,-0.29258009791374207,0.27793174982070923,0.40506041049957275,-0.02323222227612932,-0.006408555653790435,0.08443242781171409
3215,1625451637.5168664,0.0,-0.016939977183938026,0.02263626642525196,0.04339030757546425,0.0011018401569524022,0.006917857771115601,0.7206837018775039,0.5180861949920654,-1.3167691230773926,1.1230486631393433,-0.03041039747369682,-0.4271136838069503,0.19737288852810378
3216,1625451637.5265503,0.0,-0.014541702345013618,0.02030635066330433,0.047586839646101,0.0007524589708970755,0.01156095338275389,0.7185477786076888,-0.8379954695701599,0.8979156613349915,0.0780242308974266,-0.06852944964419945,-0.14980959388713075,0.08124420112932408
3217,1625451637.536615,0.0,-0.019330549985170364,0.028858035802841187,0.04596209153532982,0.0032478043709692414,0.01753023440461006,0.7162450866885524,-0.8262775540351868,1.2419960498809814,-0.22877192497253418,0.07299767299557189,0.5237895725419485,-0.21720494042727634
3218,1625451637.5465581,0.0,-0.020921064540743828,0.034600552171468735,0.044535670429468155,0.005298866032558053,0.016487807525108325,0.7165792906442572,0.03445608541369438,0.2651485800743103,0.1291569322347641,0.23299578226454637,0.37536347290932914,-0.1502904469281235
3219,1625451637.5565453,0.0,-0.023792697116732597,0.03223465010523796,0.04939960315823555,0.004850089300950856,0.01427375459615042,0.7185791803807835,-0.4576960802078247,-0.6094335317611694,0.8609936237335205,0.1155623419854452,-0.11893290203344521,0.08840911295070124
3220,1625451637.5667348,0.0,-0.02793583646416664,0.02462293952703476,0.055563438683748245,0.0028544009482095387,0.01408954130381957,0.7199229449176343,0.04936978593468666,-0.9503181576728821,0.36777615547180176,-0.0996127565372716,-0.1512398726892212,0.17339796578335626
3221,1625451637.6627762,0.0,-0.05147000029683113,0.010423548519611359,0.03733785077929497,0.0002534245906140181,0.024591030069386566,0.7171483622658279,-0.10722409188747406,-0.1886540949344635,-0.357668936252594,-0.28954487205973,0.32287475504607827,0.063911093703208
3222,1625451637.6727755,0.0,-0.05211076885461807,0.008248911239206791,0.03399559482932091,-0.0002078302655514619,0.02449904459402808,0.7170515473735337,-0.059287186712026596,-0.19184988737106323,-0.3374289274215698,-0.21941477220098535,0.3655033562957573,-0.02528722008553997
3223,1625451637.6827428,0.0,-0.05360548570752144,0.006213734857738018,0.031153742223978043,-0.0006859920105220518,0.024390217314353778,0.7168201919317865,-0.09657144546508789,-0.27494052052497864,-0.2916225492954254,-0.04932838176025603,-0.006276481319415827,-0.0159262510814409
3224,1625451637.69278,0.0,-0.05424189567565918,0.004295968916267157,0.028492089360952377,-0.0011783682117250324,0.025091677733252972,0.7165412757254104,-0.12320305407047272,-0.0544307641685009,-0.22557613253593445,-0.05097470686038686,0.017574724505166932,-0.023767018902302643
3225,1625451637.7025068,0.0,-0.0548708476126194,0.004430614877492189,0.02637356147170067,-0.0011414997965968482,0.025575498047345838,0.7164763310369611,0.06321822106838226,-0.05762656033039093,-0.14781183004379272,-0.02634928097915467,0.0640037762120376,-0.019497101331580537
3226,1625451637.7130048,0.0,-0.054779935628175735,0.004380419850349426,0.025673214346170425,-0.001180794722171509,0.02580462376187293,0.7164146943906642,0.02060764841735363,-0.022472834214568138,-0.026371687650680542,0.00018788098546034264,0.04169079133758562,-0.007117598307440064
3227,1625451637.72298,0.0,-0.05462624132633209,0.003280016127973795,0.025713372975587845,-0.003897198349668965,0.022354589285188492,0.7195715223937938,0.12926462292671204,-0.15882667899131775,0.029022064059972763,0.0031138617651801223,0.024822015961740024,-0.0006563330258479783
3228,1625451637.73279,0.0,-0.054396506398916245,0.0016469144029542804,0.026366878300905228,-0.004295989099408912,0.020571697013543222,0.722240511196961,-0.014546079561114311,-0.0917150229215622,0.09932951629161835,0.005913595687813866,0.014789791897900207,0.004749326644147934
3229,1625451637.742855,0.0,-0.05488228425383568,-0.0012231662403792143,0.026663947850465775,-0.005041618885133284,0.01984691140862005,0.7239469750828248,-0.014546079561114311,-0.17693617939949036,0.08228528499603271,-0.03260367329443708,-0.07498814571274458,0.13934156451253166
3230,1625451637.752693,0.0,-0.05671354755759239,-0.005308129824697971,0.027483541518449783,-0.00631125873453138,0.021213292664560707,0.7237731119540829,-0.30216747522354126,-0.44538283348083496,0.09506846219301224,-0.09222668847891058,-0.002778371791883974,0.09826192073268765
3231,1625451637.846808,0.0,-0.047643885016441345,-0.023726627230644226,-0.0012292005121707916,-0.008106940197030288,0.025552451112659552,0.7251294240994404,-0.08165773749351501,-0.26109206676483154,-0.5025448799133301,-0.4177948298962368,-0.13909300203138497,0.04710709220730885
3232,1625451637.8569643,0.0,-0.047981034964323044,-0.02631746418774128,-0.006464894860982895,-0.008616844939616924,0.02844299674587994,0.725376042473114,-0.23186002671718597,-0.2547004818916321,-0.5536775588989258,-0.2970274179026867,-0.021371007094510428,0.05968306556017675
3233,1625451637.8670428,0.0,-0.047518156468868256,-0.030195750296115875,-0.01136903278529644,-0.009764935728300055,0.02843277866819101,0.727960880407537,-0.010285021737217903,-0.6147598624229431,-0.35873422026634216,-0.07918861760339108,0.1764345013641355,0.11528381876298778
3234,1625451637.8767283,0.0,-0.04949433356523514,-0.03867544233798981,-0.01330428384244442,-0.012326720126613067,0.02794919110468897,0.729687086135297,-0.7996459603309631,-0.21102464199066162,-0.40027952194213867,-0.18998092252035464,-0.0067967814071599,0.22350384270492865
3235,1625451637.8870356,0.0,-0.05163584649562836,-0.04303314536809921,-0.019671320915222168,-0.013606683242463079,0.02851704492457064,0.7296377637561323,-1.2396001815795898,0.3588918447494507,-0.701749324798584,-0.2128697839042615,-0.031024138057020523,0.1120350320805203
3236,1625451637.8969033,0.0,-0.05452321469783783,-0.039137303829193115,-0.029698291793465614,-0.012349656336187932,0.03109259211736492,0.7288574413397654,-0.7815364599227905,1.1226863861083984,-1.0586129426956177,-0.02557939687670922,0.15106911222524566,-0.03351095482517468
3237,1625451637.9071054,0.0,-0.05663757026195526,-0.03383926302194595,-0.03717469051480293,-0.011004777350282317,0.03043170227268671,0.7291645561603792,-0.37247493863105774,0.7647576332092285,0.23674863576889038,0.13203199772666624,0.11218179247175804,-0.02753724202631261
3238,1625451637.9169674,0.0,-0.06131534278392792,-0.02270900271832943,-0.038188472390174866,-0.008138346145793937,0.030385299940210768,0.7302699049086898,-0.31601592898368835,0.9788757562637329,0.004520982038229704,0.21667007778153147,-0.027282661768756,0.06245034174904289
3239,1625451637.9270954,0.0,-0.06378840655088425,-0.0218642670661211,-0.03830881789326668,-0.00806938088988178,0.030827531853641753,0.7306175540650741,-0.14983466267585754,-0.023538099601864815,-0.05832961946725845,0.17378396797943305,0.007541216580263917,0.07985922896684088
3240,1625451637.9369822,0.0,-0.0659823790192604,-0.024287167936563492,-0.03661174699664116,-0.009058481281389134,0.031583559243507274,0.7308569346403633,-0.526938259601593,0.010550364851951599,0.08228528499603271,-0.031208364869703666,0.041455211433713855,0.035628165999882486
3241,1625451638.0333102,0.0,-0.06672821938991547,-0.012660607695579529,-0.023331742733716965,-0.007145439466846405,0.03400504877017613,0.7292324028680792,0.08878457546234131,0.2566264569759369,0.19733385741710663,0.1256176310288759,0.026720290560859422,0.011930197847119193
3242,1625451638.0427172,0.0,-0.06615842133760452,-0.010656907223165035,-0.02166505716741085,-0.006723127251204317,0.033408706408052,0.7291192316818279,0.10050248354673386,0.23212537169456482,0.17176750302314758,0.21126495250397337,-0.03553857824992949,-0.006861857971623869
3243,1625451638.0528133,0.0,-0.06572676450014114,-0.008629235439002514,-0.02055261842906475,-0.006284231542777373,0.03300335228076814,0.7290847430361188,0.07387086749076843,0.29497596621513367,0.11211269348859787,0.04741074081171984,-0.05781194214800175,-0.008509043972552205
3244,1625451638.062717,0.0,-0.06537967920303345,-0.00644193310290575,-0.019621772691607475,-0.005796611669352934,0.032760736469812216,0.729088685370108,0.10050248354673386,0.20336322486400604,0.10039478540420532,0.04879373925927983,-0.037332827464117646,-0.002724038879588157
3245,1625451638.0725539,0.0,-0.06471725553274155,-0.005994627717882395,-0.019098123535513878,-0.00449465449801259,0.02844771507660704,0.735478756299871,0.13459093868732452,0.0020282489713281393,0.027956798672676086,0.046520705942612164,-0.03362780632485402,0.0022808446773093303
3246,1625451638.0827913,0.0,-0.06333804130554199,-0.005219568032771349,-0.019329052418470383,-0.004715152031146197,0.029106659719753736,0.7365889515334039,0.11967723816633224,0.30136755108833313,-0.08070017397403717,0.040746491941745455,-0.04266243263230065,0.011479169583119904
3247,1625451638.0928063,0.0,-0.062350254505872726,-0.0013436177978292108,-0.01960556022822857,-0.004434832223330201,0.02731136067958234,0.7389675141343457,0.10156774520874023,0.20336322486400604,0.08974213898181915,0.030558419302328867,-0.058921395503091105,0.09124941376500853
3248,1625451638.1025603,0.0,-0.06330001354217529,0.0034099575132131577,-0.0194499883800745,-0.002979780125627482,0.027574371119932106,0.7390233868505972,-0.004958699457347393,0.3588918447494507,0.11637374758720398,0.08580073261476164,-0.06513649901947041,0.11711424569844313
3249,1625451638.1127415,0.0,-0.0629277229309082,0.004904393572360277,-0.017711767926812172,-0.002735924376091714,0.02883129841204815,0.7390830829735962,-0.24570846557617188,0.05316094309091568,0.23035705089569092,0.08884466365563719,0.0693868284993794,0.016394834586209155
3250,1625451638.1227403,0.0,-0.061280932277441025,0.0068778954446315765,-0.01501980796456337,-0.0027255551439433895,0.024888087099018935,0.7393838986481411,0.15589623153209686,0.14690421521663666,0.3901467025279999,0.028577761413493163,-0.07732496763879755,0.009692826102337022
3251,1625451638.216494,0.0,-0.042759764939546585,0.026667142286896706,0.02271192893385887,0.0025982297632400897,0.03309006509837782,0.7392627101040653,0.06960981339216232,0.21721166372299194,0.20159491896629333,0.2695015929389496,-0.3959567666297869,0.03352985305008594
3252,1625451638.2257497,0.0,-0.03683248907327652,0.026677891612052917,0.027131181210279465,0.002710465676614003,0.03172237596608477,0.7395037496004659,0.014216060750186443,0.5240078568458557,0.3251655697822571,0.22551533304438307,-0.31245165201050645,0.06056755091457752
3253,1625451638.2361226,0.0,-0.039950404316186905,0.029174156486988068,0.029390443116426468,0.003597551747065622,0.033875137758859745,0.7379152061335583,-0.4427824020385742,0.3525002598762512,0.24207496643066406,0.05424780067430161,0.009276982724014397,-0.04951374949175426
3254,1625451638.2456048,0.0,-0.04471056908369064,0.03217311203479767,0.032464299350976944,0.004722690048671548,0.03748846120041336,0.7370605232193984,-0.6451826095581055,0.4078940153121948,0.4956078827381134,0.10443562857353474,0.29042173725224235,-0.13682378902306258
3255,1625451638.2556922,0.0,-0.047431960701942444,0.030152929946780205,0.03479861095547676,0.004462330470286817,0.03735923177306742,0.7380248119241659,-0.8901934623718262,-0.3697490394115448,0.07482843846082687,0.05325564447943287,0.20584000670588315,-0.012247950896225865
3256,1625451638.2656486,0.0,-0.04931151121854782,0.02613021992146969,0.034634824842214584,0.0035953139027526462,0.036555833565779725,0.7389619384702828,-0.02945978008210659,-0.8086379766464233,-0.028502216562628746,-0.043976642271685774,-0.02169656458802698,0.0955431411307439
3257,1625451638.2757776,0.0,-0.05121574178338051,0.02144351415336132,0.03523484990000725,0.0026325397360937794,0.03623389982544635,0.7396732942279101,-0.5343950986862183,0.03505144640803337,0.04713156074285507,-0.10126333487468027,-0.060681338378851944,0.08787688854075083
3258,1625451638.2855673,0.0,-0.05559254810214043,0.02294303849339485,0.03532109037041664,0.0033164733368277743,0.03793952759387851,0.7396437931699114,0.006759209558367729,-0.07893185317516327,0.032217856496572495,-0.026191631533019163,0.05711018822224802,0.03727625810207484
3259,1625451638.2957246,0.0,-0.0572889968752861,0.024690112099051476,0.03569048270583153,0.004102046301709725,0.03902780298405733,0.7395413602579749,-0.17859680950641632,0.3716750144958496,0.06204526126384735,0.06635261835429404,0.13463744633694918,-0.004934129891743773
3260,1625451638.3056993,0.0,-0.06072593480348587,0.027366990223526955,0.03671992942690849,0.005084785187903028,0.04048297792373467,0.7392929162113546,-0.20522841811180115,0.007354571484029293,0.1568538099527359,0.08966779737750244,0.12267656920220148,-0.016794004538459945
3261,1625451638.3999429,0.0,-0.06993582099676132,0.0045697735622525215,0.027301568537950516,0.0009422057381893653,0.0460001521222698,0.7372505855136626,0.036586612462997437,-0.33885636925697327,-0.18296556174755096,-0.2743478769757755,0.21371742224029688,-0.019124123275102718
3262,1625451638.409383,0.0,-0.0699591189622879,0.001715283840894699,0.025656048208475113,0.0002725701560320898,0.045888715035597286,0.7371549840726597,-0.011350286193192005,-0.28452789783477783,-0.17976976931095123,-0.3718546545962959,0.1411197748753986,-0.012276758596706776
3263,1625451638.419197,0.0,-0.0699346661567688,-0.00019464362412691116,0.023978766053915024,-0.00023776446556582342,0.045825916666095035,0.7371342322436755,0.06747928261756897,-0.17160986363887787,-0.20853190124034882,-0.06775842735141278,-0.007293727963657299,-0.005771772579454326
3264,1625451638.4299026,0.0,-0.06921182572841644,-0.0002371184527873993,0.021769527345895767,-0.0026667485683203734,0.04203897823552466,0.7398449382712933,0.047239258885383606,0.09470625221729279,-0.19681398570537567,-0.07160924489163353,-0.016660013146103377,-0.0035590738340231533
3265,1625451638.439248,0.0,-0.06953676044940948,0.0006431923829950392,0.02031702920794487,-0.00211227032813438,0.04150262850404415,0.7421901797973878,0.062152959406375885,-0.193980410695076,-0.09028755873441696,-0.07151449130159156,-0.023265357207971113,-0.0018404664491175335
3266,1625451638.449409,0.0,-0.06907109171152115,-0.002522566355764866,0.020906072109937668,-0.0025045008216257464,0.039036620714946235,0.7437428556049475,-0.1285293698310852,-0.20463305711746216,0.02689153514802456,-0.011439879063161695,-0.13573344606704948,0.1550614918343073
3267,1625451638.4592159,0.0,-0.06974685192108154,-0.00969321746379137,0.02167486771941185,-0.004725011470883625,0.04097267667192164,0.7436566777008385,0.0983719527721405,-0.8405959010124207,0.02689153514802456,-0.11659980240119075,-0.05819499819053789,0.0854253904877879
3268,1625451638.4692924,0.0,-0.07044743746519089,-0.015129126608371735,0.021068338304758072,-0.006232979899065183,0.04405819553520893,0.7421898089458724,0.35616594552993774,-0.8160948157310486,-0.070047527551651,-0.18782855483010782,0.2587847378832966,-0.06546143293836874
3269,1625451638.4793506,0.0,-0.07028201967477798,-0.01915878616273403,0.01931004226207733,-0.006729428227772977,0.0390056751911822,0.7428711036531469,0.21981209516525269,-0.7926589846611023,-0.3608647286891937,-0.1112643470048739,-0.027759801031084223,-0.05588238051718388
3270,1625451638.4895346,0.0,-0.0705760270357132,-0.02465979941189289,0.015968643128871918,-0.0076650381665024775,0.03429322114972291,0.744931257245821,-0.35436543822288513,-0.13965192437171936,-0.3480815589427948,-0.07648207103889443,-0.5088606373882184,0.12132995065850079
3271,1625451638.5838773,0.0,-0.05353948846459389,-0.04982884228229523,-0.0008163489401340485,-0.014783102124268602,0.043534148755318414,0.7435439926587701,-0.30642855167388916,-0.5998461246490479,-0.07324332743883133,-0.4211282118851626,-0.442430639993865,0.05655566400472491
3272,1625451638.5942745,0.0,-0.05965867266058922,-0.05046437680721283,-0.0026689060032367706,-0.01499813100450701,0.046721509862269514,0.7427151728774359,-0.36182230710983276,0.30988967418670654,-0.30440571904182434,-0.37619691950521345,0.0026573877381337895,-0.0915607756565183
3273,1625451638.603668,0.0,-0.05764218792319298,-0.04823785647749901,-0.008615940809249878,-0.014309557258439312,0.04719433403905044,0.7431468716113852,-0.48858875036239624,0.8979156613349915,-0.7592735886573792,-0.005939812468977593,0.19715216963236556,-0.036954879951429535
3274,1625451638.613841,0.0,-0.05875373259186745,-0.04292597249150276,-0.012907419353723526,-0.013040374262410899,0.04671417749720553,0.7444007860811608,0.005693945102393627,0.6315995454788208,0.2687065601348877,0.10457045309766175,0.02352409912863507,0.0724121160372275
3275,1625451638.6239064,0.0,-0.06386475265026093,-0.03793756291270256,-0.012510286644101143,-0.012057358300564577,0.04815211961873429,0.7450950521170554,-0.713359534740448,0.2150811403989792,0.15898433327674866,0.1266498787983273,0.03289721798749849,0.10255601316411057
3276,1625451638.63397,0.0,-0.06638377904891968,-0.040188733488321304,-0.010747533291578293,-0.013157545469068097,0.04916425356822672,0.745301688619304,0.23898686468601227,-0.3846627473831177,0.05458841100335121,0.016370665967103983,0.12245237394602697,0.053046164373649674
3277,1625451638.6441362,0.0,-0.07036150246858597,-0.043702613562345505,-0.010429982095956802,-0.014566262372054828,0.05129481625072239,0.7450743928002227,-0.39910656213760376,-0.25896155834198,0.03328312188386917,-0.11489218822811678,0.15721935117528488,-0.00016766282739436042
3278,1625451638.653713,0.0,-0.07303179800510406,-0.048329051584005356,-0.009361542761325836,-0.016090376948128017,0.05315574988980101,0.7447095825806435,0.11435091495513916,-0.4485786259174347,0.01943468302488327,-0.15077604418254864,0.19792830175211973,-0.02950408495951526
3279,1625451638.6639504,0.0,-0.07507432997226715,-0.04928543046116829,-0.009363844990730286,-0.016421226057838995,0.0549334979543147,0.7443008087128447,-0.34903910756111145,0.41641610860824585,-0.010392720811069012,-0.11325175210961216,0.18544094774669437,-0.0405478773461499
3280,1625451638.6738245,0.0,-0.07757437229156494,-0.046212758868932724,-0.008999910205602646,-0.01562513045202797,0.056590085101946325,0.7437239268321374,-0.030525045469403267,0.4036329388618469,0.15046222507953644,0.009682824927929294,0.17058649056689615,-0.047788098316405174
3281,1625451638.7701457,0.0,-0.09573860466480255,-0.026104021817445755,-0.0032338611781597137,-0.01204466701075671,0.06633342623578369,0.7400685101288246,0.01528132427483797,0.30030229687690735,-0.007196926977485418,0.3342636825629808,0.39140316757585664,-0.0678256825439561
3282,1625451638.780507,0.0,-0.09582359343767166,-0.023324279114603996,-0.003541741520166397,-0.00700104873612345,0.050407330029100986,0.7427000781264141,0.16761414706707,0.2875191271305084,-0.01678430661559105,0.340473361487391,0.36577482999834465,-0.06089544536941593
3283,1625451638.7905788,0.0,-0.09558508545160294,-0.019650178030133247,-0.004026781767606735,-0.0069704815997196495,0.04836567127632091,0.7455378747074703,0.11967723816633224,0.3674139678478241,0.08867687731981277,0.3446465005022541,0.35498572173022114,-0.056857169502938995
3284,1625451638.8003814,0.0,-0.09617132693529129,-0.015450961887836456,-0.004852931946516037,-0.00669832562665966,0.047576989000530756,0.7469415123140137,-0.30216747522354126,0.7445176243782043,-0.08602649718523026,0.152077728189226,0.05656102505564293,0.103049414211652
3285,1625451638.810489,0.0,-0.09646038711071014,-0.011532026343047619,-0.005228448659181595,-0.00628099421084688,0.04724126548380647,0.7471401829584418,-0.16474837064743042,0.5634226202964783,-0.005066398065537214,0.04204090770466415,-0.05830017612539921,0.09307256288795925
3286,1625451638.8204567,0.0,-0.10027702897787094,-0.005231762304902077,-0.005596958100795746,-0.004972164977346913,0.04940447568134168,0.7467920776372358,-0.2446431964635849,0.9011114835739136,0.10465583950281143,0.08955300286743212,0.06920628097972512,0.0029150057476089596
3287,1625451638.8305097,0.0,-0.10095035284757614,0.0009802968706935644,-0.005121469497680664,-0.0036774721200796556,0.049737872075246534,0.746231722039443,0.1452435851097107,0.45796144008636475,0.1707022488117218,0.13380258092335215,0.1498320850039434,-0.0511425768958108
3288,1625451638.8404195,0.0,-0.10049139708280563,0.006031814031302929,-0.003976300358772278,-0.0030139120115269813,0.04541994734818945,0.7467904429334915,0.1537657082080841,0.8265429735183716,0.09293793141841888,0.10229796308062197,-0.1824220393985774,-0.006575967349466532
3289,1625451638.8503895,0.0,-0.10237465053796768,0.015459912829101086,-0.003519006073474884,-0.0008674932999833823,0.04612291295623594,0.7464825048220304,-0.3937802314758301,1.1056421995162964,0.21011702716350555,0.14215171360729587,-0.22954493492978859,0.015746638548897064
3290,1625451638.8602245,0.0,-0.10242515802383423,0.019994067028164864,-0.0005619749426841736,9.747697658198107e-05,0.05412735360370499,0.7439677802675809,-0.10722409188747406,0.3897845149040222,0.3976035714149475,0.168648399424031,0.37665435013583143,-0.11462920815780389
3291,1625451638.9586265,0.0,-0.1070207878947258,0.06857243925333023,0.023291010409593582,0.012802398724247939,0.054665710963988465,0.7449710384818624,0.044043466448783875,0.4590266942977905,0.14194010198116302,0.6106857179988243,0.4836732881940598,-0.12297699053276887
3292,1625451638.9684994,0.0,-0.10853923112154007,0.07097560167312622,0.02618100866675377,0.013532427096371105,0.05472473309603793,0.7450153597683745,-0.09017986059188843,-0.06614867597818375,0.4071909487247467,0.5813318636400834,0.0963867052888102,-0.0041158376507526824
3293,1625451638.9785519,0.0,-0.11356020718812943,0.06972023099660873,0.031088735908269882,0.013142662003042142,0.05625427516189224,0.7449291597840475,0.004628680646419525,-0.4816018044948578,0.5009342432022095,0.040503788767786326,0.07323387555277222,0.000960379442702428
3294,1625451638.9884937,0.0,-0.11351054906845093,0.0685744509100914,0.033987242728471756,0.012992855417716137,0.05614673869230197,0.7453207784882618,-0.16261783242225647,-0.07467079162597656,0.15578854084014893,-0.029423610869192887,0.07486697815611748,0.011006613317463403
3295,1625451638.9984264,0.0,-0.11507335305213928,0.06892555952072144,0.035266194492578506,0.013434770701893951,0.05598247326785567,0.7459528012820602,0.000367622880730778,-0.11834663897752762,0.16431066393852234,0.01032191793729475,-0.006578706655815664,0.048208759600924356
3296,1625451639.0084813,0.0,-0.11424477398395538,0.06914833933115005,0.03669106587767601,0.013919430053799316,0.05571863319381043,0.7460829171866076,0.2933153510093689,-0.006493866443634033,0.12383060157299042,0.04338580267027016,-0.021767851549900723,0.041406754950670074
3297,1625451639.018745,0.0,-0.11484063416719437,0.07399502396583557,0.03723588213324547,0.015627727342327577,0.05595340999544203,0.7459911956541699,-0.06567877531051636,0.6603617072105408,0.1344832479953766,0.09478878253840896,-0.009695785421892434,0.0047857942058266555
3298,1625451639.0286574,0.0,-0.11549440771341324,0.07874535024166107,0.03863723948597908,0.01722870642042513,0.05598221864290943,0.7458589472703283,0.2102247178554535,0.2331906259059906,0.22503073513507843,0.1654712851342553,0.012151141208140941,-0.011104018093186792
3299,1625451639.0384815,0.0,-0.11331534385681152,0.07827388495206833,0.04060523584485054,0.017312189459117507,0.05536217768640644,0.7458800847918645,0.23898686468601227,-0.12154243141412735,0.10252530872821808,0.09947789773992105,-0.024779604220169338,-0.007165219682015442
3300,1625451639.048666,0.0,-0.11278652399778366,0.07907241582870483,0.041196759790182114,0.01775448238466381,0.05511982382503819,0.745869018971238,0.15056991577148438,0.037181977182626724,0.05778420343995094,0.02710347277350064,-0.04527789201494102,6.437597022698104e-06
3301,1625451639.1485536,0.0,-0.10857196897268295,0.07912638783454895,0.03844273462891579,0.019939845087321856,0.047093155315202626,0.7496863539784657,-0.0496998056769371,0.08511887490749359,-0.11372337490320206,0.006955512237553684,-0.08803021302018484,0.023504317548075828
3302,1625451639.1584349,0.0,-0.10758408159017563,0.08020669966936111,0.036744218319654465,0.020851387141360506,0.04851873745995079,0.7497151969261352,0.2187468409538269,-0.31222477555274963,-0.1488770991563797,0.06632573911523729,-0.03488831838733742,0.08187005243554026
3303,1625451639.1685147,0.0,-0.10393856465816498,0.07729341089725494,0.0375366248190403,0.02029568585939047,0.04771523100386725,0.7492530600872517,0.2666837275028229,-0.25576576590538025,-0.06365594267845154,0.01468453753014923,0.03549499354776937,-0.017804065142572836
3304,1625451639.1783757,0.0,-0.09744187444448471,0.07141700387001038,0.0372525118291378,0.019338121874579173,0.04280635198665898,0.7502813972971578,0.8621665835380554,-0.6339346170425415,-0.17870450019836426,-0.07060432075223379,-0.2583033487241304,0.024025583205599152
3305,1625451639.1882677,0.0,-0.09206011146306992,0.06819790601730347,0.03379974141716957,0.01936104390243483,0.04190597463534561,0.7506928433982502,0.5905241370201111,-0.30689844489097595,-0.4833701550960541,-0.05284808287863315,-0.32102817875868317,0.06945521250299148
3306,1625451639.198494,0.0,-0.08411858975887299,0.062013354152441025,0.03092801198363304,0.018326541039835442,0.04594515996682276,0.7479110917942315,0.8259475827217102,-0.7926589846611023,-0.218119278550148,-0.05885143734775872,0.1211769416393821,-0.10956147738694633
3307,1625451639.208677,0.0,-0.07449617981910706,0.05965689197182655,0.027037877589464188,0.018982876758026193,0.04393006016174582,0.7471267156993003,1.4182345867156982,-0.08745396882295609,-0.5408943891525269,-0.0450112616774406,0.17039958265248112,-0.2040839006547079
3308,1625451639.218428,0.0,-0.0640832930803299,0.0600103884935379,0.021496068686246872,0.020559336974357953,0.035747520586919976,0.7506011373540691,0.7098338007926941,0.3439781367778778,-0.5408943891525269,0.09369870347160675,-0.4637333389412362,0.09577748868392537
3309,1625451639.228538,0.0,-0.05651941895484924,0.06306532025337219,0.016288623213768005,0.021035152812366245,0.03770812916425702,0.7515386035990649,0.7982507348060608,0.09683678299188614,-0.4396943151950836,0.12438975789387828,-0.4291346766113477,0.25481220414799566
3310,1625451639.2388017,0.0,-0.0484485886991024,0.06411892175674438,0.01366771012544632,0.020577342148983616,0.04611551081192154,0.7475698338079474,0.8099686503410339,0.2523654103279114,-0.16485606133937836,0.020784258239199112,0.4349216736215617,-0.08700755747748705
3311,1625451639.3368144,0.0,-0.06464392691850662,0.022568807005882263,0.008722323924303055,0.009929011409750423,0.04109247648950705,0.752739803296679,-0.862496554851532,-0.6445872187614441,-0.26605620980262756,-0.5473512839747481,0.5355347260630464,-0.13209862947983683
3312,1625451639.3465724,0.0,-0.06939706951379776,0.01686999946832657,0.004542049020528793,0.00857544368772719,0.03963739858463394,0.7535060558624647,-0.06674403697252274,-0.515690267086029,-0.5792438983917236,-0.6062788311786452,0.07000292422325886,0.08748840085828588
3313,1625451639.356433,0.0,-0.07501998543739319,0.017893750220537186,-0.0003776848316192627,0.008990539420036595,0.03958670341364815,0.7540955016943598,-0.7889932990074158,0.19484111666679382,-0.42904165387153625,-0.07595262889646213,-0.08809320181088234,0.0711081068367457
3314,1625451639.3666923,0.0,-0.07892884314060211,0.017534082755446434,-0.0024566277861595154,0.009084224830006135,0.03993447666646838,0.7543003406190479,0.1729404628276825,-0.1471087783575058,-0.06578647345304489,0.01956390077863682,0.007926149096321262,0.04341752397280978
3315,1625451639.376543,0.0,-0.07982055842876434,0.01608865335583687,-0.00250793993473053,0.008731066945610884,0.038943560006725844,0.754493784662792,-0.04117769002914429,0.04357356205582619,0.02689153514802456,-0.011271348076222397,-0.01039800451431535,0.020444945499249554
3316,1625451639.3864038,0.0,-0.08018842339515686,0.015492251142859459,-0.0014807656407356262,0.008628697098091387,0.03730213365872185,0.7549410964923127,0.19744154810905457,-0.3005068600177765,0.12170007079839706,-0.021251941171552557,-0.12491943815361477,0.02982116505761517
3317,1625451639.396691,0.0,-0.07821755856275558,0.010629497468471527,0.0001793988049030304,0.007346713971177032,0.036114075821532844,0.7552935331819769,0.39238494634628296,-0.6009113788604736,0.09080740064382553,-0.06044093072589136,-0.14504777693691978,0.03818150835828918
3318,1625451639.4070032,0.0,-0.07648812234401703,0.004915186204016209,0.0014511868357658386,0.005669096179702661,0.035008669266510174,0.7553225388833897,0.2922500967979431,-0.611564040184021,0.05139261856675148,-0.14334877359579332,-0.11554585961399368,0.018783964379953413
3319,1625451639.4166427,0.0,-0.07446517795324326,0.0008539904374629259,0.002016652375459671,0.004470737915141271,0.033950195689439834,0.7553137830916729,0.2688142657279968,-0.3143552839756012,0.003455717582255602,-0.15081355147745304,-0.11341217414792498,0.001827373271275025
3320,1625451639.4266062,0.0,-0.0728151947259903,-5.51026314496994e-05,0.002181362360715866,0.00414738922138938,0.032604091284359954,0.7551038052466537,0.1686794012784958,0.030790388584136963,0.010912568308413029,-0.08807236070330968,-0.12457326060743178,-0.00949499388703572
3321,1625451639.523335,0.0,-0.057989731431007385,-0.017803583294153214,0.006062619388103485,-0.003139428758345858,0.02734605264281756,0.749289140141477,0.9505835175514221,-0.6296735405921936,0.1941380649805069,-0.19496722382012685,-0.25456173116353936,-0.05723373266198406
3322,1625451639.532707,0.0,-0.04973822832107544,-0.02543630078434944,0.0101553313434124,-0.005155694361540869,0.02602224716389799,0.748170474953154,0.7737496495246887,-0.4624270498752594,0.4167783260345459,-0.33253781302380414,-0.31617544869843955,-0.11268726343682885
3323,1625451639.5429752,0.0,-0.039381951093673706,-0.02981099672615528,0.014218341559171677,-0.00605073868177701,0.02480409385995236,0.746037486840901,0.6331347227096558,-0.48692813515663147,0.38588565587997437,-0.15188102495420785,-0.1412036428644971,-0.1604990345815037
3324,1625451639.5529249,0.0,-0.02829253487288952,-0.035827431827783585,0.01818019524216652,-0.0072528415073994795,0.024066553387630182,0.7448422847803053,1.452323079109192,-1.116499423980713,0.3368834853172302,-0.1008696628596502,-0.06910069990924501,-0.16946080880474867
3325,1625451639.5632796,0.0,-0.01639186590909958,-0.04255611076951027,0.021844875067472458,-0.008619993946915261,0.02069043565146042,0.7439011232454384,1.016629934310913,-0.7596358060836792,0.32729610800743103,-0.13367173960251352,-0.18335436124741158,-0.11878364062318936
3326,1625451639.5728102,0.0,-0.003480895422399044,-0.05131950229406357,0.023856524378061295,-0.010591440466160854,0.019855568044383945,0.7437376769280014,1.0390005111694336,-0.9961245059967041,0.12063480913639069,-0.16027766616308425,-0.206703065373377,-0.054936925118232456
3327,1625451639.5831053,0.0,0.009008519351482391,-0.06302967667579651,0.025657739490270615,-0.013481009469285418,0.021426173184020847,0.7423549256043427,1.2861418724060059,-1.525560975074768,0.180289626121521,-0.2303689947739873,0.029656174659773174,-0.05678261323365245
3328,1625451639.5933118,0.0,0.0200902558863163,-0.07446211576461792,0.026933077722787857,-0.01593368076184265,0.020007092798971934,0.740720252247215,1.00491201877594,-1.148457407951355,0.11956954002380371,-0.26732652212635366,0.03798407100038058,-0.14446298582927344
3329,1625451639.6030526,0.0,0.029443994164466858,-0.08119530230760574,0.027491237968206406,-0.01724343744972967,0.013373901722854714,0.741545354671046,0.9452572464942932,-0.6978504657745361,0.10359057784080505,-0.2018329870119419,-0.32948818515607403,-0.06890767408138049
3330,1625451639.6127458,0.0,0.039763931185007095,-0.0862206295132637,0.027970511466264725,-0.01812752510957623,0.01237395219252492,0.7424136438362192,1.0358047485351562,-0.08745396882295609,-0.04554644972085953,-0.13152790221080585,-0.4525572871352796,0.07885325778055252
3331,1625451639.7059467,0.0,0.00022196449572220445,-0.07798441499471664,0.03142145648598671,-0.017063837217213024,0.021684475727044128,0.7412188708639278,-0.7186858654022217,0.25343066453933716,0.027956798672676086,0.00922308652365516,0.36220330939862466,0.13422244161725957
3332,1625451639.715718,0.0,-0.006748623680323362,-0.07736171036958694,0.031409766525030136,-0.017291144046415838,0.021627100528528488,0.7415290620131385,-0.8369302153587341,-0.08958449959754944,0.09613372385501862,0.05862955867498746,0.495448710992808,0.09557237385274799
3333,1625451639.725683,0.0,-0.01257440634071827,-0.07959342002868652,0.031107816845178604,-0.018546808261167343,0.020197424855370114,0.7417783913077289,-0.6590310335159302,-0.03206021338701248,-0.05513382703065872,-0.07127012349227103,-0.05786373733433239,0.029968519095428237
3334,1625451639.7360861,0.0,-0.017986999824643135,-0.08111673593521118,0.030461404472589493,-0.019433118204654133,0.020436898481068604,0.7417671394497274,-0.39484548568725586,-0.13219507038593292,-0.039154861122369766,-0.10933159439430706,-0.07315811435078437,0.016017788874836278
3335,1625451639.7457,0.0,-0.019611140713095665,-0.08187010139226913,0.030518684536218643,-0.020153830710303383,0.02217839494111093,0.7413589331920738,-0.12426832318305969,0.1820579469203949,0.031152591109275818,-0.08751300527136552,0.0818300493613264,-0.016077696584407428
3336,1625451639.7557015,0.0,-0.02108130045235157,-0.0796205922961235,0.030040953308343887,-0.019954432964500717,0.02354864601378978,0.740640348662924,-0.04011242836713791,0.39724135398864746,-0.13715918362140656,-0.03634144755701531,0.16070959363106685,-0.05380789226154006
3337,1625451639.765757,0.0,-0.02073763497173786,-0.07661637663841248,0.028805162757635117,-0.019726693389858052,0.023816277854240786,0.7404121814314045,0.0568266361951828,0.4750056564807892,-0.12863706052303314,0.019308543503403924,0.09492642567064759,-0.051857732407104805
3338,1625451639.776081,0.0,-0.02153252810239792,-0.07323993742465973,0.027759511023759842,-0.019413715517847152,0.02418552315005277,0.7406297635933228,-0.100832499563694,0.3386518061161041,-0.08815702795982361,0.03065986971512909,0.03517655392667737,-0.006850530519923651
3339,1625451639.7860713,0.0,-0.022153574973344803,-0.07237415760755539,0.026740986853837967,-0.019899018486773,0.024287180377321464,0.7407560344490757,-0.037981897592544556,0.04144303500652313,-0.10946231335401535,0.0004779192343190551,0.02391072896541077,0.016979027565005057
3340,1625451639.7956982,0.0,-0.023166388273239136,-0.07360347360372543,0.025603722780942917,-0.020863623500896964,0.024753031635345493,0.7406653958143812,-0.01348081510514021,-0.10236766934394836,-0.11691916733980179,-0.06508659786450183,0.029023024851684186,0.004508565706823698
3341,1625451639.8913794,0.0,-0.04381377995014191,-0.08289256691932678,0.024422097951173782,-0.024541024602833417,0.021000571590281597,0.7489943487565799,-0.7463827133178711,0.047834623605012894,-0.10520125925540924,-0.13855470060205466,0.15563502048494948,0.00893657731755203
3342,1625451639.901584,0.0,-0.04534214362502098,-0.08459927886724472,0.02332651987671852,-0.024623785319402222,0.02156130437536584,0.7488817861652752,0.021672913804650307,-0.23659099638462067,-0.14994235336780548,-0.10443532954680802,0.19342673448624664,0.011851844378681094
3343,1625451639.9113576,0.0,-0.04519334435462952,-0.08575621992349625,0.022128652781248093,-0.02422234554233528,0.019091676513226602,0.7490902367432488,-0.019872400909662247,0.03931250795722008,-0.13289812207221985,0.008534410345231974,-0.08689563042415513,0.00491139826230286
3344,1625451639.9214165,0.0,-0.04428407549858093,-0.08570918440818787,0.020722050219774246,-0.02395849667102322,0.021507371560428687,0.7492025801570346,0.1452435851097107,0.03505144640803337,-0.10307072848081589,0.03450899990685458,-0.06111142628241,0.017621901007407893
3345,1625451639.931472,0.0,-0.04259544983506203,-0.08206574618816376,0.019107285887002945,-0.02323339937883069,0.028168660320624095,0.7485618443418858,0.2283342182636261,0.5250731110572815,-0.1307675987482071,0.04397643774402127,0.4258356378744224,-0.01472747860022488
3346,1625451639.9414089,0.0,-0.03989182785153389,-0.0773901715874672,0.017496798187494278,-0.022112160590979785,0.025577981319829843,0.7491562307414338,-0.06461350619792938,0.2928454577922821,-0.14142024517059326,0.08964846954531128,0.297201394736861,-0.013977171098505945
3347,1625451639.9513097,0.0,-0.03709647059440613,-0.0743970051407814,0.016565069556236267,-0.021671460174730497,0.02047755205030674,0.7518103394245077,0.30077219009399414,0.1777968853712082,0.01623889058828354,0.09176510181398795,-0.34438015306738895,0.14781087254754813
3348,1625451639.9617765,0.0,-0.035520631819963455,-0.07407626509666443,0.017423421144485474,-0.022661358576819918,0.023237103154673866,0.7535488050660013,-0.17646627128124237,0.06700937449932098,0.0503273531794548,-0.009871906270301522,-0.2341735662830121,0.23570938976738087
3349,1625451639.9708297,0.0,-0.03332526981830597,-0.07293836772441864,0.015340715646743774,-0.023113248038889873,0.03102303560132552,0.751868261664427,0.46162712574005127,-0.2685489356517792,-0.01465377863496542,-0.07409445865328812,0.5114784970550094,0.033261489271026796
3350,1625451639.981339,0.0,-0.03416651487350464,-0.07150246202945709,0.014421291649341583,-0.022665701464668286,0.03321868640647563,0.7562748922531493,0.10369827598333359,0.4845930337905884,-0.2500772178173065,-0.017644355424606798,0.6040274141187834,0.09447356645882608
3351,1625451640.0875983,0.0,-0.054784443229436874,-0.05999604985117912,-0.009119093418121338,-0.022268316667575908,0.019100875282529385,0.7664675951872439,-0.015611344017088413,0.43452560901641846,-0.004001133609563112,0.14758345980266283,0.3942204955846615,0.22956767905238848
3352,1625451640.0975642,0.0,-0.05578656122088432,-0.057512376457452774,-0.009319324046373367,-0.021866808364433894,0.01856680339839307,0.7661543107919843,0.13246041536331177,0.11068522185087204,-0.007196926977485418,0.159890046695142,0.2359502757296931,0.02510544304789822
3353,1625451640.1074893,0.0,-0.055233683437108994,-0.05702604353427887,-0.009808264672756195,-0.022073247398298933,0.017663425825939855,0.765952109295351,0.14311306178569794,0.10109783709049225,-0.05193803459405899,0.018953875667128132,-0.06980988828024849,-0.026407608783687878
3354,1625451640.1177428,0.0,-0.054202038794755936,-0.05670798197388649,-0.010388314723968506,-0.022290894491421888,0.016705086024921878,0.7657988420366155,0.1452435851097107,0.1032283678650856,-0.04874224215745926,-0.021051818907976468,-0.09779288631375341,-0.017572653296826116
3355,1625451640.1274934,0.0,-0.05280514061450958,-0.05541476234793663,-0.010769836604595184,-0.02213732577226702,0.016199218948302792,0.765555311786594,0.28159743547439575,0.19697163999080658,-0.024241158738732338,-0.005205171458865545,-0.07964868261058876,-0.01680581470457305
3356,1625451640.1375842,0.0,-0.05101604387164116,-0.05260017514228821,-0.011010296642780304,-0.021535035200719074,0.015406952592999408,0.7653581114830623,0.16654887795448303,0.39298030734062195,0.009847303852438927,0.03314443165169049,-0.0666751582590552,-0.022159032593319094
3357,1625451640.147921,0.0,-0.049502741545438766,-0.04915261268615723,-0.010967589914798737,-0.0207883992506877,0.014237256031249514,0.7652564114453735,0.16761414706707,0.3546307682991028,0.04180523753166199,0.06625625530706399,-0.09213951975808349,-0.017525049539672502
3358,1625451640.1575162,0.0,-0.04841842129826546,-0.046439576894044876,-0.010711081326007843,-0.02029676199931752,0.012879793702276009,0.7651155417439538,0.07600139826536179,0.29178017377853394,0.05458841100335121,0.0654439464756278,-0.1249182225669356,-0.011865901970865393
3359,1625451640.1677923,0.0,-0.0477733351290226,-0.04384976997971535,-0.010314766317605972,-0.019861078529375048,0.01141408595791038,0.7650651593172493,0.0568266361951828,0.30882441997528076,0.04926208779215813,0.04931092012977092,-0.14128108530666483,-0.010026656461324755
3360,1625451640.1775162,0.0,-0.04694481939077377,-0.041229695081710815,-0.00991089642047882,-0.019336310656476452,0.009954029618060592,0.7650304773803138,0.0845235139131546,0.34610867500305176,0.06097999960184097,0.05030012154701456,-0.14346854858691896,-0.005856923988965573
3361,1625451640.267834,0.0,-0.006220295559614897,-0.0218751672655344,0.005857460200786591,-0.01808768383393075,0.002259796545131143,0.7846958499007194,1.0560446977615356,-0.03312547877430916,0.4945426285266876,0.24299737537229854,-0.5136069912715665,0.028646514864420044
3362,1625451640.2775347,0.0,0.003375888569280505,-0.020783070474863052,0.01197822391986847,-0.01770040255265104,0.002446503011799425,0.7848998568314196,0.8120991587638855,0.1959063708782196,0.709726095199585,0.2418793601725402,-0.4440113620208345,0.04377661847888401
3363,1625451640.2877986,0.0,0.011601598933339119,-0.02192928083240986,0.019808921962976456,-0.018059056388017247,0.0029844286933552316,0.7854170045353518,0.3582964837551117,-0.10023713856935501,0.8311662077903748,0.008695267051441758,0.027461589048182904,0.03719382414173708
3364,1625451640.2976515,0.0,0.017399955540895462,-0.024772852659225464,0.0296701081097126,-0.018923810866493404,0.0029785035687575068,0.7860617482926701,0.6970506310462952,-0.7660273909568787,1.0570021867752075,-0.04639463595376238,0.05760601982732601,0.052756547620010745
3365,1625451640.3077898,0.0,0.01948780007660389,-0.02620990388095379,0.03755814954638481,-0.018672532756813215,-0.003458823375089279,0.7882560845978248,-0.16900943219661713,-0.15989194810390472,0.6340922713279724,-0.04265929944307381,-0.28753720970455804,0.13186941862020415
3366,1625451640.3176758,0.0,0.018816005438566208,-0.027663586661219597,0.04423757269978523,-0.0181875737170481,-0.0018924733745279004,0.7898152746836871,0.3114248514175415,-0.44218704104423523,0.6266354322433472,0.034450017372966,-0.3329821992440541,0.20712474239907025
3367,1625451640.3276594,0.0,0.018646230921149254,-0.024365728721022606,0.049140166491270065,-0.016812359464554172,0.002955291802372563,0.791974375016366,-0.42360761761665344,1.3921983242034912,0.2878813147544861,0.07159914506676378,0.2972303498160389,0.17123038719472194
3368,1625451640.3381228,0.0,0.013708327896893024,-0.011189200915396214,0.047269951552152634,-0.013042372442878723,0.0005535285696522951,0.7938187153657832,-1.6380090713500977,2.1772983074188232,-0.3992142677307129,0.21907196291547604,0.18903749540709655,0.1997413448378387
3369,1625451640.3477192,0.0,0.010804221034049988,-0.005595915485173464,0.04720993712544441,-0.01133340442773973,-0.0028557225460979635,0.7942884392197898,-1.3727582693099976,0.5655531883239746,0.3113171458244324,0.2959836344618238,-0.2980868413742967,0.13920766439896934
3370,1625451640.3575788,0.0,0.008952029049396515,-0.007032581139355898,0.052832428365945816,-0.011795220344958245,-0.0006967565752857285,0.794579942889396,-0.29364538192749023,-0.1098245233297348,0.9355621337890625,0.10460595919477769,-0.10648254502768909,0.0468187424564161
3371,1625451640.4534674,0.0,-0.023811662569642067,0.0005508987233042717,0.04472138360142708,-0.010071395798683914,0.011957165427844425,0.7930879337896873,-0.17327047884464264,0.1128157526254654,-0.39601847529411316,0.07582592940261489,0.5970031747591348,-0.0009430411886010567
3372,1625451640.463458,0.0,-0.02522820048034191,0.0010503781959414482,0.040827427059412,-0.009868340675393134,0.01226366453443245,0.7930615768419806,-0.1146809384226799,0.06807464361190796,-0.3768436908721924,0.10197408548576598,0.5338715466875681,-0.02520060647720006
3373,1625451640.4732714,0.0,-0.027352837845683098,0.0004123499384149909,0.03743318095803261,-0.009913832402098671,0.012076425992805874,0.7931555899825685,-0.14557361602783203,-0.16734880208969116,-0.2841656804084778,0.013561548931291382,0.01630458844494278,0.0018346262053426066
3374,1625451640.4832594,0.0,-0.029564037919044495,-0.001513904077000916,0.03498610481619835,-0.010392883097302831,0.013002004123903038,0.7930330912845174,-0.05715665966272354,-0.23232993483543396,-0.20853190124034882,-0.021276002410773154,0.026483381418119473,0.0011702021065112958
3375,1625451640.4936466,0.0,-0.030590834096074104,-0.0029633119702339172,0.033062126487493515,-0.010686213647036369,0.013868825543288936,0.7925787265456349,0.06747928261756897,-0.038451798260211945,-0.17870450019836426,-0.041303794552147534,0.08973546371312045,-0.02764203167558099
3376,1625451640.503338,0.0,-0.031631145626306534,-0.000973743328358978,0.03135242685675621,-0.010007873678696134,0.014820333971485952,0.7919612435779436,-0.03691663593053818,0.33652129769325256,-0.14674656093120575,0.008367811242141808,0.09167937577339824,-0.054399185572499044
3377,1625451640.5133717,0.0,-0.03249530866742134,0.0026586262974888086,0.030512508004903793,-0.008889732124260398,0.015170987996635299,0.7918775652564285,-0.02945978008210659,0.326933890581131,0.00771677540615201,0.08496037050740657,0.06935183115280572,-0.04061506357571981
3378,1625451640.5234764,0.0,-0.03383558988571167,0.004547618329524994,0.03106844797730446,-0.00825878436726997,0.015325054796665877,0.7920287915619061,-0.08059247583150864,0.015876686200499535,0.10465583950281143,0.0951504767586493,0.028840202275479124,-0.00046542193167150106
3379,1625451640.5330658,0.0,-0.034626953303813934,0.0022579375654459,0.0324227549135685,-0.010261126198982437,0.007932255211814482,0.8018538934687431,0.054696109145879745,-0.2994416058063507,0.11211269348859787,0.054322647728923125,0.013948538672259671,0.011200416922753526
3380,1625451640.5431724,0.0,-0.03531886264681816,0.00029679760336875916,0.03325090929865837,-0.010961984231779756,0.008258785121032591,0.8032153720033889,-0.09231038391590118,-0.04377812147140503,0.04819682240486145,0.053344293286952574,0.003334626873843825,0.016167022619992245
3381,1625451640.6413107,0.0,-0.011365228332579136,-0.000361656624590978,0.005643688142299652,-0.008705594870417943,0.005534476595547094,0.8052182493476019,0.1910499632358551,0.26195278763771057,-0.4492816925048828,0.032938709057130255,-0.23203674397504404,0.09046244128480006
3382,1625451640.6516166,0.0,-0.006894147954881191,-0.00032991840271279216,0.001187451183795929,-0.009039766679124386,0.007991670314143967,0.8055945151261003,0.60330730676651,-0.11621610820293427,-0.5675259828567505,0.008032449823853037,-0.24230794655868104,0.07099604676608448
3383,1625451640.6613817,0.0,-0.002122582169249654,-0.0017133897636085749,-0.0037740208208560944,-0.00989563811062448,0.010895763492824284,0.804999132850706,0.3913196623325348,-0.13112981617450714,-0.4769785702228546,-0.05100366341204381,0.2606673076415712,-0.00042559940846969636
3384,1625451640.6712224,0.0,0.0019499880727380514,-0.001259787823073566,-0.00958210974931717,-0.009698143702802045,0.00787163184300435,0.8061430108092453,0.2890543043613434,0.24810433387756348,-0.6026797294616699,-0.04685952498847597,0.11075076778033591,0.007475120438567126
3385,1625451640.681539,0.0,0.002306564711034298,-0.007088746875524521,-0.012338446453213692,-0.010631744945114242,0.003948123546943801,0.8085322440971129,-0.6505089402198792,-0.46881863474845886,-0.09454861283302307,-0.03800853106616862,-0.33096432188509795,0.15985446458408875
3386,1625451640.6912603,0.0,-0.0037645939737558365,-0.01105778943747282,-0.01641199365258217,-0.011624835638839516,0.007772980570528734,0.8077733596835115,-1.1810106039047241,0.21082007884979248,-0.45247748494148254,-0.10296768194366257,-0.12244530788318411,0.11801839923232654
3387,1625451640.701259,0.0,-0.007244952023029327,-0.009580632671713829,-0.02213144674897194,-0.011177546028827923,0.011042729576651138,0.8055575793318797,-0.502437174320221,0.4377214014530182,-0.5824397206306458,-0.04469037584612974,0.35523304325255173,-0.12750855949297868
3388,1625451640.7119906,0.0,-0.014244229532778263,-0.0023215783294290304,-0.029135985299944878,-0.009156217196115861,0.010959973157176388,0.8054361195825164,-0.8465175628662109,1.1429264545440674,-0.6964229941368103,0.10572526536764348,0.21450042734466626,-0.13877700635927484
3389,1625451640.7213106,0.0,-0.014919111505150795,-0.0007575018680654466,-0.03182520717382431,-0.008675684331477043,0.007405761283257789,0.8077739122113567,-0.042242955416440964,0.2651485800743103,0.3187739849090576,0.1329682871013232,-0.15578892723736387,0.08653356342509855
3390,1625451640.7313821,0.0,-0.018501996994018555,0.001180702238343656,-0.029811888933181763,-0.008063695297249783,0.0067610433007883886,0.8096036995778906,-0.7080332040786743,0.30988967418670654,0.18561594188213348,0.06886291961705986,-0.24746335835047553,0.22489774014282252
3391,1625451640.8296363,0.0,-0.02576722763478756,-0.0170801542699337,-0.0086541548371315,-0.01145953430415346,0.010876179877762515,0.8099614145586704,-0.000697641575243324,0.09364099055528641,0.09613372385501862,-0.2847761880773906,0.043221768579614905,0.11623795422721882
3392,1625451640.839678,0.0,-0.025120200589299202,-0.016048546880483627,-0.007811509072780609,-0.011198592984631633,0.010701506331593814,0.8097413293666769,0.12713408470153809,0.1170768067240715,0.059914734214544296,-0.3102213297540758,0.10649888765551195,-0.0048970858783715645
3393,1625451640.8494978,0.0,-0.024653786793351173,-0.014520290307700634,-0.007540132850408554,-0.01082124714933895,0.00990827344384209,0.8095913603745546,0.011020267382264137,0.27793174982070923,0.008782039396464825,0.02562687654261058,-0.04942632914791375,-0.018866307286976136
3394,1625451640.8596227,0.0,-0.025036009028553963,-0.01044855173677206,-0.008234821259975433,-0.00980244380200461,0.009554044381262117,0.8092690985213834,-0.09337565302848816,0.5261383652687073,-0.08815702795982361,0.06462074352323957,-0.058419666802839304,-0.024697179838836535
3395,1625451640.8695836,0.0,-0.026670284569263458,-0.005580073222517967,-0.008928656578063965,-0.008480178905550619,0.009799737592352996,0.8089826465586705,-0.2030978947877884,0.39404556155204773,0.01623889058828354,0.1166475469878923,-0.008398250637503234,-0.0294497999430495
3396,1625451640.879649,0.0,-0.028048668056726456,-0.00582107761874795,-0.007860761135816574,-0.008546427295681135,0.009458050871682631,0.8089555541293403,-0.063548244535923,-0.26109206676483154,0.10785163193941116,0.0800252721924561,-0.0007749845568859002,-0.019318761649983283
3397,1625451640.8897123,0.0,-0.028456123545765877,-0.010268931277096272,-0.006996780633926392,-0.010011984616743658,0.005624770285361111,0.8121608686160356,0.026999235153198242,-0.43792596459388733,0.01197783276438713,0.08379609896013149,-0.0036613331160268376,-0.01953534071006715
3398,1625451640.9002657,0.0,-0.02754257246851921,-0.011236404068768024,-0.00815657153725624,-0.011179858162950598,0.006620073512256658,0.8141946719631099,0.22939947247505188,0.06274832040071487,-0.15526868402957916,0.08494671597020673,-0.0064856853016277555,-0.019665747853931916
3399,1625451640.9097247,0.0,-0.027277396991848946,-0.007698537781834602,-0.010590307414531708,-0.010812982410038988,0.004389407733676173,0.8156187803544448,-0.20629368722438812,0.6582311987876892,-0.3715173900127411,-0.021863257985332597,-0.06303810156989284,0.1394353574072406
3400,1625451640.9203584,0.0,-0.028246460482478142,-0.004506982397288084,-0.013304026797413826,-0.009906241644968353,0.0038567300565765378,0.8157931503588448,0.3210122287273407,0.0030935134273022413,-0.013588514178991318,0.05620302873206974,-0.1391653484087596,0.09918640168666427
3401,1625451641.0168467,0.0,0.004399102181196213,-0.019394559785723686,0.03553932532668114,-0.014614168077155085,0.01745965252478658,0.8158921699445117,0.12074250727891922,-0.13539086282253265,0.696942925453186,-0.3175399900477343,-0.6593386473786408,0.05427317714960609
3402,1625451641.0263813,0.0,0.006499466020613909,-0.019123747944831848,0.04244307801127434,-0.014372756152211202,0.018838615738459408,0.8164593207949635,-0.16474837064743042,0.22679904103279114,0.6479407548904419,-0.26332715141572677,-0.3769595490403113,0.06558553740644767
3403,1625451641.037097,0.0,0.009905415587127209,-0.015063747763633728,0.048821765929460526,-0.013177136854641627,0.01869491748116517,0.8165985196322227,-0.43212974071502686,0.5836626887321472,0.6575281023979187,0.052564215729395986,0.05587442113641269,0.04629937306182582
3404,1625451641.0467007,0.0,0.008155078627169132,-0.009248766116797924,0.05557965114712715,-0.011714758674186143,0.02232424098345078,0.814262262324448,-0.2403821498155594,0.29071491956710815,0.7704461216926575,0.13334028518296445,0.16528135447089026,-0.0920682187207321
3405,1625451641.0570626,0.0,0.004153138492256403,-0.006153344176709652,0.06338569521903992,-0.01102281231000194,0.023790092349713632,0.8142923534488913,-0.10296303033828735,0.21721166372299194,0.6926818490028381,0.1172458252557979,0.28219311599084623,-0.13344475564481886
3406,1625451641.0665889,0.0,0.001123869325965643,-0.002543734386563301,0.06991538405418396,-0.009999006498637553,0.02351467582044694,0.8160522366782816,0.005693945102393627,0.3173465132713318,0.29853397607803345,0.08823125986662125,0.09114596231436861,0.06861488382861848
3407,1625451641.076531,0.0,-0.0036789218429476023,-0.0015342525439336896,0.07373875379562378,-0.009675626547884751,0.02397345416644457,0.8175008914486239,-0.5077635049819946,0.007354571484029293,0.34434032440185547,0.07328475548108537,0.00885749650360717,0.16888850817209303
3408,1625451641.0880122,0.0,-0.009957382455468178,-0.0009185890667140484,0.0764765590429306,-0.009724323601367449,0.026456034906758574,0.8174857757429674,-0.6089636087417603,0.0659441128373146,0.11424321681261063,0.016223673969771854,0.11515164900127424,0.09142164618182913
3409,1625451641.0966392,0.0,-0.015650684013962746,-0.003036459442228079,0.07771717011928558,-0.010476266445348617,0.029175370333560657,0.8167007828067959,-0.4310644865036011,-0.3367258608341217,0.03434838727116585,-0.03245410913154003,0.2562903748909374,-0.031904095448887636
3410,1625451641.1064217,0.0,-0.01916561834514141,-0.006676958873867989,0.07694415748119354,-0.011562414350053236,0.030229854742217115,0.8164493582440999,-0.3788665235042572,-0.1279340237379074,-0.1669865846633911,-0.08873727141784053,0.2270673398594387,-0.06456891993508035
3411,1625451641.2064629,0.0,-0.03910630941390991,-0.0016869029495865107,0.0422586165368557,-0.011009161268474801,0.037617262087828354,0.8162661647263376,0.05576137453317642,0.0382472425699234,-0.24901194870471954,-0.010465134461815495,0.2683064696878811,-0.02536108050805848
3412,1625451641.2166598,0.0,-0.03989480808377266,-0.0015144539065659046,0.04001699760556221,-0.010952307099902109,0.03756920614254204,0.8163263002757876,0.05043505132198334,-0.006493866443634033,-0.20533610880374908,0.05223135767747761,0.20239265604760362,-0.00336167348245408
3413,1625451641.2265928,0.0,-0.04066070541739464,-0.001502878381870687,0.038397956639528275,-0.010896073674057448,0.03750454298423251,0.8162604235271256,-0.012415550649166107,0.03931250795722008,-0.11585389822721481,0.006857551047989155,-0.004885496046187001,0.0011743281252669484
3414,1625451641.2366416,0.0,-0.04114307835698128,-0.001739741419441998,0.03731406852602959,-0.013733203740896954,0.037099261505215114,0.8175288176964175,0.047239258885383606,-0.01821177639067173,-0.08922228962182999,0.0045024677689162965,-0.014678142075142474,-7.784921739232968e-05
3415,1625451641.2464366,0.0,-0.04102858155965805,-0.0021343764383345842,0.03693556413054466,-0.013560327866132399,0.03668134792818087,0.8184376548249267,0.15589623153209686,-0.13965192437171936,0.0023904531262815,0.006064570626609047,-0.0261383983823712,0.0029838968167907516
3416,1625451641.2569053,0.0,-0.04027706757187843,-0.002556571736931801,0.036848653107881546,-0.013389797211676699,0.03429010430818305,0.82138114417872,0.3497743606567383,-0.2770710289478302,-0.10307072848081589,0.01149369346008268,-0.07082691010217465,0.0603539823072784
3417,1625451641.2665067,0.0,-0.040901005268096924,-0.0017378946067765355,0.03636065497994423,-0.012922798381090297,0.0339468283049007,0.8219663212075393,-0.2393168807029724,0.2502348721027374,0.015173625200986862,0.02505551698635462,-0.13819408009566872,0.16363482601128082
3418,1625451641.2764215,0.0,-0.04012294113636017,-0.005317401140928268,0.03686774894595146,-0.013933866381220558,0.03608477260090645,0.8214047566946148,0.4094291627407074,-0.5817366242408752,-0.06259068101644516,-0.024891937822148692,0.054606102708894294,0.02373276402478706
3419,1625451641.286471,0.0,-0.038823626935482025,-0.009448247961699963,0.03874528035521507,-0.014987755013771406,0.03628260531150143,0.8205340226570699,0.43499553203582764,-0.46029654145240784,0.2260959893465042,-0.10042039560360572,0.14258341398755797,-0.07472517453152354
3420,1625451641.296448,0.0,-0.037143219262361526,-0.009849129244685173,0.03699706867337227,-0.014067658656622559,0.029416122494570485,0.8218595126170642,0.0845235139131546,-0.2621573507785797,-0.30440571904182434,-0.022891598266109554,-0.27802781327554,0.008473579834675202
3421,1625451641.3953347,0.0,-0.011256136000156403,-0.015240206383168697,0.002567701041698456,-0.014750458550283792,0.030634337690867652,0.8238167393099315,0.06747928261756897,-1.2635059356689453,-0.5376986265182495,0.018181735009121746,-0.7891499905334417,0.12492682378943763
3422,1625451641.4056141,0.0,-0.011235651560127735,-0.014799904078245163,-0.007156491279602051,-0.014586108238150888,0.02790289322229745,0.8251694220428993,-1.2651665210723877,0.9277430772781372,-1.3888449668884277,-0.04486674385948094,-0.6120633943662793,0.1345971465095439
3423,1625451641.415289,0.0,-0.011290698312222958,-0.008411942981183529,-0.018639996647834778,-0.012782101233630487,0.029232092145719042,0.8258185851211359,0.49038925766944885,0.052095677703619,0.32303503155708313,0.09865751725100111,-0.09107875830043893,0.10873498390662027
3424,1625451641.4255254,0.0,-0.015064229257404804,0.009398343972861767,-0.01900574564933777,-0.007567642789311921,0.03149251974151747,0.8265820308507983,-0.38206231594085693,1.0992505550384521,-0.07537385076284409,0.3487733737394014,0.18062662294695772,0.07464425804853066
3425,1625451641.435442,0.0,-0.016605272889137268,0.013245473615825176,-0.017797132954001427,-0.006491738062182166,0.030221636011287516,0.8280833897790998,-0.09337565302848816,-0.0725402683019638,0.2772286832332611,0.32773352176428017,0.06492124865581379,0.10879787162681906
3426,1625451641.4454188,0.0,-0.01903662271797657,0.005221824627369642,-0.011814575642347336,-0.008754452400132347,0.03078783334667693,0.8290006842608733,-0.4214771091938019,-1.0600404739379883,0.7523366808891296,-0.016779348613661562,-0.04543449923292624,0.12207455881652
3427,1625451641.4553738,0.0,-0.027586758136749268,-0.004195257555693388,-0.00955907255411148,-0.011349595130909829,0.03300209180613247,0.8292150362386845,-0.915759801864624,-1.01210355758667,-0.35553839802742004,-0.23881681223596135,0.11088819528401263,0.06267015362842114
3428,1625451641.4655387,0.0,-0.0291660837829113,-0.013818562030792236,-0.01339547149837017,-0.01390639388867955,0.03342297762624165,0.8289839937889886,0.6118294596672058,-1.2113080024719238,-0.39282265305519104,-0.26748122886805187,0.1434448588072879,0.009381975758387697
3429,1625451641.4756284,0.0,-0.032150547951459885,-0.009552452713251114,-0.018977506086230278,-0.012444326329302653,0.03378094295471869,0.8288427538606002,-0.617485761642456,0.8648924827575684,-0.792296826839447,-0.09729746800222261,0.03996634919387306,-0.013297395470203782
3430,1625451641.4854567,0.0,-0.036019179970026016,0.0008134827949106693,-0.020314596593379974,-0.009411727259366467,0.03519734426476478,0.8282762585425392,-0.100832499563694,1.7139081954956055,0.3432750701904297,0.1787548340169003,0.08967166477883773,-0.034555875866469965
3431,1625451641.5847154,0.0,-0.05694674327969551,-0.006594371050596237,-0.00014948099851608276,-0.008178839967997745,0.039052112568639434,0.8262841049878158,-0.009219757281243801,-0.12686875462532043,0.04180523753166199,0.037158262483790526,0.38139689397159615,-0.04520273849598773
3432,1625451641.5948093,0.0,-0.05696871876716614,-0.007406031712889671,-4.36343252658844e-05,-0.008134085771981867,0.024394155313970337,0.832145487108416,0.06321822106838226,-0.10875925421714783,-0.012523249723017216,0.026122928601214,0.3739919935902386,-0.037350378021264244
3433,1625451641.6046555,0.0,-0.0570954866707325,-0.006110562942922115,-0.0005257278680801392,-0.008410253785658128,0.02188558618844301,0.8348142609455186,-0.045438751578330994,0.20655901730060577,-0.024241158738732338,0.016745887827357343,0.36912721070965676,-0.030510814859742365
3434,1625451641.6147242,0.0,-0.05848805233836174,-0.0011756914900615811,-0.0017394423484802246,-0.007263023111686945,0.019223573518594397,0.8372766389228093,-0.3234727680683136,0.957570493221283,-0.21066242456436157,0.026423449856346967,-0.0805754711597394,0.18173698072507682
3435,1625451641.6245673,0.0,-0.06000475957989693,0.005559127312153578,-0.005029264837503433,-0.005180148344039098,0.019022837097956144,0.8369986758345516,0.05043505132198334,0.5698142051696777,-0.25220775604248047,0.16155866703018226,-0.14483853448495548,0.12037722303714346
3436,1625451641.6346629,0.0,-0.06594285368919373,0.012933784164488316,-0.00695529580116272,-0.003185757269413572,0.02775168458618696,0.835771506815271,-0.5514393448829651,0.4877888262271881,0.04393576830625534,0.21176783512646227,0.36404856499833516,-0.0557654785697212
3437,1625451641.6446106,0.0,-0.06244923919439316,0.012621112167835236,-0.005285870283842087,-0.003940122141848926,0.028075713579643696,0.8340603932396994,-0.257426381111145,0.1362515687942505,0.29959923028945923,0.0783937683111231,0.46914291810104203,-0.1535087529651554
3438,1625451641.6556895,0.0,-0.06509266793727875,0.01618006080389023,-0.0022121742367744446,-0.003791091792655271,0.01814023368090968,0.8356176294661082,-0.3650180995464325,0.5410521030426025,0.44234466552734375,-0.022800818984292613,-0.3791730450357466,-0.03558394421565292
3439,1625451641.6645694,0.0,-0.06597644090652466,0.018294652923941612,0.002499561756849289,-0.0035070551651587567,0.019263474992882224,0.8357514081576851,0.04617399349808693,0.14690421521663666,0.5648500919342041,0.013766931141435915,-0.4600231231817733,0.08303775031958203
3440,1625451641.6746335,0.0,-0.06598606705665588,0.016538063064217567,0.008087731897830963,-0.0036054268709087983,0.02800639420980544,0.8340883157220947,-0.3469085991382599,-0.2951805293560028,0.5861554145812988,0.019424032196098704,0.40224563988723894,-0.051879408551832006
3441,1625451641.7756023,0.0,-0.04703080654144287,0.02633054368197918,0.0415215827524662,-0.0016327267302264498,0.023089683484665724,0.8351969904839509,-0.014546079561114311,-0.26961418986320496,0.39121195673942566,0.14507078902110856,0.1485448323427636,-0.0429678715272642
3442,1625451641.7851138,0.0,-0.04874403029680252,0.02291552908718586,0.045200493186712265,-0.0023728604880309395,0.022532133918956893,0.8360082363136991,-0.5248077511787415,-0.4485786259174347,0.34007927775382996,0.10667896868680456,-0.29050375589074245,0.07792213651662827
3443,1625451641.7952893,0.0,-0.04883648455142975,0.016017261892557144,0.049153950065374374,-0.004018514919653535,0.022665049303051805,0.8363914889804913,0.5266082882881165,-1.029147744178772,0.2676413059234619,-0.10552873086147303,-0.0348500266202153,0.06862473710443924
3444,1625451641.8054545,0.0,-0.046721331775188446,0.009732510894536972,0.05025137588381767,-0.005488643591750393,0.022739964455213126,0.8361466008964438,0.08132772147655487,-0.23126466572284698,-0.043415918946266174,-0.16237485490608927,0.011895297755385123,0.012952210236498398
3445,1625451641.8150864,0.0,-0.04942893609404564,0.011979538947343826,0.04903131350874901,-0.004561324275611171,0.022358081328547642,0.8361352870261356,-0.05502612888813019,0.37913185358047485,-0.18083502352237701,-0.053425962393546744,-0.002525510284338624,-0.017633384321181188
3446,1625451641.8252335,0.0,-0.04967168718576431,0.014931776560842991,0.04697653278708458,-0.0033578793537333146,0.0208112655471826,0.8362433999973715,0.11328565329313278,0.3951108157634735,-0.22877192497253418,0.09722684326012837,-0.09358565179468935,0.0015069722326672191
3447,1625451641.8360531,0.0,-0.05102360621094704,0.01842455193400383,0.04479944333434105,-0.0021055221648283093,0.02012717362607988,0.8361969748894746,-0.2116200029850006,0.37487080693244934,-0.1669865846633911,0.12500064490038373,-0.12384827564601279,0.004988236187047552
3448,1625451641.8451931,0.0,-0.05161714181303978,0.017335116863250732,0.04389313980937004,-0.0022043669509225414,0.019616696638600432,0.8360531931958866,0.18998469412326813,-0.40916383266448975,-0.03169801086187363,0.07343125455990317,-0.06520711715366999,-0.009251794096036074
3449,1625451641.8551092,0.0,-0.05055287852883339,0.011320526711642742,0.04399864003062248,-0.0036924909586010454,0.018438711817073822,0.8359405270245788,0.20702892541885376,-0.7266126275062561,-0.08922228962182999,-0.061426923834797316,-0.08025194827888216,-0.013349528853494658
3450,1625451641.8652377,0.0,-0.049678463488817215,0.006671353708952665,0.041597235947847366,-0.004772784093463461,0.016644184556832566,0.8359004172218377,0.08878457546234131,-0.3282037377357483,-0.3661910593509674,-0.1328369678618991,-0.14722055034973688,-0.00863099504085456
3451,1625451641.9630895,0.0,-0.04406978189945221,0.010518992319703102,0.02623153105378151,-0.0009197702237639382,0.006481816264597096,0.8382252409244432,-0.14983466267585754,0.24810433387756348,0.06843684613704681,-0.09683519911288788,-0.18784669442925586,0.00537213977641882
3452,1625451641.9730682,0.0,-0.04580412060022354,0.016948340460658073,0.025456395000219345,0.001317922156541057,0.005311662502609074,0.8388034808329212,-0.3245380222797394,0.28112754225730896,-0.005066398065537214,0.11180636069361934,-0.17978443283390896,0.058314717463933706
3453,1625451641.9825175,0.0,-0.042307302355766296,0.015738967806100845,0.026979532092809677,0.0013444541510301278,0.00446265448415506,0.8384907523876292,-0.535460352897644,0.24384327232837677,0.16750645637512207,0.10692737790919483,-0.1285471884470586,0.022255948319216443
3454,1625451641.992724,0.0,-0.03571631759405136,0.014279359020292759,0.0290638767182827,0.0007488416551078986,0.0017654060632482232,0.8379384135547306,0.40303757786750793,-0.14497825503349304,0.15365801751613617,-0.007723387518981573,-0.17198172985207674,-0.04306212579158941
3455,1625451642.0025716,0.0,-0.03081468492746353,0.013373859226703644,0.02903014048933983,0.00011622029560159897,0.0008604389122601752,0.8376213842305762,0.9420614242553711,-0.5007765293121338,-0.046611711382865906,-0.04543558479468624,-0.15938280794001686,-0.04892644901932307
3456,1625451642.0127554,0.0,-0.02281929738819599,0.015665225684642792,0.027277175337076187,0.0012414704882644234,-0.00028050677306915017,0.8374624600511343,1.1476575136184692,0.29071491956710815,-0.35553839802742004,0.01260531281348563,-0.0980047078862697,-0.026409621824930327
3457,1625451642.0231824,0.0,-0.015898296609520912,0.020080043002963066,0.02396395429968834,0.0026058586229655706,-0.0007168511197047783,0.837296089047076,0.6043726205825806,0.9479830861091614,-0.45673853158950806,0.10916747563877921,-0.09680704043722464,-0.01609941988033383
3458,1625451642.0326307,0.0,-0.008921572007238865,0.028817158192396164,0.018474597483873367,0.0042303644407235275,-0.00040975427779484097,0.8369680283864592,0.6555052995681763,1.1045769453048706,-0.4972185790538788,0.1424961660201905,-0.0240112315750385,-0.02051867703009303
3459,1625451642.0427654,0.0,-0.0019058474572375417,0.03688007965683937,0.013927742838859558,0.005423257161441528,-0.0004273341611702869,0.8367286258932481,0.6927895545959473,0.8116292357444763,-0.35979947447776794,0.15644501204618635,0.016347183151095217,-0.028515689508613735
3460,1625451642.053178,0.0,0.003797005396336317,0.044222503900527954,0.011043775826692581,0.006743686871653998,-0.0031737603716031626,0.837436996534117,0.41262495517730713,0.854239821434021,-0.22557613253593445,0.13982623068707045,-0.10975582252499752,0.010984894224513082
3461,1625451642.1520922,0.0,-0.02347402833402157,0.034279897809028625,0.0020454898476600647,0.003643593087053927,0.0023053399360062204,0.8396279695381921,-0.572744607925415,-0.09278029203414917,0.13235272467136383,-0.08672878744404697,0.21836060863090498,0.07405404514720333
3462,1625451642.1618547,0.0,-0.029788633808493614,0.035074472427368164,0.0035631507635116577,0.004453630599775056,0.0029689535734640643,0.8400893855773838,-0.5386561751365662,0.08298834413290024,0.0918726697564125,-0.11726436998107351,0.37122406419731924,0.06666900055888043
3463,1625451642.171755,0.0,-0.03389521315693855,0.03686150908470154,0.0040140338242053986,0.00560696196437839,0.002250064234636924,0.8408662091610499,-0.19990210235118866,0.14690421521663666,0.04713156074285507,0.09329437937365122,0.010045139116784936,0.05987398940425833
3464,1625451642.1817365,0.0,-0.0368843600153923,0.03723745048046112,0.004442282021045685,0.006189306817571148,0.0026339938094628104,0.8411040280495024,-0.32986435294151306,-0.03206021338701248,0.04073997214436531,0.09104016945359074,-0.030283102457122676,0.05505368496842819
3465,1625451642.1917758,0.0,-0.03829122707247734,0.036109503358602524,0.004899874329566956,0.00620127997316975,0.00427480281673235,0.8408281586314845,0.03232555463910103,-0.2760057747364044,0.005586246494203806,0.03899582867650779,0.08880062053445567,0.004488405056216205
3466,1625451642.2016804,0.0,-0.038326237350702286,0.0343962125480175,0.005245145410299301,0.006124761663616321,0.004607412564175822,0.8406057500289417,0.1441783308982849,-0.2898542284965515,0.017304155975580215,-0.0004156709893001437,0.11296963580684778,-0.02658543521691752
3467,1625451642.2119186,0.0,-0.03846070170402527,0.03254565969109535,0.0057158879935741425,0.006063376258046149,0.004373759715368686,0.8408469863669634,0.13352568447589874,-0.34311744570732117,0.04713156074285507,-0.00783958833038703,0.017006995197377073,-0.0055503992110391785
3468,1625451642.2221096,0.0,-0.038257867097854614,0.03043525665998459,0.005944695323705673,0.005905991992338724,0.004330257987521152,0.8408520905985767,0.06534875184297562,-0.31648582220077515,0.018369419500231743,-0.01239658676222609,-0.01722681415149486,0.013439844194690298
3469,1625451642.2320464,0.0,-0.03875986859202385,0.02900909073650837,0.006073750555515289,0.005914387492635828,0.004666261914428725,0.8407038193678826,-0.028394516557455063,-0.17693617939949036,0.005586246494203806,-0.010719577209830302,0.007492255954887107,-0.004429877156766424
3470,1625451642.2421923,0.0,-0.03880370035767555,0.027358492836356163,0.006242431700229645,0.0058095978643825374,0.004686753632913272,0.8405454917098233,0.004628680646419525,-0.20463305711746216,0.0002599241561256349,-0.005792383705576492,0.01956920235273542,-0.015508595090307768
3471,1625451642.3406126,0.0,-0.04077507182955742,0.00670024286955595,6.593763828277588e-07,0.003624838563684493,-0.0007675844456453002,0.8429978436543121,0.7950549125671387,-0.5998461246490479,-0.09880966693162918,-0.15026349214770995,-0.021926415457444778,-0.010090796305196943
3472,1625451642.350383,0.0,-0.039940156042575836,0.006428109016269445,-8.319318294525146e-05,0.0035507829061994373,-0.0009561027125786353,0.8427833984216373,0.35616594552993774,-0.10875925421714783,-0.07430858910083771,-0.202158702893476,-0.07184859987516558,-0.006291119594913278
3473,1625451642.3609734,0.0,-0.037250880151987076,0.005664855241775513,0.000708308070898056,0.003614886030241543,-0.0005933391589183767,0.841686288263247,0.10689406841993332,0.4196119010448456,0.1248958632349968,-0.021705387014435144,-0.04674425210186543,-0.05992838752236675
3474,1625451642.3705378,0.0,-0.03150934353470802,0.0011022079270333052,0.003960508853197098,0.002439067495028646,0.002083218768975867,0.8403290757702031,0.11115512251853943,-0.294115275144577,0.4114519953727722,-0.047531703485155744,0.145104356078752,-0.12122334401282985
3475,1625451642.3806841,0.0,-0.023425793275237083,-0.0036353212781250477,0.006783332675695419,0.0010910067533182188,-0.0014374017315891968,0.8405382724855042,1.2190301418304443,-0.8789454102516174,0.27616339921951294,-0.10848065575718548,0.04715258408604392,-0.0749321787772006
3476,1625451642.390544,0.0,-0.017780769616365433,-0.009325988590717316,0.00984155386686325,-0.0003083590434577038,-0.008225849301346205,0.8423312715787851,0.3859933614730835,-0.4816018044948578,0.26551076769828796,-0.14512137798777378,-0.49804284575643,0.07932476677140804
3477,1625451642.4004908,0.0,-0.011132942512631416,-0.015393415465950966,0.01416846364736557,-0.0013314836246256095,-0.00367138746216078,0.8430522493223984,0.5074335336685181,-0.5934545397758484,0.34860140085220337,-0.12847130537924553,-0.23164529990219093,0.1427055425930977
3478,1625451642.4107492,0.0,-0.005982073489576578,-0.017619233578443527,0.016577675938606262,-0.0014408310149953696,0.005284411962724028,0.8405510916961597,0.3955807387828827,0.11175048351287842,0.2974686920642853,-0.07422693756439973,0.6267960276902188,-0.05185152974584769
3479,1625451642.4208255,0.0,-0.0021089983638375998,-0.02420167624950409,0.0196022130548954,-0.002829732256991027,0.0007516457626801365,0.840794857129435,0.557500958442688,-1.1473921537399292,0.2910771071910858,-0.07202924609462713,0.3706065316026124,-0.13717919079785837
3480,1625451642.4308562,0.0,-3.250649751862511e-05,-0.03039187379181385,0.023530755192041397,-0.0042196075679733075,-0.006785947232947079,0.8439968270734799,0.10582880675792694,-0.4304691255092621,0.43808361887931824,-0.13273592708227344,-0.526642955710138,0.12773459850726232
3481,1625451642.5287971,0.0,-0.02764442190527916,0.0010988201247528195,0.01580195128917694,0.0037683943008123,0.005242545416131006,0.8407642546665636,-0.26807901263237,-0.15776142477989197,-0.13715918362140656,0.33629971297535616,-0.06220019869137348,0.1684688732398283
3482,1625451642.5385137,0.0,-0.029106086120009422,-0.00029279105365276337,0.014021649956703186,0.003232372513570947,0.005511888560408809,0.8403508269940413,-0.24570846557617188,0.030790388584136963,-0.2788393795490265,0.39233135749566067,0.39895697795553764,-0.016422687704340518
3483,1625451642.548625,0.0,-0.03124132938683033,0.0008336916216649115,0.010622788220643997,0.003468419084867759,0.00396959465523989,0.8404053343856022,-0.25529584288597107,0.2289295792579651,-0.16166026890277863,-0.014456375879588293,-0.03484003150117756,-0.024566896080859577
3484,1625451642.559035,0.0,-0.03338000923395157,-0.001912902109324932,0.010124150663614273,0.002642155725055481,0.002862979442446026,0.8407957046543727,-0.22972950339317322,-0.5018417835235596,0.05778420343995094,-0.015346349803052335,-0.14605576290764025,0.01956799801209493
3485,1625451642.5686436,0.0,-0.03238031640648842,-0.009305106475949287,0.012467097491025925,0.0005956709421485254,0.0037551680966049147,0.8405804876004167,0.2709448039531708,-0.6531093716621399,0.30386027693748474,-0.12688727541804182,-0.0347317104631138,0.01389593861716146
3486,1625451642.5787356,0.0,-0.032117992639541626,-0.010593543760478497,0.012507446110248566,0.00022071387405974557,0.005087061920654577,0.8396341244511203,-0.1146809384226799,0.17353582382202148,-0.16166026890277863,-0.1383951419673727,0.10393451743440653,-0.05203183833448214
3487,1625451642.5892644,0.0,-0.03127989545464516,-0.006844381336122751,0.010305795818567276,0.0013450017142935325,0.00532160336145724,0.838893672317623,0.13352568447589874,0.8180208206176758,-0.29055729508399963,0.008583536775858627,0.08839889592608731,-0.0874844381510899
3488,1625451642.5986166,0.0,-0.03252887725830078,0.002191264647990465,0.007034085690975189,0.0039246471515997985,0.006224199223715282,0.8383636344503311,-0.04011242836713791,0.8052376508712769,-0.18509608507156372,0.17526460566951102,0.06286639380184855,-0.06942519857560644
3489,1625451642.6087563,0.0,-0.03453471139073372,0.007674979977309704,0.007420115172863007,0.005528708139764256,0.0069871076481023975,0.8382877896827604,-0.2254684418439865,0.24810433387756348,0.19094227254390717,0.2266828360829799,0.08065089490786162,-0.03581816705097709
3490,1625451642.6190755,0.0,-0.03513961657881737,0.004966462962329388,0.01300421729683876,0.004796171088660282,0.00730930061249177,0.8381245109247228,0.0845235139131546,-0.5540397763252258,0.718248188495636,0.0741341368937902,0.06121440845412297,-0.012077984570428003
3491,1625451642.7169807,0.0,-0.03902939334511757,0.008413072675466537,0.01229780912399292,0.00563735901320718,0.00030815885901430695,0.8439090838955943,0.3337953984737396,-0.3569658696651459,-0.41625848412513733,0.017415873071337577,0.08212945779579824,-0.012998954762982236
3492,1625451642.7265482,0.0,-0.036493513733148575,0.008328904397785664,0.008445098996162415,0.005404100691876787,0.0011482209249007724,0.8435531539235965,0.6640273928642273,-0.09278029203414917,-0.4737827777862549,0.034948288074992624,0.11564755122155199,-0.026979991715475084
3493,1625451642.7368264,0.0,-0.03173835948109627,0.009999452158808708,0.0029482245445251465,0.006156812154968563,0.0006268318289228691,0.843654941543752,0.2379215955734253,-0.05762656033039093,-0.4226500689983368,0.021752919406827928,0.007033639104682537,-0.012411705672865361
3494,1625451642.746712,0.0,-0.025982188060879707,0.011177055537700653,-0.001590672880411148,0.006502034859747208,-0.00012146700553089529,0.8440330366335659,0.5223472118377686,0.051030416041612625,-0.4237153232097626,0.05082720052877024,-0.08952544760985678,0.025630218182347373
3495,1625451642.7576356,0.0,-0.02282743901014328,0.01474433671683073,-0.005035530775785446,0.007135803722158746,0.0056512512813132465,0.8439586308355507,0.6959853172302246,0.3173465132713318,-0.30014467239379883,0.04967927795193918,0.22834364682891511,0.02099300454700453
3496,1625451642.7670405,0.0,-0.01632814295589924,0.016646316275000572,-0.007068756967782974,0.007578706496753546,0.004242504946256609,0.8437674271698163,0.4744102954864502,0.18844953179359436,-0.15633393824100494,0.052232664852681944,0.2948413739545796,-0.012024473939128885
3497,1625451642.776664,0.0,-0.014743032865226269,0.018496781587600708,-0.00822986289858818,0.007696413288898543,-0.0008963398850670434,0.8460114828363924,0.17400573194026947,-0.052300237119197845,-0.1115928441286087,0.03347389689988249,-0.2846636719942409,0.09437144371990976
3498,1625451642.7864726,0.0,-0.010749363340437412,0.01638566330075264,-0.008977152407169342,0.007011095970762195,-0.002560815325698275,0.8483043738720346,0.1633530855178833,-1.2890722751617432,0.34114453196525574,-0.006755624054914693,-0.37839419014708364,0.21996751202218787
3499,1625451642.7967842,0.0,-0.017227767035365105,0.004079980775713921,-0.007146533578634262,0.0035977504593405693,0.0025717694864034746,0.8484435264164598,-0.9221513867378235,-1.5170389413833618,-0.15952973067760468,-0.18333289630830563,0.16782567745498111,0.13798496656352072
3500,1625451642.8071606,0.0,-0.015038001351058483,-0.005363299045711756,-0.012828227132558823,0.0010248828600330287,0.0024281551437878995,0.8460278472936524,-0.04330822080373764,-0.04697391390800476,-1.0703308582305908,-0.3232545132970243,0.29259912103372454,-0.0981948972357756
3501,1625451642.9101925,0.0,-0.0314466767013073,0.015348298475146294,-0.008486207574605942,0.005377284439491828,-0.0031503660460236727,0.8505808816410475,0.0941108912229538,0.07659675925970078,0.2356833815574646,0.13672230525820311,0.23136647891172887,-0.11442988913256356
3502,1625451642.9201252,0.0,-0.030229423195123672,0.015031789429485798,-0.006321512162685394,0.005378862300912383,-0.0042205079434625425,0.850723670013448,0.19211521744728088,0.023333536460995674,0.217573881149292,0.29867435545447585,0.1732656612375826,0.012109089532400008
3503,1625451642.9304206,0.0,-0.029712045565247536,0.01564524881541729,-0.004699297249317169,0.005638350613370424,-0.005976199634248426,0.8508754711947326,0.02380344085395336,0.07766202092170715,0.16857171058654785,0.0182869393111022,-0.1417326965904261,0.015287430524291329
3504,1625451642.939793,0.0,-0.029267510399222374,0.013410339131951332,-0.0024960339069366455,0.005125717393777589,-0.006293401494549558,0.8507884555791304,0.09091509878635406,-0.6073029637336731,0.37736353278160095,8.271528396672715e-05,-0.12459186451426943,0.007887789177040003
3505,1625451642.9500911,0.0,-0.02859828621149063,0.006033823825418949,0.0013292618095874786,0.0031603528485550578,-0.006013466955775655,0.8503214874794993,0.130329892039299,-0.6903936266899109,0.34434032440185547,-0.11075357617823965,-0.01035095219722968,-0.026002792348061222
3506,1625451642.9602194,0.0,-0.0282962154597044,0.0007022676290944219,0.004250414669513702,0.0017229250701193896,-0.007228620332255006,0.8502300506433258,0.1441783308982849,-0.2578962743282318,0.08548107743263245,-0.17729870559521607,-0.03191573264510299,-0.030860228694300853
3507,1625451642.9698088,0.0,-0.02804315835237503,0.00534549355506897,0.002659294754266739,0.003102802122891636,-0.008698333587724115,0.8501720083288563,-0.01880713738501072,0.8680883049964905,-0.30014467239379883,-0.032368173559986786,-0.1317987692556956,-0.009653434123130819
3508,1625451642.979755,0.0,-0.0280202217400074,0.01381917204707861,-0.00038883835077285767,0.005596826561582641,-0.009336724115388606,0.8499424306308023,-0.03691663593053818,0.8553051352500916,-0.19148766994476318,0.1835675910243464,-0.11804907032353351,-0.014265399479398908
3509,1625451642.9897904,0.0,-0.02941800095140934,0.020048359408974648,-0.0017698369920253754,0.007492213897845074,-0.009041128160651696,0.8498411410815717,-0.025198722258210182,0.13199050724506378,0.004520982038229704,0.24120663696375633,-0.023888940387486624,-0.019542306418039085
3510,1625451642.9997153,0.0,-0.028036044910550117,0.01681513711810112,0.001111447811126709,0.00682544205367458,-0.01655701428085471,0.8561852754761234,0.0983719527721405,-0.6445872187614441,0.292142391204834,0.23873498050119274,-0.023350002761131226,-0.01834713344476176
3511,1625451643.1007671,0.0,0.0015589427202939987,0.025628479197621346,-0.006193004548549652,0.003604358447002534,-0.018923977031530065,0.8564497734750165,0.4136902391910553,-0.11195504665374756,0.22822652757167816,0.13391197014844403,-0.015191734072131407,0.003153719047768107
3512,1625451643.1105049,0.0,0.004578967113047838,0.026715565472841263,-0.005556158721446991,0.004014274977380397,-0.01828567700249159,0.8569030092250872,0.09091509878635406,-0.08532343804836273,0.01623889058828354,0.12446708710649707,-0.3047464698268674,0.02203422145821538
3513,1625451643.1206539,0.0,0.006918205413967371,0.022947074845433235,-0.005178235471248627,0.0030665432625686107,-0.018269809300554885,0.8569935681710035,0.27201005816459656,-0.8075727224349976,0.056718938052654266,-0.016690882772623122,0.018611249943695098,0.030939605380644455
3514,1625451643.1306248,0.0,0.008386540226638317,0.015792831778526306,-0.0041115544736385345,0.0012995905165738147,-0.015777805136602277,0.8570195722814481,-0.3181464374065399,-0.5551050305366516,0.07056737691164017,-0.12984501719146252,0.12324165285471109,0.00801872436120306
3515,1625451643.140619,0.0,0.0080861272290349,0.012412026524543762,-0.004504457116127014,0.0006165753982234415,-0.019728881224119227,0.8611551663365291,-0.14557361602783203,-0.2163509726524353,-0.11904969811439514,-0.13376111571278684,-0.009297762499638245,0.15434373564921558
3516,1625451643.1508596,0.0,0.005392745137214661,0.02064533531665802,-0.007148213684558868,0.0028787663649281897,-0.023046387323400586,0.8630283928671527,-0.7996459603309631,1.2366697788238525,-0.17550870776176453,0.04089006171188299,-0.3588041936618288,0.28478902056897837
3517,1625451643.1610928,0.0,0.0016066796379163861,0.02532627061009407,-0.008677318692207336,0.0045094578082452985,-0.019025617247587,0.8614483716394853,-1.176749587059021,0.3812623918056488,-0.04874224215745926,0.18234572511277122,-0.03856704150216627,0.045591480636177406
3518,1625451643.1704946,0.0,-0.0017614184180274606,0.024351995438337326,-0.00456671416759491,0.004539439026634173,-0.015173716328794912,0.860261328663558,-0.23399056494235992,-0.5274081826210022,0.9472800493240356,0.12316360186780125,0.41328625578073813,-0.14536897339181687
3519,1625451643.1810179,0.0,-0.004803522955626249,0.019249804317951202,0.004193928092718124,0.0033844090404891586,-0.015740833569841926,0.8607457572554551,-0.16474837064743042,-0.8832064867019653,0.8727115392684937,-0.03255110764793404,0.23482252468643813,-0.06070268166220933
3520,1625451643.1908147,0.0,-0.006276916246861219,0.009910652413964272,0.012138072401285172,0.0010359008066445144,-0.018258458930003225,0.8626239104750499,-0.19457577168941498,-0.9109033346176147,0.680963933467865,-0.17594164221840378,-0.13530184035026638,0.10417768640178118
3521,1625451643.2887342,0.0,-0.029700592160224915,0.00828807707875967,0.007217593491077423,-8.613051845282604e-05,-0.009121597361301984,0.8618628915196469,-0.06993982940912247,0.12346839159727097,-0.5036101341247559,-0.11494153536783759,0.22401513121191444,0.1055573690087758
3522,1625451643.298569,0.0,-0.03034369647502899,0.008850921876728535,0.0025661252439022064,5.3475874367450715e-05,-0.008977243120909424,0.8618680797109474,-0.007089228369295597,0.1032283678650856,-0.38323527574539185,0.016897444193808456,0.38802364292547403,0.0066685333729149246
3523,1625451643.308566,0.0,-0.031087739393115044,0.007944021373987198,-0.0002532191574573517,-0.00019333929430144503,-0.01046761813033327,0.8618334939588254,-0.17646627128124237,-0.3282037377357483,-0.2234456092119217,0.002074141034755822,-0.05656753665878875,-0.0031371036218067094
3524,1625451643.318505,0.0,-0.03211512789130211,0.004278069362044334,-0.0017045177519321442,-0.001240317051770197,-0.009952784170203288,0.8617263920552274,-0.002828170545399189,-0.368683785200119,-0.1669865846633911,-0.056590116001554114,-0.06295099554030795,-0.00589911134955067
3525,1625451643.3284621,0.0,-0.03289276733994484,0.0014207664644345641,-0.0030685365200042725,-0.0021033112978499705,-0.008891238631050194,0.8613967414426711,-0.006023963913321495,-0.24511310458183289,-0.10094019770622253,-0.09673534669204842,0.07256890063207727,-0.019254099064425965
3526,1625451643.3385172,0.0,-0.03226626664400101,0.0007118179928511381,-0.004016708582639694,-0.0023048135148157067,-0.008988062098190669,0.8612289983424674,0.16122254729270935,0.08405360579490662,-0.08070017397403717,-0.061618647237612345,0.05686442875169985,-0.026063971995536485
3527,1625451643.34863,0.0,-0.03211468085646629,0.0031383910682052374,-0.004556238651275635,-0.0034554601633770138,-0.011306987870923046,0.8673017762831098,0.0706750750541687,0.35995709896087646,0.015173625200986862,-0.026685982335680345,0.01669394815174078,-0.01702337395401268
3528,1625451643.3584073,0.0,-0.03317344933748245,0.006033503916114569,-0.003383081406354904,-0.0020270470932507306,-0.010825905687218473,0.8690028156026534,-0.24357794225215912,0.1777968853712082,0.2399444282054901,2.8428541986262073e-05,0.002764845359097039,-4.087669259934023e-05
3529,1625451643.3691452,0.0,-0.03247540816664696,0.0031646694988012314,-0.0001910477876663208,-0.0024090014645793967,-0.012818672994515862,0.8713330915524148,0.09091509878635406,-0.19611094892024994,0.3560582399368286,0.027611632362717946,-0.050263427473502785,0.12449043674574947
3530,1625451643.3783875,0.0,-0.03638911247253418,0.0012529987143352628,0.003498818725347519,-0.0031467647527821108,-0.011306504985377441,0.8712680200014811,-0.43212974071502686,-0.6104987859725952,0.3901467025279999,-0.03533825436874354,-0.031322562781207236,0.12374507064366508
3531,1625451643.4872696,0.0,-0.0004558481741696596,0.02309415489435196,-0.00691596046090126,0.0033546618034447154,0.002128804241537108,0.8703938552795347,0.19424575567245483,0.019072478637099266,-0.2969488799571991,0.45702734017984986,-0.5884133686145955,0.07017202936435639
3532,1625451643.4978168,0.0,-0.0024182067718356848,0.01769062504172325,-0.007873188704252243,0.0018592273670849854,0.004026245723425963,0.8735076938067534,-1.0126988887786865,-0.5689534544944763,0.05565367639064789,0.29304386700582175,-0.37125688858756384,0.19088993405638785
3533,1625451643.5082564,0.0,-0.007073262706398964,0.008465046063065529,-0.009754873812198639,-0.000532479599001788,0.005108396902586736,0.8738680037846631,-0.7857975363731384,-0.5295386910438538,-0.6293113231658936,-0.18284528842780587,0.15618476927726047,0.17795226980572654
3534,1625451643.517693,0.0,-0.008655540645122528,0.006713605485856533,-0.017716573551297188,-0.0007577829967162983,0.00448438898361616,0.8740223869276618,-0.526938259601593,0.5889890193939209,-0.7901662588119507,-0.16236844739335307,0.060687096518058675,0.03650532974861743
3535,1625451643.527488,0.0,-0.01219472661614418,0.010215363465249538,-0.026201758533716202,0.0005403886143139219,0.005183719538465734,0.8745437098457784,-0.5056329369544983,0.2832580506801605,-0.7933620810508728,0.0337660026345643,0.00540628690986442,0.03147761316856828
3536,1625451643.5375478,0.0,-0.01275230199098587,0.013588763773441315,-0.0341082364320755,0.001890251278155633,0.006017531870333159,0.875028961854164,-0.25636109709739685,0.3578265607357025,-0.24794669449329376,0.13357507705636534,0.06224329632401097,0.049214018244319965
3537,1625451643.5475285,0.0,-0.01857829838991165,0.020448191091418266,-0.03340090066194534,0.00410053903889019,0.008871816204247505,0.8750932152527586,-0.7527742981910706,0.6667532920837402,0.09613372385501862,0.18296775552070219,0.1781733777654368,0.031691984646522856
3538,1625451643.558145,0.0,-0.02301712892949581,0.022005915641784668,-0.03121507726609707,0.004790775391955021,0.0110033046987804,0.8754410797163673,-0.30749380588531494,-0.038451798260211945,0.40079936385154724,0.172272863035454,0.25992454651806496,0.017613478161225726
3539,1625451643.5674984,0.0,-0.024706972762942314,0.016231054440140724,-0.025541458278894424,0.0031609890562261447,0.011919929573474541,0.8757672319702385,-0.04011242836713791,-0.9172949194908142,0.6671155095100403,-0.01859048468693227,0.17195084383584167,0.031381623799050434
3540,1625451643.5775855,0.0,-0.029502838850021362,0.010709596797823906,-0.021516762673854828,0.0017402915475579483,0.013449013051644594,0.8757250082055571,-0.4150855243206024,-0.46349233388900757,0.05565367639064789,-0.1541051291787588,0.1232406892034264,0.019113259421374696
3541,1625451643.6854641,0.0,-0.04183773696422577,0.02247021347284317,-0.009741023182868958,0.005973760184448541,0.02460490360350584,0.8722493691873705,0.07813192903995514,0.03505144640803337,0.1291569322347641,0.06092489512344824,0.24081182548772598,-0.028603416681263396
3542,1625451643.6948311,0.0,-0.041860755532979965,0.022535540163517,-0.008667323738336563,0.007343807237520539,0.022736142593515293,0.8790353798220454,0.09730668365955353,-0.01821177639067173,0.09506846219301224,0.14279754604269781,0.20117538686447142,-0.034441997068138164
3543,1625451643.7054365,0.0,-0.04173339903354645,0.02169162780046463,-0.007867202162742615,0.007214898332140063,0.021260293763762678,0.880495815853789,0.026999235153198242,-0.1609572172164917,0.07163264602422714,0.1459221106692003,0.19109081504031952,-0.027076606939239904
3544,1625451643.7154036,0.0,-0.04189689829945564,0.02106424979865551,-0.007223509252071381,0.006689965573475856,0.018995456690767035,0.8833191277669779,-0.006023963913321495,-0.17374038696289062,0.0503273531794548,0.1478240398551263,0.1825755833878284,-0.021444759768381075
3545,1625451643.7257416,0.0,-0.04467075318098068,0.022375836968421936,-0.007951788604259491,0.006789919947759557,0.01857446796933071,0.8841325776344006,-0.4491739869117737,0.15755686163902283,-0.181900292634964,0.008755210042205433,-0.08688078803583942,0.1520745318858585
3546,1625451643.735478,0.0,-0.04634885862469673,0.023316482082009315,-0.009881526231765747,0.006996305616778484,0.019286158581257956,0.8841969624009598,-0.2212073802947998,0.1916453242301941,-0.12650653719902039,0.014493623415923649,-0.01802065132199049,0.05981468890022626
3547,1625451643.7451937,0.0,-0.052459124475717545,0.028357747942209244,-0.011674445122480392,0.008802158593334483,0.026268214506034365,0.882751795350102,-0.21055473387241364,0.606033205986023,-0.10094019770622253,0.09507144130903128,0.37284175420734855,-0.06095670817692153
3548,1625451643.7551272,0.0,-0.05047130212187767,0.02927282452583313,-0.012838643044233322,0.008546248519510566,0.021342686592066132,0.8831523466112351,-0.3277338445186615,0.6603617072105408,-0.10839705169200897,0.07590629468290946,0.1806976526623799,-0.07000964716748005
3549,1625451643.7653391,0.0,-0.05195354297757149,0.03756112605333328,-0.014393318444490433,0.010470832615509587,0.015209218936623262,0.8842353968357712,-0.4534350335597992,1.0044420957565308,0.10678637027740479,0.08005566167044245,-0.5176694835443635,0.06443534927273596
3550,1625451643.7753088,0.0,-0.05441734939813614,0.04376756027340889,-0.012715373188257217,0.01164269135070932,0.02080949259363432,0.8831081330959094,0.014216060750186443,0.33758655190467834,0.2676413059234619,0.1543983602693199,-0.1744060209018094,0.021190348300979375
3551,1625451643.8730674,0.0,-0.03977132961153984,0.05372361093759537,0.033874887973070145,0.01373141717967847,0.026091897993328048,0.8819400026168845,-0.14450834691524506,0.4238729774951935,0.21650861203670502,0.15208072464409605,0.15297998560751486,-0.06071859929788141
3552,1625451643.8825843,0.0,-0.04030745103955269,0.05612100288271904,0.03839483484625816,0.014474183273457134,0.02672095160210164,0.8826267430625674,-0.41828131675720215,0.21082007884979248,0.577633261680603,0.1339446704477518,-0.0027102859661758756,0.015054807513950406
3553,1625451643.8928893,0.0,-0.04561099410057068,0.055804017931222916,0.04308171197772026,0.014460464798143793,0.027582290429255044,0.8835540446223407,-0.585527777671814,-0.25576576590538025,0.37736353278160095,0.052342786999958736,0.07325088175033724,0.07857213241884528
3554,1625451643.9025571,0.0,-0.050584111362695694,0.05270734056830406,0.04570908471941948,0.013635098892691384,0.028851576107823393,0.8837646556931384,0.07493613660335541,-0.627543032169342,0.13661378622055054,-0.021497256369879814,0.09939576754100028,0.05932052586968856
3555,1625451643.9127548,0.0,-0.0509975366294384,0.04649810865521431,0.047374237328767776,0.012189875940787222,0.028547313552038107,0.8842291075008719,-0.14983466267585754,-0.6435219645500183,0.07482843846082687,-0.09714447313318507,0.04503968561843342,0.03465207940731725
3556,1625451643.9227617,0.0,-0.054896265268325806,0.04860547184944153,0.046142902225255966,0.013208939731313228,0.030440721301099143,0.8841391725139736,-0.36182230710983276,0.40682873129844666,-0.18829187750816345,-0.046775520517534905,0.0652281644033036,0.020989124752537718
3557,1625451643.932731,0.0,-0.05732132866978645,0.053071100264787674,0.043487872928380966,0.01477336885743244,0.03189606496879495,0.8839625386510237,-0.05502612888813019,0.31415072083473206,-0.2138582319021225,0.10864097932641895,0.16744111842481307,-0.012507939440050709
3558,1625451643.94339,0.0,-0.05961771681904793,0.05539809539914131,0.04270676150918007,0.015598454393780575,0.033131505298852754,0.8837464950822096,-0.23825161159038544,0.16714423894882202,0.02263047732412815,0.1256241338036933,0.13670533641152305,-0.01975021310687342
3559,1625451643.9527798,0.0,-0.06126871332526207,0.05468340963125229,0.04272899404168129,0.01546130280560419,0.03457529880962024,0.8833488572752858,0.11328565329313278,-0.3196816146373749,0.009847303852438927,0.05068515652900219,0.13362984103042766,-0.02967972568478729
3560,1625451643.9625518,0.0,-0.062019411474466324,0.05199425294995308,0.04214445874094963,0.014828188083666635,0.035918469578813964,0.8828173235322401,0.021672913804650307,-0.30583319067955017,-0.14142024517059326,-0.030365599085747756,0.1438529689288752,-0.04734370034334145
3561,1625451644.0681636,0.0,-0.0723428726196289,0.03371916711330414,0.027992602437734604,0.010204499588610139,0.022083702223810495,0.889902286856049,-0.01880713738501072,-0.22061201930046082,-0.06259068101644516,-0.1252901810669884,0.07436500616932559,-0.023408775870413383
3562,1625451644.0782483,0.0,-0.07430968433618546,0.031232617795467377,0.02844388410449028,0.010284320534463126,0.022430466806102056,0.8911453109748884,-0.06461350619792938,-0.10449820011854172,-0.004001133609563112,-0.14321940444570339,-0.0003781170738506648,0.1670869081440235
3563,1625451644.088473,0.0,-0.07564893364906311,0.0242485199123621,0.02970113977789879,0.009134566697309443,0.02305596964444455,0.8908844447191195,0.31035956740379333,-1.0429961681365967,0.13235272467136383,-0.05477424974339086,0.03454821765881219,0.07088335717305363
3564,1625451644.098197,0.0,-0.07665989547967911,0.015255077742040157,0.03070938214659691,0.007046555812070657,0.023154779561622263,0.8907759177354801,0.3540354073047638,-1.1750890016555786,-0.1254412829875946,-0.15325693935701054,0.04615803418178021,-0.01411818394060824
3565,1625451644.1081114,0.0,-0.07523676007986069,0.009324784390628338,0.02859732136130333,0.006051556364962199,0.02118449191027251,0.8903833087317019,0.2102247178554535,-0.5316691994667053,-0.3150583505630493,-0.1690490704016166,-0.07366863526635634,-0.027242238999305654
3566,1625451644.1185136,0.0,-0.07509401440620422,0.004483428318053484,0.02498292550444603,0.005167260229340498,0.021462604614308767,0.8902679890460019,0.15589623153209686,-0.25683102011680603,-0.39708372950553894,-0.10820301402939791,-0.10791078561305373,-0.024493537032187516
3567,1625451644.128088,0.0,-0.0732959657907486,0.000981353223323822,0.02171485498547554,0.0045706915400406944,0.024543312493046768,0.8888918118865956,-0.03904716297984123,-0.22806887328624725,-0.3161236345767975,-0.08464974695826356,0.14553491349210645,-0.07201853225537207
3568,1625451644.1382904,0.0,-0.07086963206529617,0.0009789328323677182,0.01805567368865013,0.0051572395065441895,0.02265737512501094,0.8888260227409897,0.30929431319236755,0.29497596621513367,-0.4684564471244812,-0.019952862258796222,0.11115814745354974,-0.08864244706480053
3569,1625451644.1492372,0.0,-0.0684661939740181,0.0032983501441776752,0.013358209282159805,0.006548462505311645,0.017190873270899035,0.8912097196418747,-0.14344307780265808,0.1309252381324768,-0.3672563135623932,0.09161041977386755,-0.3519239602225851,0.09862147705266479
3570,1625451644.1585705,0.0,-0.06653822958469391,0.002220745896920562,0.01176142692565918,0.00606663350333983,0.020608140917397974,0.8918208625610309,0.07813192903995514,-0.22913414239883423,-0.070047527551651,0.0686722801993126,-0.20767091431243864,0.18532113654710666
3571,1625451644.2601178,0.0,-0.04616837203502655,-0.03924405574798584,-0.011621277779340744,-0.0066123978446425355,0.022815821967799715,0.8920326048832948,-0.11148514598608017,-0.35803115367889404,-0.2095971703529358,-0.520333440723895,-0.08435989471654688,0.05498844371854359
3572,1625451644.2696142,0.0,-0.04807257279753685,-0.0442897230386734,-0.013476740568876266,-0.008226300915058778,0.023550048920477677,0.8916169726219898,-0.08485353738069534,-0.47840601205825806,-0.22877192497253418,-0.5967033032782277,-0.14820755108325046,-0.02851824122461055
3573,1625451644.2799342,0.0,-0.04930722713470459,-0.04777759686112404,-0.015489937737584114,-0.009455835715855926,0.024329563845161224,0.8912945462833539,-0.056091394275426865,-0.20356778800487518,-0.19148766994476318,-0.15679239778752038,0.07020638901494994,-0.03664482895356571
3574,1625451644.28957,0.0,-0.05066947266459465,-0.04815460741519928,-0.01811743900179863,-0.009920852945898978,0.025247895573104,0.890962665875139,-0.11787673085927963,0.20336322486400604,-0.3331678509712219,-0.09749013120736219,0.08568992867120684,-0.03286933177035427
3575,1625451644.2996778,0.0,-0.05321219936013222,-0.04399774223566055,-0.022711824625730515,-0.009038074225674958,0.0254707532930182,0.8905685637584704,-0.433195024728775,0.492049902677536,-0.2788393795490265,0.009697199970689933,0.05939021416130072,-0.03770512731623845
3576,1625451644.310102,0.0,-0.05719343200325966,-0.03958801552653313,-0.02203267067670822,-0.008315114394270712,0.025855098581795917,0.8904173975649352,-0.27873167395591736,0.49524569511413574,0.16324539482593536,0.07862027939654329,0.031032064749558587,-0.030641359353522087
3577,1625451644.3194528,0.0,-0.06018083170056343,-0.04011264443397522,-0.01889755204319954,-0.009140155616581568,0.026350455713877827,0.8902544318028877,-0.034786105155944824,-0.38998907804489136,0.44127941131591797,0.01346286578052454,0.048188717341758704,-0.016937180842598026
3578,1625451644.3293839,0.0,-0.06034799665212631,-0.046942904591560364,-0.015150057151913643,-0.011817465891562705,0.026044064519545815,0.8900560973687209,0.11115512251853943,-0.37614062428474426,0.05884946882724762,-0.1590717066383673,0.015176366529081605,-0.017721332033304952
3579,1625451644.3395972,0.0,-0.0609939880669117,-0.0503557063639164,-0.015075286850333214,-0.013210085414225893,0.0265266055004394,0.889600902732493,0.06321822106838226,-0.17267511785030365,-0.07217805832624435,-0.2103973553464844,0.005034288594886441,-0.029685410000714365
3580,1625451644.3494,0.0,-0.06097514182329178,-0.05068571865558624,-0.01615733839571476,-0.013557634996858865,0.027450470955164376,0.8890781861705237,0.1260688304901123,0.015876686200499535,-0.11585389822721481,-0.09889515374083825,0.06250613975538821,-0.047123574418108535
3581,1625451644.4535632,0.0,-0.06382014602422714,-0.033317357301712036,-0.0040923915803432465,-0.010959115318216181,0.015495519206098152,0.8941154419843625,0.2560310959815979,0.8925893902778625,0.2719023525714874,0.10330283858512683,0.05339353262909994,-0.024996514489793967
3582,1625451644.463361,0.0,-0.06186692789196968,-0.027956871315836906,0.00010482221841812134,-0.01043906576770462,0.015416789819047538,0.8938097348518892,0.5681536197662354,0.5985763669013977,0.4732373356819153,0.20678330544970125,-0.012833107293969328,-0.0021059571006088814
3583,1625451644.4733286,0.0,-0.05627588555216789,-0.021412473171949387,0.0041937269270420074,-0.009585299223464322,0.014762053106296844,0.8932393801423665,0.15696150064468384,0.9628968238830566,0.4636499583721161,0.0763849920820808,-0.04402808339440468,-0.04252926262973701
3584,1625451644.4832666,0.0,-0.05218217894434929,-0.015107437036931515,0.008707314729690552,-0.008334604827562264,0.016939752653202883,0.8921012001461797,0.20276786386966705,0.6007068753242493,0.5914817452430725,0.10787330387277573,0.05659010371898795,-0.08092391848079858
3585,1625451644.4935899,0.0,-0.04597970098257065,-0.016197944059967995,0.016277458518743515,-0.009595425467394808,0.017813989374743572,0.8917197976969509,0.8323391675949097,-0.7212862968444824,1.0964170694351196,0.034517131354799974,0.18699035749469722,-0.08154155360452836
3586,1625451644.5032587,0.0,-0.04474782943725586,-0.01899227499961853,0.02763352170586586,-0.011413774431083018,0.011563946363997601,0.8938458406472636,0.12287303805351257,-0.045908648520708084,0.7597935199737549,-0.14979319249109577,-0.19771926277694346,0.06329175306605347
3587,1625451644.5134706,0.0,-0.043689750134944916,-0.017738178372383118,0.03163871541619301,-0.011520227439815345,0.011770631979286239,0.8950450024817231,-0.06993982940912247,0.11175048351287842,0.11211269348859787,-0.1246993536122966,-0.3808577299233774,0.17616282732748434
3588,1625451644.5236242,0.0,-0.04235837236046791,-0.016890350729227066,0.03140385076403618,-0.0114545439600887,0.0217952622680557,0.8921942275231879,0.7460527420043945,0.12027259916067123,-0.09667914360761642,-0.014166543585076071,0.46657089427127896,-0.03980811870804898
3589,1625451644.5331252,0.0,-0.037493057548999786,-0.013157293200492859,0.02989494428038597,-0.010498541496364325,0.019544235028929324,0.8922351197226277,-0.44065186381340027,0.9085683226585388,-0.1488770991563797,0.037088776113085274,0.521355944858671,-0.16537872930649694
3590,1625451644.5430639,0.0,-0.03716401383280754,-0.004971637390553951,0.028055507689714432,-0.008891903328465164,0.012271633952803104,0.8960797406910739,0.34657856822013855,0.7232123017311096,-0.04128538817167282,0.12766888154601796,-0.4176743982313142,0.15669982250163514
3591,1625451644.6441684,0.0,-0.0417197048664093,0.008878459222614765,0.0476033054292202,-0.004229941999289839,0.01605820340600682,0.9014789662759068,-0.004958699457347393,-0.03951706364750862,-0.046611711382865906,0.2907739569162854,-0.2942505957478348,0.21502913948475946
3592,1625451644.6541476,0.0,-0.041640814393758774,0.008936789818108082,0.04713571444153786,-0.0041314071171119834,0.01651172930683901,0.9012516641461223,-0.03159031271934509,-0.03951706364750862,-0.06259068101644516,0.2110226143628315,0.11628399024336003,0.00802236855477767
3593,1625451644.6643608,0.0,-0.04202043265104294,0.008706476539373398,0.04623949155211449,-0.004064777959901303,0.016705235774347432,0.9010372972027733,-0.010285021737217903,-0.11728136986494064,-0.09241808205842972,0.011585517231904886,0.03748502344353495,-0.02128466429431174
3594,1625451644.6739564,0.0,-0.04222960025072098,0.0073868026956915855,0.04493698850274086,-0.0042943416919223945,0.01625607219475516,0.9011558933275026,0.005693945102393627,-0.25256994366645813,-0.17124764621257782,-0.006690823868371693,-0.00485196317304601,-0.008772197557784855
3595,1625451644.6841402,0.0,-0.042041923850774765,0.005424981005489826,0.043052706867456436,-0.004720308707484848,0.01577897860416619,0.9012434091996147,-0.04011242836713791,-0.17800144851207733,-0.2095971703529358,-0.03280861278460172,-0.0499966030964657,0.009828342950959077
3596,1625451644.6944818,0.0,-0.04247128218412399,0.005434201564639807,0.04088940843939781,-0.004652063122627649,0.016408203927575714,0.9009833437968858,0.001432887278497219,-0.022472834214568138,-0.2330329865217209,-0.021341916764802512,-0.001334699162413988,-0.005078693938989838
3597,1625451644.7041337,0.0,-0.04286897927522659,0.007003894541412592,0.038786012679338455,-0.004149022451132467,0.01691001579036125,0.9007898624956423,-0.016676606610417366,0.17673161625862122,-0.18509608507156372,0.02335673897035175,0.05721470982739714,-0.02269686548251274
3598,1625451644.7141056,0.0,-0.04351744055747986,0.00840144045650959,0.036933038383722305,-0.0036777179034843885,0.01734443364231935,0.9007792122714147,-0.11041988432407379,0.06807464361190796,-0.1531381458044052,0.04816349413574072,0.04811139476200636,-0.012575595944381018
3599,1625451644.7241907,0.0,-0.04367758706212044,0.007398504298180342,0.03543970361351967,-0.003929369451908013,0.017581886608402333,0.9007157990753731,0.01208553183823824,-0.2078288495540619,-0.1542034149169922,0.01758821746687955,0.036111067284327086,-0.0031533947214881695
3600,1625451644.7341287,0.0,-0.044353555887937546,0.005208223592489958,0.03422681614756584,-0.0045476357581159255,0.01798723675045546,0.9006584838904869,-0.04756927862763405,-0.2632226049900055,-0.1307675987482071,-0.039485642117533436,0.03535872113638199,-0.0061774556221811374
3601,1625451644.8384428,0.0,-0.057082585990428925,-0.037038154900074005,0.021321509033441544,-0.010790408715441138,0.007474552991470845,0.9181063227847639,0.14843937754631042,-0.5774756073951721,-0.3076015114784241,-0.465826171323837,0.1420884691135961,0.019554344297790776
3602,1625451644.8482475,0.0,-0.05749887228012085,-0.03793882578611374,0.017887134104967117,-0.010439009893923781,0.008646840924366461,0.918188228472079,-0.08591879904270172,0.06700937449932098,-0.3438205122947693,-0.45820758382606525,0.19599317870959432,0.02971031146976674
3603,1625451644.858364,0.0,-0.05744516849517822,-0.040918949991464615,0.015898846089839935,-0.010520250647249846,0.007064859309753757,0.9188225189148967,0.05256558209657669,-0.48692813515663147,-0.22983719408512115,0.008193973134339257,0.0009783269164702873,0.036543826254906674
3604,1625451644.8687003,0.0,-0.057557038962841034,-0.043557360768318176,0.013336479663848877,-0.010714396215712227,0.008434910079854918,0.9193542325588904,-0.17220522463321686,-0.4752102196216583,-0.22451086342334747,-0.0025055374494673253,-0.03613933554592433,0.06408204934387242
3605,1625451644.8782854,0.0,-0.05754275619983673,-0.046882033348083496,0.010985448956489563,-0.011970637539322412,0.01389447837368582,0.9189896649122522,0.2325952798128128,-0.22274255752563477,-0.283100426197052,-0.06867914996707711,0.31640261688157667,0.0187746660602617
3606,1625451644.8883033,0.0,-0.05825551599264145,-0.0506032332777977,0.01023583859205246,-0.01236524310896582,0.012758374041887066,0.9198563792409982,-0.156226247549057,-0.5465829372406006,-0.011457985267043114,-0.08761431899396604,0.29873214350107236,0.011053677180158171
3607,1625451644.8984828,0.0,-0.057593926787376404,-0.055431853979825974,0.008098278194665909,-0.012932364588351786,0.0071798844389072275,0.924092652870452,0.062152959406375885,-0.5295386910438538,-0.49402278661727905,-0.048887562138114404,-0.26872390619841663,0.18119655791061604
3608,1625451644.9081604,0.0,-0.0577823780477047,-0.05791766196489334,0.004669647663831711,-0.013497706238637011,0.0052752849981054645,0.9290717086390579,-0.27873167395591736,-0.2355257272720337,-0.2681867182254791,-0.048929019827088006,-0.40533863181816787,0.447473880437445
3609,1625451644.918196,0.0,-0.05642000958323479,-0.060379233211278915,0.00024056807160377502,-0.014640672916803911,0.008348492075457917,0.9288795865628094,-0.037981897592544556,-0.3175510764122009,-0.3257110118865967,-0.08262077084472888,-0.005398030560172543,0.30681018940716975
3610,1625451644.9282606,0.0,-0.05915471166372299,-0.059891100972890854,-0.0031252019107341766,-0.014873931644677867,0.011069687912328409,0.9272290550523119,0.3625575304031372,-0.16308774054050446,-0.41519322991371155,-0.07902824725004702,0.2952809533660181,-0.06647711427495115
3611,1625451645.0281081,0.0,-0.06486988812685013,-0.056282661855220795,-0.006483498960733414,-0.017293443110697568,0.009301211207034782,0.9290456709156678,0.04510872811079025,0.019072478637099266,0.1334179937839508,0.03623921602616723,0.26490041037462797,-0.09211500060534042
3612,1625451645.037499,0.0,-0.06487636268138885,-0.05635542422533035,-0.0052008256316185,-0.017629433668815427,0.009310701924181673,0.929035699300421,0.04936978593468666,0.10003257542848587,0.1248958632349968,0.03566016735096987,0.10699772645593246,-0.006422768361118748
3613,1625451645.0474524,0.0,-0.06469044089317322,-0.054849542677402496,-0.0040556080639362335,-0.017540682581736897,0.009370045049375962,0.9290207025115323,0.08239298313856125,0.26195278763771057,0.13022220134735107,-0.016362144870024173,0.003906536562227179,0.00019533182714942676
3614,1625451645.0575268,0.0,-0.0648137703537941,-0.0528375618159771,-0.0029885433614253998,-0.017293581059432343,0.009750998630608444,0.9288613498758251,0.014216060750186443,0.19377584755420685,0.09932951629161835,0.01662668259331412,0.01865894641699402,-0.007064111857272286
3615,1625451645.0676093,0.0,-0.06395653635263443,-0.05111687630414963,-0.002245001494884491,-0.01707604165373308,0.009711953294739992,0.9288459965405154,0.05363084375858307,0.22040745615959167,0.0737631693482399,0.023695950846885583,0.01828745634286137,-0.0090767867380326
3616,1625451645.0777378,0.0,-0.06306646019220352,-0.04933241754770279,-0.0018303059041500092,-0.016905816292756143,0.009708970031837662,0.9288407835153208,0.08345825225114822,0.2470390647649765,0.04073997214436531,0.019138329035031515,-0.0004240408770981613,-0.001349639514639707
3617,1625451645.0883136,0.0,-0.06192073971033096,-0.047371722757816315,-0.0016514509916305542,-0.016667505928802923,0.009629610774573832,0.9288368948321052,0.09091509878635406,0.2800622582435608,0.01943468302488327,0.02063312740394803,-0.0033539572233217997,-0.0008093845369532573
3618,1625451645.0977037,0.0,-0.06109738349914551,-0.04502673074603081,-0.0016861781477928162,-0.016295211192478752,0.009543487979416947,0.9287933259325882,0.1313951462507248,0.2853885889053345,0.013043097220361233,0.032629359320695495,-0.006476595458123976,-0.00259728954562384
3619,1625451645.1076105,0.0,-0.0603056438267231,-0.04259486496448517,-0.0017861798405647278,-0.01675922315571371,0.001967441434505529,0.9397351474686357,0.07387086749076843,0.25449591875076294,0.004520982038229704,0.04405658071565001,-0.01239445768139873,-0.00464211901702452
3620,1625451645.1179655,0.0,-0.05964697152376175,-0.03979538753628731,-0.002217371016740799,-0.01677177919217042,0.002321223003375783,0.9405650663910844,0.03232555463910103,0.5112246870994568,-0.06472120434045792,0.04375323753667989,-0.016328554885264888,0.0010497765662646587
3621,1625451645.2187269,0.0,-0.02648293785750866,0.017804836854338646,0.035226356238126755,-0.01318768626049209,0.005975323581308353,0.9407838550608008,0.2666837275028229,0.4473087787628174,0.8780378699302673,0.29565507585580864,-0.11785891330605279,-0.005737219687334211
3622,1625451645.2287555,0.0,-0.021375859156250954,0.022517487406730652,0.04344189539551735,-0.012561442907324513,0.006805940297813479,0.9411107258675964,0.4360607862472534,0.3919150233268738,0.8652547001838684,0.7074861635791933,-0.3244745102331767,0.10335099410158051
3623,1625451645.2385864,0.0,-0.018939046189188957,0.02679312787950039,0.05259428545832634,-0.011539125525406285,0.01195461585147825,0.9406497926148752,-0.015611344017088413,0.2832580506801605,0.8993431329727173,0.09214005214082746,0.2707054852179103,0.0012482775953961218
3624,1625451645.2484214,0.0,-0.016924645751714706,0.028259146958589554,0.06346838176250458,-0.01182846501768562,0.01218880729328195,0.9411420847769021,-0.1604873090982437,0.19377584755420685,1.310535192489624,0.05269444533978228,0.31523126463902607,-0.00763539019093939
3625,1625451645.258575,0.0,-0.012511392123997211,0.026204511523246765,0.078091561794281,-0.011992664001349913,0.006096071775880042,0.9447328711693861,-0.32986435294151306,-0.16308774054050446,1.3797773122787476,-0.02201382750706781,-0.26303679883993486,0.2008214583840688
3626,1625451645.2686315,0.0,-0.013352848589420319,0.02807529643177986,0.08692865073680878,-0.011402586349552192,0.010432430745496095,0.941667451669314,-0.13918201625347137,0.2001674324274063,0.6021343469619751,0.010783560866715261,-0.13374473383311272,0.04914434022777291
3627,1625451645.278579,0.0,-0.020123600959777832,0.03649492934346199,0.08891776204109192,-0.00912395558320744,0.01804092764666044,0.9382470781253783,-1.264101266860962,1.0598357915878296,0.2410096973180771,0.11407939290721947,0.54895976810339,-0.31920317859707953
3628,1625451645.2886472,0.0,-0.022610081359744072,0.04002680256962776,0.09291929006576538,-0.007679425187915985,0.017359153804977052,0.9392119137871053,-0.05822192132472992,-0.38998907804489136,0.5584585070610046,0.20125040291988544,0.4342859858612765,-0.16296861890316394
3629,1625451645.2988544,0.0,-0.0265791192650795,0.03830798342823982,0.09964245557785034,-0.008013784337706945,0.01605555988493046,0.9417876043389,-0.417216032743454,-0.41768595576286316,0.5307616591453552,0.09312861181028123,-0.04179717401964071,0.15125101086046516
3630,1625451645.3087149,0.0,-0.029378294944763184,0.03337373584508896,0.10468935966491699,-0.009186742348174948,0.016230072969700436,0.943036108219282,-0.7059026956558228,-0.7191557884216309,0.5882859230041504,-0.07158570218588166,-0.08817048606103582,0.2085628378141064
3631,1625451645.4113805,0.0,-0.04054231196641922,0.01864500157535076,0.08044232428073883,-0.010375663908535837,0.03134445903149635,0.939746634323466,0.15163516998291016,-0.2355257272720337,-0.45673853158950806,-0.21771938813644942,0.13927417531254108,0.05880886909932353
3632,1625451645.4208553,0.0,-0.0399077907204628,0.015797896310687065,0.07523800432682037,-0.010762028856705904,0.03181419708394359,0.9396160442635328,0.11328565329313278,-0.2909194827079773,-0.43756377696990967,-0.17483865630318618,0.17169413977759718,-0.023939524918663926
3633,1625451645.4314427,0.0,-0.039910003542900085,0.01341480016708374,0.07128165662288666,-0.011047082504934143,0.031913687604398694,0.9397282873530364,-0.037981897592544556,-0.2536352276802063,-0.36832159757614136,-0.035545356487171165,0.03205678856707872,-0.0025890832695608535
3634,1625451645.4406354,0.0,-0.041021399199962616,0.01130027323961258,0.06805579364299774,-0.01143351196409171,0.03244510130002619,0.9397150329365594,-0.13705149292945862,-0.17587092518806458,-0.3022751808166504,-0.03523725683495739,0.02733971950605195,0.00574552399043438
3635,1625451645.4506397,0.0,-0.042505595833063126,0.009619984775781631,0.06546248495578766,-0.011707493034431235,0.0330968756335568,0.9396643240330249,-0.08165773749351501,-0.13858665525913239,-0.23090244829654694,-0.035250581390447455,0.058353885838862925,-0.0017434657478164696
3636,1625451645.4606004,0.0,-0.044014692306518555,0.008462309837341309,0.0636005699634552,-0.010698485200852176,0.03522646533141488,0.9427203175615146,-0.13065990805625916,-0.07999711483716965,-0.1680518537759781,-0.031048805444332202,0.05260496637062634,-0.00031894812685651715
3637,1625451645.4706883,0.0,-0.04521612823009491,0.0070035518147051334,0.06269316375255585,-0.009782856471805802,0.03374079404408403,0.9450609711441026,-0.17859680950641632,-0.21528570353984833,-0.04128538817167282,-0.031645485899701,0.04475711086752124,0.0051686940287223385
3638,1625451645.4805489,0.0,-0.046660758554935455,0.002190165687352419,0.06175338849425316,-0.009988783612970821,0.031100522946127834,0.9481811180696351,0.08558877557516098,-0.7159599661827087,-0.14355076849460602,0.000395267221081109,-0.09763578606424819,0.15692825355327414
3639,1625451645.4910297,0.0,-0.050448548048734665,-0.00456918403506279,0.06119303032755852,-0.011497736973908157,0.031992928759204814,0.9483750136600804,-0.30323275923728943,-1.1676321029663086,-0.09987493604421616,-0.061598274631088225,-0.11091081027037823,0.18045740069755867
3640,1625451645.500532,0.0,-0.05284925550222397,-0.013923916965723038,0.06029554083943367,-0.014328119530640379,0.03913737450401887,0.9462941092436357,-0.3458433151245117,-0.9247518181800842,-0.23516350984573364,-0.2142739950052637,0.36183553099359517,-0.06750778410757323
3641,1625451645.6046333,0.0,-0.07796618342399597,-0.08622204512357712,0.02050309255719185,-0.01136655306733389,0.026044835440451795,0.9578864993716631,-0.5897888541221619,-0.7116988897323608,-0.6026797294616699,-1.0674716284345307,0.47043897473974905,0.16358089702301568
3642,1625451645.614322,0.0,-0.07780924439430237,-0.09271758049726486,0.012692645192146301,-0.013135701146551895,0.025909549797287705,0.960681456310231,0.13778673112392426,-0.15563088655471802,-1.065004587173462,-0.8521632936198166,0.1497771762628051,0.3682443654204377
3643,1625451645.6242013,0.0,-0.07927210628986359,-0.09244660288095474,0.0018511153757572174,-0.013124682912828645,0.02503787601970143,0.9619724281053419,-0.2957758903503418,-0.0778665840625763,-0.9904360175132751,-0.1143938156602124,-0.03488710001236162,0.2347750523677038
3644,1625451645.6342754,0.0,-0.07857923954725266,-0.09735829383134842,-0.005924627184867859,-0.014801554384993539,0.023522862938134728,0.9628484337790764,0.15802675485610962,-0.4400565028190613,-0.6910966634750366,-0.08187592573247834,-0.11942393489059726,0.12259329069125822
3645,1625451645.6441944,0.0,-0.08110793679952621,-0.09940961003303528,-0.012223638594150543,-0.015592016153094745,0.024828603850183595,0.9629361543032149,-0.4843277037143707,0.011615629307925701,-0.6399639844894409,-0.13124235489023156,-0.038552115127785856,0.057042925211898785
3646,1625451645.654352,0.0,-0.08377411216497421,-0.0989857092499733,-0.018558740615844727,-0.015469717328889236,0.0248335695999609,0.9634434306556328,-0.08591879904270172,0.051030416041612625,-0.5526123046875,-0.044941677162227474,0.07188955049440254,0.02537307675951321
3647,1625451645.664281,0.0,-0.08273966610431671,-0.10023939609527588,-0.023380177095532417,-0.01598382779481329,0.02377873303017356,0.9639640079399784,0.04936978593468666,0.10216310620307922,-0.3800394833087921,-0.020017834353592768,-0.03918857663736723,0.04926356018295313
3648,1625451645.6743984,0.0,-0.08170590549707413,-0.10155319422483444,-0.025904322043061256,-0.016675692650949127,0.023207756590077434,0.9641156894619252,0.16548360884189606,-0.1332603394985199,-0.16379079222679138,-0.05591619748540498,-0.08826942916574956,0.03744357994032983
3649,1625451645.6844292,0.0,-0.07912806421518326,-0.10429345816373825,-0.027425572276115417,-0.01779636677516793,0.022931831284326472,0.9643273554289787,0.3859933614730835,-0.21848149597644806,-0.2234456092119217,-0.08619134397418489,-0.048959623270614656,0.01782343363004881
3650,1625451645.6944585,0.0,-0.07625093311071396,-0.10666125267744064,-0.028880609199404716,-0.01879842205730013,0.02272814305663052,0.9644486286438987,0.2144857794046402,-0.14071719348430634,-0.13715918362140656,-0.10874139908716846,-0.028331815294799424,0.016292403217836066
3651,1625451645.7977052,0.0,-0.06420769542455673,-0.11275477707386017,-0.005259621888399124,-0.024084825261754806,0.013180399276801681,0.9637346001124082,0.12287303805351257,0.11920733749866486,0.24846655130386353,-0.1726336371832216,-0.23126545059189424,0.0031782772879206792
3652,1625451645.8074524,0.0,-0.06305356323719025,-0.11172483116388321,-0.0030318759381771088,-0.018762755139649562,0.0028559899083939466,0.9757720868557836,0.13246041536331177,0.13412104547023773,0.2218349426984787,-0.12826125095039384,-0.2643363715539347,-0.0008607678071071504
3653,1625451645.817715,0.0,-0.062060270458459854,-0.11021706461906433,-0.0017075389623641968,-0.018588080365007607,0.0026505449692153377,0.9760531186062894,0.047239258885383606,0.20336322486400604,0.08441581577062607,-0.1194805389901664,-0.26303425431328226,0.004647786032263557
3654,1625451645.827581,0.0,-0.05930043011903763,-0.1084974855184555,-0.000578906387090683,-0.01838902571917552,0.0050742833491963235,0.9770426331210305,0.7939896583557129,-0.2355257272720337,0.08441581577062607,-0.09941950955275118,-0.2229177662552901,0.015143486489481694
3655,1625451645.8382044,0.0,-0.05823098123073578,-0.10574804991483688,-0.0006635785102844238,-0.017814623906841333,0.004205893699563465,0.9777466594740483,0.062152959406375885,0.2566264569759369,-0.09135282039642334,0.011879789433323665,0.013328770433772744,0.0740409094372456
3656,1625451645.8475866,0.0,-0.051036231219768524,-0.10513858497142792,8.552148938179016e-05,-0.018121799721089397,0.0020904934048431856,0.9779212776203227,1.1050468683242798,-0.39851120114326477,0.2505970597267151,0.037111388075144004,-0.11731253572209814,0.04617363812146226
3657,1625451645.8579488,0.0,-0.04843045026063919,-0.10222695022821426,0.0013344474136829376,-0.01861290511382515,0.0009977647929815259,0.9782323800385667,0.6171557903289795,0.3493044674396515,0.097198985517025,-0.045815489183874,-0.16531164838188764,0.029288380063073938
3658,1625451645.8677206,0.0,-0.041331734508275986,-0.10440850257873535,0.00503949448466301,-0.019599515347152936,0.0020553200579085384,0.9766921241908425,0.09624142199754715,0.17566634714603424,0.5190437436103821,-0.08692040470540237,-0.04876897284626361,-0.058025191326870534
3659,1625451645.8779757,0.0,-0.03359463810920715,-0.10772692412137985,0.01046956330537796,-0.02022005782929081,0.0010462948221571927,0.9757513656553543,0.45736607909202576,-0.6563051342964172,0.7086607813835144,-0.07297429357804236,-0.0025988673501792844,-0.12626908561686315
3660,1625451645.887723,0.0,-0.023894956335425377,-0.11398971080780029,0.018689926713705063,-0.022019354316128253,-0.00281391217668632,0.9756551172576096,1.0134341716766357,-1.0099730491638184,0.7086607813835144,-0.11917129895735204,-0.20196675127099173,-0.06473138344392033
3661,1625451645.9889793,0.0,0.01883995346724987,-0.15241946280002594,0.028839465230703354,-0.031238316224543344,-0.0026699070362927596,0.9749249267220201,-0.22759896516799927,-0.45070913434028625,0.5584585070610046,-0.601581910111201,-0.771176156449821,0.005381765389570298
3662,1625451645.9993286,0.0,0.014349746517837048,-0.1524803340435028,0.03270095959305763,-0.03178154645163074,-0.0004960397111893056,0.9754902054704324,-0.647313117980957,0.2278643101453781,0.2410096973180771,-0.5321008037727702,-0.46984731536214025,0.05340975784843268
3663,1625451646.009012,0.0,0.010194196365773678,-0.15279003977775574,0.03308940306305885,-0.0323125401290649,0.002855917791396198,0.9747842394862579,-0.6707489490509033,0.05529147386550903,-0.06472120434045792,-0.07106462874027374,0.2565589597834257,0.004979908032256072
3664,1625451646.0190663,0.0,0.005351978819817305,-0.1515822857618332,0.031660046428442,-0.032501989861674435,0.004423710249039106,0.9747658954041629,-0.5706140995025635,0.19058005511760712,-0.09241808205842972,-0.036306343484843316,0.2772143153626163,-0.041466181656447686
3665,1625451646.02936,0.0,0.0013740507420152426,-0.14947214722633362,0.029783379286527634,-0.03250059848448942,0.003477029036724151,0.9756486927901902,-0.7080332040786743,0.14370842278003693,-0.24794669449329376,-0.013059026509816878,0.056228925696499676,0.031471227465383944
3666,1625451646.0390453,0.0,-0.002201756229624152,-0.15304043889045715,0.028436999768018723,-0.034179365436843356,0.004319379641685529,0.9764386080990961,-0.07526615262031555,-0.5614966154098511,-0.07856964319944382,-0.07392787603501245,-0.003439167978481169,0.08723881257633814
3667,1625451646.0487158,0.0,-0.004430074710398912,-0.1609230786561966,0.027829784899950027,-0.03702376742156129,0.006172410485197281,0.9763476082907732,-0.29258009791374207,-0.6424567103385925,-0.06898226588964462,-0.21762082017393009,0.12788949145137948,0.046185646243506434
3668,1625451646.0589614,0.0,-0.00750132417306304,-0.16656538844108582,0.026567962020635605,-0.03901839882206712,0.008259663914424904,0.9758828604028674,-0.3330601453781128,-0.49758079648017883,-0.1861613541841507,-0.25117492693672083,0.19275525652988834,-0.024573866216752546
3669,1625451646.069202,0.0,-0.010241762734949589,-0.1708528995513916,0.02435673400759697,-0.0406028284797918,0.009497575005038617,0.9756625275413411,-0.11681146919727325,-0.368683785200119,-0.23622877895832062,-0.18829961197074213,0.17445300720995258,-0.0370492200170787
3670,1625451646.0787687,0.0,-0.013176132924854755,-0.17275114357471466,0.023079339414834976,-0.04156023802188086,0.010492068052567187,0.9757229052834221,-0.3245380222797394,0.03398618474602699,-0.07430858910083771,-0.1378349615979453,0.11470472088730864,-0.010815444055511924
3671,1625451646.1773126,0.0,-0.026430457830429077,-0.1843341439962387,0.01869269087910652,-0.0507293690056841,0.0016964305775436228,0.9806977078142443,-0.09657144546508789,-0.7702884674072266,0.08015475422143936,-0.0930274779779524,0.06440157101259864,0.0012579490252262978
3672,1625451646.1874132,0.0,-0.02702459692955017,-0.1913599669933319,0.019372161477804184,-0.05263464759464532,-7.744089686428923e-06,0.9829363541539384,-0.5248077511787415,-0.6531093716621399,0.097198985517025,-0.1842331776822767,-0.05830260823373544,0.1801118579505576
3673,1625451646.1973143,0.0,-0.03331662714481354,-0.20310290157794952,0.021342124789953232,-0.055518099422248425,0.002189202730180362,0.9822093971609241,0.008889738470315933,-1.4254261255264282,-0.04554644972085953,-0.2317879715450629,0.018767432414045257,0.0902765686810544
3674,1625451646.2071862,0.0,-0.03680988401174545,-0.21249479055404663,0.020782317966222763,-0.057410805573970165,0.00721469190904081,0.9805903977074881,0.25816163420677185,-1.1846764087677002,-0.07430858910083771,-0.24299236707480637,0.36078853447583314,-0.1009095365259213
3675,1625451646.2172794,0.0,-0.04023408144712448,-0.22014212608337402,0.01967569813132286,-0.05848501867181621,0.0027611096752047926,0.980966063061288,-0.8529092073440552,-0.17800144851207733,-0.2596646249294281,-0.1764522491147767,0.09502154486136755,-0.0779342496276777
3676,1625451646.227367,0.0,-0.04351703077554703,-0.22778017818927765,0.01758655533194542,-0.05935756928510985,-0.002902383366207406,0.9827124921418314,-0.4033676087856293,-0.5465829372406006,-0.24901194870471954,-0.10617034162580698,-0.47909041545369996,0.09144788064206255
3677,1625451646.2372923,0.0,-0.04794652760028839,-0.23421551287174225,0.014474809169769287,-0.06069701830558923,0.0027737689857861014,0.9818877042450029,-0.16261783242225647,-1.2006553411483765,-0.2820351719856262,-0.10397492057987051,-0.09621886614538641,0.06741470095935898
3678,1625451646.2475061,0.0,-0.04902509227395058,-0.24288874864578247,0.013318821787834167,-0.06249789357443994,0.008564527744624406,0.9786101554326253,-0.6164204478263855,-0.7063725590705872,-0.218119278550148,-0.15756080765911254,0.5437501602932721,-0.18166088368220581
3679,1625451646.2572713,0.0,-0.05159767344594002,-0.2486640214920044,0.010372165590524673,-0.06274079908862557,0.006270656096055538,0.978902905534715,-0.048634544014930725,-0.6850672960281372,-0.34168997406959534,-0.11186711353556557,0.30039206642762517,-0.1738209603168188
3680,1625451646.267165,0.0,-0.054601170122623444,-0.2531014084815979,0.007423046976327896,-0.06308715989655483,-0.0002803202491121759,0.9826976810244774,-0.22972950339317322,-0.5859977006912231,-0.18083502352237701,-0.0390156512253703,-0.3902801284795765,0.16736987477919496
3681,1625451646.375165,0.0,-0.0340731143951416,-0.3072138726711273,-0.013406995683908463,-0.07780349133715873,0.0075432350432932315,0.9835857115376724,-0.3106895983219147,-0.5891935229301453,-0.17337816953659058,-0.4964995105141218,-0.6285563151688788,0.20110513328242982
3682,1625451646.3852062,0.0,-0.03439406678080559,-0.3197675049304962,-0.015264581888914108,-0.07858516732679763,0.007619020404800896,0.993467598857216,0.002498151734471321,-1.4850809574127197,-0.18083502352237701,-0.49961960299866864,-0.6291313375153631,0.18614616850300705
3683,1625451646.3949723,0.0,-0.034477125853300095,-0.33102738857269287,-0.018874812871217728,-0.07937233581071586,0.007695338276798911,1.0034189218640408,-0.1604873090982437,-0.5870629549026489,-0.5408943891525269,-0.5066893494814877,-0.6252914134099536,0.16891444448314677
3684,1625451646.4049027,0.0,-0.03552819788455963,-0.3392114043235779,-0.023072030395269394,-0.08016885784090783,0.007772562997536215,1.013488491678418,-0.3650180995464325,-1.1378047466278076,0.0876116082072258,-0.5110880343117276,-0.6198054891967157,0.14434643453159854
3685,1625451646.4149306,0.0,-0.036995913833379745,-0.3426041007041931,-0.025689702481031418,-0.08097385508196615,0.007850609410288973,1.023665204452155,0.06854454427957535,0.02865985967218876,-0.4034753143787384,-0.5112055549675175,-0.6147678285792335,0.10805847243147286
3686,1625451646.4251857,0.0,-0.04028197377920151,-0.34656476974487305,-0.028611063957214355,-0.08179086667973501,0.007929820643732988,1.0339938017929045,-0.6334646940231323,-0.20037199556827545,-0.3661910593509674,-0.5059076236523731,-0.6108214640808534,0.059588458800443375
3687,1625451646.435182,0.0,-0.039098791778087616,-0.3555727005004883,-0.029186315834522247,-0.08260983139113777,0.008009221236227009,1.0443470902449437,-1.3961941003799438,0.05422620847821236,0.0641757920384407,-0.4990442296844221,-0.609271276884124,0.0013100250613355784
3688,1625451646.445069,0.0,-0.038815293461084366,-0.35947275161743164,-0.03095671534538269,-0.08343872347900713,0.008089584311673448,1.0548258798213896,0.4818671643733978,-0.12686875462532043,0.16537591814994812,-0.4878366674979258,-0.6093339764485919,-0.0638304365833113
3689,1625451646.4549592,0.0,-0.03958653658628464,-0.3686143457889557,-0.026082979515194893,-0.08427470949977824,0.008170635160924632,1.0653943503481482,-1.6028553247451782,0.4473087787628174,-0.3374289274215698,-0.4782482807782055,-0.6112334334615157,-0.12983764839392664
3690,1625451646.4652221,0.0,-0.03942735120654106,-0.36823588609695435,-0.029622571542859077,-0.08513189202362773,0.008253741061974499,1.0762307854251372,3.849168062210083,-0.2823973596096039,0.8471451997756958,-0.4663612279528572,-0.6152824987066576,-0.2022062250197214
3691,1625451646.559373,0.0,-0.060301948338747025,-0.33577194809913635,0.013976797461509705,-0.09322388179276488,0.009038278873163613,1.1785290933550678,-3.137901544570923,3.6718642711639404,-1.0724613666534424,-0.4504294728660674,-0.721377018992755,-0.8911113508986033
3692,1625451646.5695288,0.0,-0.04321318119764328,-0.33044618368148804,0.008255112916231155,-0.0941667344607849,0.009129690700111725,1.1904485637594344,4.133593559265137,-2.2275702953338623,1.0388927459716797,-0.47915504727172714,-0.758744183840534,-0.919016189237496
3693,1625451646.5793731,0.0,-0.05004061385989189,-0.3408004641532898,0.013956151902675629,-0.08285713040343802,0.020911935022787667,0.8834949341103956,-2.6414883136749268,1.4497226476669312,-1.1172025203704834,-0.5089742214577841,-0.7921800465057423,-0.9514069938470913
3694,1625451646.5893831,0.0,-0.04884246736764908,-0.3360038995742798,0.02827930822968483,-0.08250397171364486,0.017335435964706353,0.8811580974391359,1.5769590139389038,0.7157554626464844,1.3584721088409424,-0.5313422281012161,-0.81935234129709,-0.9807013487862368
3695,1625451646.5994663,0.0,-0.057163987308740616,-0.3200167715549469,0.031299348920583725,-0.08009674588552705,0.015669485077140582,0.8777639836338758,0.3870586156845093,0.837195634841919,0.03328312188386917,-0.02874950851288494,-0.384810491161761,-0.46568150952358595
3696,1625451646.6096356,0.0,-0.058970388025045395,-0.3052159547805786,0.03340541943907738,-0.07790855576790691,0.01285529912997143,0.8740914970074517,1.2137038707733154,0.07340096682310104,0.3933424949645996,0.22672387320788445,-0.2506984944020855,-0.3662443907755585
3697,1625451646.619281,0.0,-0.06401955336332321,-0.2975403964519501,0.0379168875515461,-0.07726585663386795,0.010595173930171703,0.8704319948578516,-1.1831411123275757,0.7775408029556274,0.27616339921951294,0.15165935573171302,-0.28977687473033503,-0.3764956476051999
3698,1625451646.6294692,0.0,-0.06810059398412704,-0.289257287979126,0.04257941618561745,-0.0761273488021734,0.008338645008024052,0.8673506895377487,0.01208553183823824,1.18979811668396,0.5946775078773499,0.09067022657471363,-0.2275081236431737,-0.35208658258465997
3699,1625451646.6392927,0.0,-0.07499420642852783,-0.2769488990306854,0.04713580384850502,-0.07425105007694424,0.007050128553776534,0.8646410540391142,-0.05076507106423378,1.5104427337646484,0.412517249584198,0.14985386932759695,-0.17305235944124303,-0.30758073641322875
3700,1625451646.6493957,0.0,-0.07697435468435287,-0.26137152314186096,0.049154046922922134,-0.07181752096175414,0.00487927324067669,0.8618429428944622,-0.028394516557455063,2.044140100479126,0.33581823110580444,0.21333420428803415,-0.17151297283957473,-0.27957803178390794
3701,1625451646.7421243,0.0,-0.06903920322656631,-0.0713399276137352,0.04295017197728157,-0.041997360958933715,-0.006770216990238755,0.8481537631533296,-0.12533357739448547,1.6233607530593872,0.3709719479084015,1.6513453588688567,-0.14596728179072757,0.012720063616176384
3702,1625451646.752257,0.0,-0.06889180839061737,-0.05501427873969078,0.04627426341176033,-0.039486715385824774,-0.007358020879037162,0.8470010327851081,-0.14131255447864532,1.6031206846237183,0.5328921675682068,1.7280964437894506,-0.07256059952692989,0.09957084889109703
3703,1625451646.7621267,0.0,-0.06848744302988052,-0.03749265894293785,0.05099121108651161,-0.03684354986721179,-0.007810881066939605,0.8458574594999027,-0.15835678577423096,1.7501271963119507,0.680963933467865,0.3313536813565885,-0.05283284478693932,-0.10541210753219982
3704,1625451646.7720551,0.0,-0.06982634961605072,-0.01954389549791813,0.0585373155772686,-0.03414416932189532,-0.007953082947729596,0.8450241789767333,-0.1338557004928589,1.5935332775115967,1.0463495254516602,0.27462623703907435,-0.03060009019556711,-0.10163884806709714
3705,1625451646.7820024,0.0,-0.07149660587310791,-0.0006532366969622672,0.0681101530790329,-0.031355088492794274,-0.007870365816700031,0.8442180476071701,-0.25103479623794556,2.2998037338256836,0.7938819527626038,0.2756947439046245,-0.004446948344577416,-0.0851056641140526
3706,1625451646.7921085,0.0,-0.07448408007621765,0.01689210906624794,0.07222941517829895,-0.028760858534236225,-0.007561145362349177,0.8434560823576595,-0.2169463336467743,1.1759496927261353,0.2814897298812866,0.2743195154296412,0.017951180569561038,-0.07800601785914414
3707,1625451646.802242,0.0,-0.07238642871379852,0.02891346998512745,0.0737149566411972,-0.02694792613904228,-0.008073766634209063,0.8428349365467682,0.24324791133403778,0.8073682188987732,0.3049255609512329,0.23008120670010507,-0.0016209654197071707,-0.06859875211149277
3708,1625451646.8122466,0.0,-0.07275543361902237,0.039939507842063904,0.0757800042629242,-0.0253225776431803,-0.008171205054332963,0.8423595120868002,-0.5258730053901672,0.9650273323059082,0.21970440447330475,0.17357476177057357,-0.032387897518030784,-0.055659600616830104
3709,1625451646.8221145,0.0,-0.07441625744104385,0.05118701234459877,0.0780760645866394,-0.02370666514514389,-0.008017768350116555,0.8418554396803437,-0.09657144546508789,0.6987112164497375,0.31770873069763184,0.16226261638754857,0.001289960469049713,-0.051385929715174423
3710,1625451646.832138,0.0,-0.07497836649417877,0.05841752141714096,0.07989566028118134,-0.022672949937468295,-0.00798452056279604,0.8414068074214002,-0.03265557438135147,0.2832580506801605,0.15152747929096222,0.13674864593201114,0.012791876312119132,-0.049339050730633285
3711,1625451646.9335208,0.0,-0.07964422553777695,0.05866667628288269,0.08047723770141602,-0.023192327815226274,-0.008020896360012054,0.8380741506520488,0.021672913804650307,-0.5188860297203064,-0.1542034149169922,0.052615173400923435,0.041029553258878866,-0.03760826149826132
3712,1625451646.9433959,0.0,-0.07957306504249573,0.053749483078718185,0.07906942069530487,-0.023964753683967166,-0.008136059061433332,0.8378480110207956,0.008889738470315933,-0.4816018044948578,-0.17763923108577728,-0.03936040669928477,0.03439884841293204,-0.0263251349641452
3713,1625451646.9534526,0.0,-0.07977773994207382,0.04923902451992035,0.07760694622993469,-0.024670304711216277,-0.008202370003070988,0.8376665831620015,-0.003893435001373291,-0.47840601205825806,-0.18829187750816345,-0.07420870180684416,-0.009056253124571999,-0.020442448697824068
3714,1625451646.963186,0.0,-0.07954613119363785,0.04469253495335579,0.07610450685024261,-0.025372245271877147,-0.008346991385937287,0.8375279511906285,0.016346590593457222,-0.4389912486076355,-0.22557613253593445,-0.07210502503439473,-0.010298130046661717,-0.016276801645188986
3715,1625451646.9734728,0.0,-0.07971741259098053,0.039921075105667114,0.07392159104347229,-0.026105605278159708,-0.008441201153222964,0.8374140240070177,0.000367622880730778,-0.45497021079063416,-0.2607298791408539,-0.07394036707400894,-0.011810204409526777,-0.012364349649206954
3716,1625451646.9835482,0.0,-0.07974231243133545,0.035303566604852676,0.07116363942623138,-0.026807881961871845,-0.00855471548922919,0.8373314553262593,-0.01348081510514021,-0.3100942373275757,-0.3384941816329956,-0.07381108000360595,-0.010526940654258425,-0.009441739087120595
3717,1625451646.993414,0.0,-0.08013109862804413,0.031177585944533348,0.06807798147201538,-0.027442661318826743,-0.008599158181885676,0.8372485501106794,-0.02626398764550686,-0.3228774070739746,-0.31825414299964905,-0.06806871346942163,-0.008144183437758107,-0.007985948843475464
3718,1625451647.0034122,0.0,-0.08014849573373795,0.027364464476704597,0.06500235199928284,-0.028018425162619577,-0.008695196607709885,0.8371743934038023,-0.012415550649166107,-0.23446045815944672,-0.3331678509712219,-0.0639541416020985,-0.00735677327505143,-0.007786641692813619
3719,1625451647.0135076,0.0,-0.08030828833580017,0.023448405787348747,0.06199396029114723,-0.028617312706471804,-0.008775669200424364,0.8371218276609168,0.006759209558367729,-0.20889411866664886,-0.29907938838005066,-0.0606491470436487,-0.008745941549765797,-0.006568517960198917
3720,1625451647.0233815,0.0,-0.08017159253358841,0.020237326622009277,0.0594811849296093,-0.029089021803937118,-0.008880161393537672,0.8370958471903378,-0.06141771748661995,-0.06508341431617737,-0.16485606133937836,-0.0529966273270185,-0.01004600565545656,-0.004285861267547559
3721,1625451647.119833,0.0,-0.07961904257535934,0.02524142526090145,0.06538374722003937,-0.028493482385277255,-0.009175973808754276,0.836696410682825,-0.010285021737217903,0.242778018116951,0.19520331919193268,0.01034649236273083,-0.007918007928635135,-0.004290520545857527
3722,1625451647.1295078,0.0,-0.07949335873126984,0.02753826044499874,0.06748567521572113,-0.028169628752473225,-0.00916128936493446,0.8366419637230557,0.002498151734471321,0.23638643324375153,0.2729676067829132,0.05185797660126521,-0.0011805743582052424,-0.005609793684938789
3723,1625451647.1394193,0.0,-0.07971277087926865,0.02989572286605835,0.07008245587348938,-0.02784301968571566,-0.009100696756251317,0.8365936016149607,-0.08165773749351501,0.26727908849716187,0.20585596561431885,0.0338401140667686,0.00320212803759094,-0.005138808511586711
3724,1625451647.1497948,0.0,-0.07997496426105499,0.03189272806048393,0.07202981412410736,-0.027570371410047367,-0.009031400216375544,0.836540544523887,0.0706750750541687,0.03398618474602699,0.2452707588672638,0.03242884295223698,0.00714909851184305,-0.0051917410024749705
3725,1625451647.159475,0.0,-0.0796186551451683,0.03360746055841446,0.07363954186439514,-0.027326994381358855,-0.009056243783042373,0.8364813327374574,-0.10828935354948044,0.26301804184913635,0.10891690105199814,0.02490180077508397,0.0016110501541597285,-0.005505898496244548
3726,1625451647.1696446,0.0,-0.0799335166811943,0.03547648712992668,0.07413746416568756,-0.027064224469646438,-0.00898770830741593,0.8364105376724927,0.06321822106838226,0.008419835940003395,0.04500102996826172,0.024904242973681573,0.0022674791819933026,-0.00643873519908906
3727,1625451647.1795683,0.0,-0.07923772186040878,0.03615362197160721,0.07437488436698914,-0.02695869833000112,-0.009078096791318255,0.83636810954198,0.03232555463910103,0.037181977182626724,0.021565213799476624,0.018627791002479292,-0.0002531514682923588,-0.0059179937821512455
3728,1625451647.1896603,0.0,-0.07959944754838943,0.037330105900764465,0.07448647916316986,-0.026792029102151345,-0.009015840554943956,0.83632589118424,0.000367622880730778,-0.022472834214568138,0.005586246494203806,0.012665806926175825,-0.002174382708846504,-0.004369085955325093
3729,1625451647.1994233,0.0,-0.0790962278842926,0.03759033605456352,0.07448162138462067,-0.026747377972134764,-0.009091914178237251,0.8362886639375435,0.011020267382264137,-0.06401815265417099,-0.011457985267043114,0.010055555804571962,-0.0005448059776822388,-0.003976729196627188
3730,1625451647.2094462,0.0,-0.07920756936073303,0.03757574409246445,0.07435561716556549,-0.026747935426237893,-0.009081520955410913,0.8362550232707333,-0.001762906089425087,-0.11302031576633453,-0.021045364439487457,0.0018932169874102379,-0.003137601813549526,-0.0036305160384500898
3731,1625451647.3025346,0.0,-0.07914616167545319,0.027015630155801773,0.07147671282291412,-0.02828189380801152,-0.009266888769054266,0.8362356568135482,0.008889738470315933,-0.06295288354158401,-0.013588514178991318,-0.08363201945212712,-0.006781780012768613,0.000771044026470015
3732,1625451647.3125288,0.0,-0.07912161946296692,0.02606143057346344,0.071378692984581,-0.028423095142841907,-0.009285123797301113,0.8362384263010354,0.006759209558367729,-0.019277041777968407,-0.011457985267043114,-0.0930917743988196,-0.008183617339346154,0.0027181727719640648
3733,1625451647.3225284,0.0,-0.07899897545576096,0.025338534265756607,0.07128721475601196,-0.028533570657881813,-0.009311645894162987,0.8362414797266532,0.006759209558367729,0.006289307028055191,-0.0008053402998484671,-0.012913420527464853,-0.0021602499770010377,0.00011825067705335968
3734,1625451647.3325317,0.0,-0.07891210913658142,0.024860650300979614,0.07126285135746002,-0.02860537773575849,-0.009330731918310936,0.8362389396671771,0.01528132427483797,0.032920919358730316,0.01197783276438713,-0.008495573818221571,-0.0022811416695921478,-0.00017445739217736986
3735,1625451647.3424554,0.0,-0.07877711206674576,0.024608619511127472,0.07139663398265839,-0.028648251022781505,-0.009356798434479736,0.8362319638913782,0.011020267382264137,0.07020517438650131,0.02263047732412815,-0.005303103116150896,-0.0021647220006722665,-0.0004980360701490284
3736,1625451647.3523724,0.0,-0.07867729663848877,0.024682248011231422,0.07152318954467773,-0.028637534158414246,-0.009370010051806446,0.836229974467315,0.011020267382264137,0.09257572889328003,0.01623889058828354,-0.0011772458175313269,-0.0019423623004380891,-0.0005369364685918962
3737,1625451647.3625517,0.0,-0.07855253666639328,0.02496521547436714,0.0717022567987442,-0.028598416627459773,-0.009385842793717972,0.8362245922332858,0.003563416190445423,0.10642416030168533,0.024761006236076355,0.003029365014750839,-0.001475863710214744,-0.0005216878381894365
3738,1625451647.37244,0.0,-0.0784551352262497,0.025411633774638176,0.07187962532043457,-0.028530196763685164,-0.009395055798965692,0.8362190693352572,0.000367622880730778,0.10855469107627869,0.029022064059972763,0.005945904892971393,-0.0013021563423051131,-0.0007223912997877584
3739,1625451647.3824792,0.0,-0.07834469527006149,0.026161616668105125,0.07211565971374512,-0.028421805546421722,-0.009405722133630973,0.8362084523601898,0.006759209558367729,0.10429363697767258,0.02689153514802456,0.009006532796881924,-0.0008190239236143731,-0.0007631660248994944
3740,1625451647.392669,0.0,-0.07826796919107437,0.02670172229409218,0.07226301729679108,-0.02834610049702091,-0.009414360960156062,0.8362049919570321,0.01208553183823824,0.10429363697767258,0.02689153514802456,0.009012755793082134,-0.0005645009345848907,-0.0006273074771637439
3741,1625451647.4853253,0.0,-0.07770844548940659,0.029682399705052376,0.0727648138999939,-0.027908209743025734,-0.009460594324410446,0.8361591178542207,-0.004958699457347393,-0.07360552996397018,-0.02317589521408081,0.025500898530995107,-0.0024532624843529075,-0.0008149433268076199
3742,1625451647.495476,0.0,-0.07767792046070099,0.029211338609457016,0.07264770567417145,-0.027974209703683146,-0.009473400630652037,0.8361614742474145,0.001432887278497219,-0.07467079162597656,-0.012523249723017216,0.01886794844489815,-0.002749921619739943,-0.00043784619110559216
3743,1625451647.5051374,0.0,-0.07766589522361755,0.028551915660500526,0.07251141965389252,-0.028069018812910705,-0.009479914598983903,0.8361671496177063,-0.008154492825269699,-0.08106238394975662,-0.012523249723017216,-0.007975450006073402,-0.0009800422743377038,0.0003519949902443751
3744,1625451647.5152082,0.0,-0.07765612751245499,0.027799412608146667,0.07238154113292694,-0.0281798819813222,-0.009493053617314041,0.8361694680685541,-0.004958699457347393,-0.08745396882295609,-0.012523249723017216,-0.01043392080284375,-0.0008760931689812253,0.00036460045144123067
3745,1625451647.5252917,0.0,-0.07765083014965057,0.02704162523150444,0.07223552465438843,-0.028291743611518864,-0.009500891021154638,0.836173911665337,0.000367622880730778,-0.07893185317516327,-0.01678430661559105,-0.011150655049619589,-0.0008866916500442416,0.0003066304447245774
3746,1625451647.535119,0.0,-0.077658511698246,0.026326511055231094,0.07211729884147644,-0.028394519652607433,-0.009509175019598234,0.8361780180549903,-0.007089228369295597,-0.045908648520708084,-0.00932745635509491,-0.010947935297898958,-0.0007856880616830983,0.0004419028775924548
3747,1625451647.5452175,0.0,-0.07765220105648041,0.02559692971408367,0.07199141383171082,-0.0285054516055238,-0.009518506810514374,0.8361823050361405,-0.004958699457347393,-0.041647594422101974,-0.015719043090939522,-0.010557943687014392,-0.0008301659632418244,0.00032325637367716127
3748,1625451647.555289,0.0,-0.07765819877386093,0.024992357939481735,0.0719299465417862,-0.028595819940006907,-0.009526515894269186,0.8361852313469502,-0.000697641575243324,-0.024603363126516342,-0.013588514178991318,-0.009795916322533824,-0.0007679594186832463,0.0003578013770339408
3749,1625451647.5651767,0.0,-0.07761286199092865,0.02446395345032215,0.07187023758888245,-0.02866902690277901,-0.009538177882514785,0.836184653298097,0.000367622880730778,-0.02140756882727146,0.0013251886703073978,-0.008109899388964153,-0.000980313202055457,0.00019524508927500599
3750,1625451647.5751886,0.0,-0.07755877822637558,0.023998910561203957,0.07185027003288269,-0.028739021283297646,-0.009552888565059703,0.8361896373853399,0.000367622880730778,-0.004363337531685829,-0.004001133609563112,-0.006970266975933874,-0.0012394994636600741,0.00023304650573146418
3751,1625451647.6674628,0.0,-0.07690051198005676,0.025090692564845085,0.07269082963466644,-0.02857356521452277,-0.009635930519892894,0.8361696895339515,-0.012415550649166107,0.04144303500652313,0.015173625200986862,0.006475362477991393,-0.005514329584490083,1.296812603147432e-05
3752,1625451647.67772,0.0,-0.07683318853378296,0.025323253124952316,0.07275208830833435,-0.028539980330845004,-0.009643276539608267,0.8361707879372694,0.003563416190445423,0.015876686200499535,0.004520982038229704,0.011938113136844829,-0.005133417336763975,-0.00030390671137998405
3753,1625451647.6875176,0.0,-0.07680105417966843,0.025534912943840027,0.0727938711643219,-0.028508072612294044,-0.009647021629130212,0.8361689650284929,-0.000697641575243324,0.011615629307925701,0.01197783276438713,0.0035204959180683715,-0.0003716402101313867,-0.00017648270214722583
3754,1625451647.697413,0.0,-0.07676509022712708,0.025628043338656425,0.07276269793510437,-0.02849600310765705,-0.009648448382891334,0.8361675743763353,0.004628680646419525,-0.010754924267530441,-0.0029358691535890102,0.002418824473499079,-0.00014633111213620555,-0.00019642180878869518
3755,1625451647.7074828,0.0,-0.07671290636062622,0.025643058121204376,0.0727614015340805,-0.028491696000476456,-0.009657241460084273,0.8361666242063005,0.001432887278497219,-0.019277041777968407,-0.0018706046976149082,0.0008568726372809476,-0.00044647087778371537,-0.00011461097337562915
3756,1625451647.717467,0.0,-0.0766705647110939,0.02553020976483822,0.07272306084632874,-0.028508637267489728,-0.009664606779159084,0.8361684778320504,-0.004958699457347393,-0.023538099601864815,-0.008262191899120808,-0.0007911672554682157,-0.0008560791424123535,4.4509341372704895e-05
3757,1625451647.7274804,0.0,-0.07664715498685837,0.025352325290441513,0.0726710706949234,-0.02853653803648981,-0.00967017299308228,0.8361694103009,0.000367622880730778,-0.023538099601864815,-0.007196926977485418,-0.0023450868880388,-0.0006614163351792272,0.00013195209153193425
3758,1625451647.7375429,0.0,-0.07664512097835541,0.025047747418284416,0.07256598770618439,-0.028577496130118674,-0.009678946378746126,0.8361711325044305,0.005693945102393627,-0.04697391390800476,-0.00932745635509491,-0.0033730703653738424,-0.0004930723791697213,9.940491351069667e-05
3759,1625451647.7474754,0.0,-0.0766281858086586,0.024688370525836945,0.07250568270683289,-0.02863003979062314,-0.009681943655959827,0.8361719725582795,0.000367622880730778,-0.044843386858701706,-0.012523249723017216,-0.00462741546908439,-0.00046368881783351464,0.0001946117570074527
3760,1625451647.757478,0.0,-0.07659648358821869,0.02423069253563881,0.07241719961166382,-0.02869591802461175,-0.009691913988999948,0.8361766884542046,-0.004958699457347393,-0.045908648520708084,-0.007196926977485418,-0.005933490385002949,-0.0007236507287868893,0.0002692164276569708
3761,1625451647.8538387,0.0,-0.07629023492336273,0.021375568583607674,0.07228794693946838,-0.029108125278042803,-0.009770347201414765,0.8361869416117367,0.005693945102393627,0.027594594284892082,0.010912568308413029,-0.026014956385339665,-0.00452972360716647,0.001021241540268034
3762,1625451647.8638387,0.0,-0.0762353464961052,0.02143230475485325,0.07234558463096619,-0.029096829978335757,-0.009776941653709403,0.8361830219923123,0.005693945102393627,0.022268272936344147,0.005586246494203806,-0.022480357189096852,-0.004472993412336981,0.0007008186036150762
3763,1625451647.8738506,0.0,-0.07615915685892105,0.021529581397771835,0.07243476808071136,-0.029082345884185887,-0.009787420602614415,0.8361925854749926,-0.001762906089425087,0.047834623605012894,0.003455717582255602,0.0011732681097500024,-0.0008953186520275871,8.83224208803673e-05
3764,1625451647.88372,0.0,-0.0761185735464096,0.021666307002305984,0.07248006761074066,-0.02905983744092476,-0.00979093486531836,0.8361843734929342,0.004628680646419525,0.044638827443122864,0.013043097220361233,0.0018245496442038569,-0.000624801363452916,0.00010881108606826463
3765,1625451647.8936822,0.0,-0.07605612277984619,0.021854335442185402,0.07255052030086517,-0.029035750970043045,-0.009797908550968758,0.8361841193707753,0.005693945102393627,0.03505144640803337,0.014108361676335335,0.002644475926276127,-0.0004080532863725893,-0.00027896934837527346
3766,1625451647.904254,0.0,-0.07602238655090332,0.02200257033109665,0.07261571288108826,-0.029013130073555486,-0.00979991709334578,0.8361841152278375,-0.003893435001373291,0.023333536460995674,0.009847303852438927,0.002596518307204028,-0.0004603043472879871,-8.844016906155165e-05
3767,1625451647.9136484,0.0,-0.07597046345472336,0.022140759974718094,0.07265838980674744,-0.02898992958811296,-0.00980697853909996,0.8361839316206472,0.001432887278497219,0.015876686200499535,0.004520982038229704,0.0023352967195080154,-0.0004179912270249541,-0.0001294480440063033
3768,1625451647.9236815,0.0,-0.07593858242034912,0.02218475379049778,0.07268674671649933,-0.028985081801377932,-0.00981080852596028,0.8361811957750979,-0.002828170545399189,0.0020282489713281393,0.0023904531262815,0.001696750773723881,-0.00045767332410746636,-5.2074448627278254e-05
3769,1625451647.933841,0.0,-0.0759039893746376,0.022210706025362015,0.07267211377620697,-0.02897949838089635,-0.009813799163246817,0.8361823582203529,-0.006023963913321495,-0.0011675443965941668,-0.0018706046976149082,0.0005601437144236532,-0.00035633018650582725,-0.00010286754790452656
3770,1625451647.943722,0.0,-0.07586964964866638,0.0221549142152071,0.07266487181186676,-0.028991550633145236,-0.009821189146466063,0.8361817173983748,0.002498151734471321,-0.011820188723504543,0.0013251886703073978,-0.00017162254116507764,-0.00042598383759825915,-1.8816983462362106e-05
3771,1625451648.039969,0.0,-0.07569072395563126,0.019808871671557426,0.07225102186203003,-0.029325069615903664,-0.009873804598928768,0.8361925436641733,0.002498151734471321,-0.007559130899608135,0.0023904531262815,-0.016892779753769207,-0.002736864990107455,0.0005877540337366152
3772,1625451648.0501442,0.0,-0.0756647065281868,0.019573597237467766,0.07223464548587799,-0.02935791177505962,-0.009885106382458507,0.8361928134866774,-0.001762906089425087,-0.004363337531685829,-0.0018706046976149082,-0.01843879241542659,-0.002957756872960863,0.0006387631490888358
3773,1625451648.0598876,0.0,-0.07563701272010803,0.01938401162624359,0.07226216793060303,-0.029387961042072495,-0.009889058314688337,0.8361942588390379,0.001432887278497219,0.0030935134273022413,-0.0008053402998484671,-0.003065888852156132,-0.0007165748806207313,9.93747904417031e-05
3774,1625451648.0698073,0.0,-0.0755852460861206,0.019295936450362206,0.07226033508777618,-0.029399976835574167,-0.009896658823861385,0.8361979528172254,-0.003893435001373291,0.01694195158779621,0.005586246494203806,-0.001982150848804191,-0.0005933357862460367,0.0001123901051549205
3775,1625451648.0800948,0.0,-0.07557245343923569,0.019224895164370537,0.07232105731964111,-0.02940714071855568,-0.009901015255443443,0.8361950315550954,-0.002828170545399189,0.009485100395977497,0.005586246494203806,-0.0008080499909163255,-0.0005729381641160246,8.50913086723148e-05
3776,1625451648.0899158,0.0,-0.07552381604909897,0.019200975075364113,0.07235951721668243,-0.029413374317853652,-0.009907399463040353,0.8361946654817021,0.008889738470315933,0.01800721511244774,0.00771677540615201,-0.0004347516316267091,-0.00037794620007857734,-0.00012949932520233114
3777,1625451648.0999994,0.0,-0.07547163218259811,0.019265493378043175,0.07243135571479797,-0.029400950101009335,-0.009913795683448343,0.8361946388506009,-0.002828170545399189,0.023333536460995674,0.01197783276438713,0.00042157208378972494,-0.0006244611950741707,-8.991075884730286e-05
3778,1625451648.1100233,0.0,-0.07542728632688522,0.0193211380392313,0.07248355448246002,-0.02939302357083637,-0.0099176247467304,0.836190729202174,-0.000697641575243324,0.023333536460995674,0.006651510950177908,0.001198322641879632,-0.0006619766288666702,-9.056727184830232e-05
3779,1625451648.119958,0.0,-0.07537354528903961,0.01939104124903679,0.07250788807868958,-0.02937920062503644,-0.00992865254131145,0.8361932059799302,0.003563416190445423,0.02120300941169262,0.003455717582255602,0.0012090077912332597,-0.0005804639302175916,-0.00012402465875611653
3780,1625451648.1299498,0.0,-0.07532726228237152,0.019468141719698906,0.07253533601760864,-0.02936649424180754,-0.009932835772962223,0.8361919828492802,0.000367622880730778,0.015876686200499535,0.003455717582255602,0.001358971952818656,-0.0006566485260034233,2.07533766828328e-05
3781,1625451648.226492,0.0,-0.07485558092594147,0.018781909719109535,0.07250787317752838,-0.029463782442135426,-0.010008175165749499,0.8361967505685637,0.004628680646419525,-0.024603363126516342,-0.008262191899120808,-0.00356915402083767,-0.003748281186674287,0.00017040076686697755
3782,1625451648.2366242,0.0,-0.0748348981142044,0.018496723845601082,0.0724806934595108,-0.029505503440854355,-0.010015672149279183,0.8361988876234867,-0.007089228369295597,-0.007559130899608135,0.0023904531262815,-0.006513889054279321,-0.003894946560271103,0.0003165611582394789
3783,1625451648.2464304,0.0,-0.07481452822685242,0.01837172731757164,0.0724518895149231,-0.029524818874550537,-0.010016668043733211,0.8361965334863337,0.001432887278497219,-0.019277041777968407,-0.008262191899120808,-0.0031570916522257035,-0.00047779214912380846,0.00011190924974682861
3784,1625451648.2564354,0.0,-0.07476945966482162,0.018079577013850212,0.0724467784166336,-0.029564249618620635,-0.01002916075108376,0.8361964444332015,0.002498151734471321,-0.015015983022749424,-0.004001133609563112,-0.002766633571561021,-0.0005806639088307568,4.9145458161310903e-05
3785,1625451648.2664685,0.0,-0.07477399706840515,0.017849067226052284,0.0724463164806366,-0.029597303679261784,-0.010028178665175379,0.8362009101237884,0.003563416190445423,-0.017146511003375053,-0.007196926977485418,-0.0033403652263893813,-0.0005073250260272135,0.00021740540630391323
3786,1625451648.2764595,0.0,-0.07475089281797409,0.017648970708251,0.0724480152130127,-0.02962551919685248,-0.010034986376072572,0.8362016434576187,0.000367622880730778,0.004158778116106987,-0.0018706046976149082,-0.0030143229627590277,-0.00033549730986397533,0.00019579572693499122
3787,1625451648.2863553,0.0,-0.07473216205835342,0.017506957054138184,0.0724598616361618,-0.029645616862932593,-0.010039102101128607,0.8362020780309385,0.000367622880730778,0.0020282489713281393,0.006651510950177908,-0.002359480929644762,-0.0005094139498021782,2.2487253487143077e-05
3788,1625451648.2969756,0.0,-0.07468908280134201,0.01736069656908512,0.07246902585029602,-0.029666036774198087,-0.010048440764951053,0.8362004485630229,-0.000697641575243324,0.004158778116106987,0.0013251886703073978,-0.0018595995587545816,-0.0006095317617897812,-3.085936123739568e-05
3789,1625451648.3064592,0.0,-0.07466357946395874,0.01725360006093979,0.07249602675437927,-0.029682656395010255,-0.010053126941370893,0.8362020447937485,0.002498151734471321,0.005224042572081089,0.00771677540615201,-0.0017232506559287822,-0.0006434590513621589,-6.471792659408636e-06
3790,1625451648.3164392,0.0,-0.07466022670269012,0.0171856377273798,0.07252933084964752,-0.029690796211696874,-0.010056803790315871,0.8361995164659892,0.000367622880730778,0.019072478637099266,0.00771677540615201,-0.0010851338749294087,-0.0002708762019029323,-1.2262499226715445e-06
3791,1625451648.4081154,0.0,-0.07423368841409683,0.01719304732978344,0.07269959151744843,-0.029684859654200854,-0.010114139886023985,0.836200235106153,0.003563416190445423,-0.008624395355582237,0.0002599241561256349,0.0003180313126099455,-0.003178785849708715,-0.0001534629112027321
3792,1625451648.418086,0.0,-0.07419382035732269,0.01706642284989357,0.07269220054149628,-0.029702330483657856,-0.010122686044141009,0.8362007413607198,-0.002828170545399189,-0.016081247478723526,0.0002599241561256349,-0.00017039381316832954,-0.0035161140319116616,-9.185337468079152e-05
3793,1625451648.4280207,0.0,-0.07418814301490784,0.016901222988963127,0.07262411713600159,-0.029726841822240446,-0.01012730955592473,0.8362041376621289,-0.001762906089425087,-0.015015983022749424,-0.0018706046976149082,-0.0019851058661850295,-0.0006091270750982303,0.00010965647619306832
3794,1625451648.4382179,0.0,-0.07417082041501999,0.01673921011388302,0.07261107861995697,-0.02974821572699249,-0.010131474681043869,0.8362034281338281,-0.004958699457347393,-0.008624395355582237,-0.005066398065537214,-0.002347664789720441,-0.0004671229049917817,0.00019570367296731063
3795,1625451648.4480658,0.0,-0.07411258667707443,0.01656881347298622,0.07258537411689758,-0.029770678625575628,-0.010137439411295156,0.8361955165282688,0.005693945102393627,-0.01821177639067173,-0.010392720811069012,-0.002236417404719757,-0.0004932689089045642,-0.00024567770841515035
3796,1625451648.457931,0.0,-0.0741712898015976,0.016552980989217758,0.07247740030288696,-0.02977453498098303,-0.010129491195266863,0.8361964716324195,-0.023068195208907127,-0.00010227994062006474,-0.005066398065537214,-0.001483228695916957,6.822015389635259e-05,-0.00031895151912326634
3797,1625451648.4680593,0.0,-0.07552295923233032,0.01645852066576481,0.07243283092975616,-0.029801889354282386,-0.009937754991986195,0.8361902842469726,-0.22333791851997375,-0.08745396882295609,0.02689153514802456,-0.0009860184520790408,0.007976634651560621,-0.0005438589728227107
3798,1625451648.4779892,0.0,-0.07734334468841553,0.016394998878240585,0.07220777869224548,-0.029828750322551327,-0.009679238351664787,0.8361813754197328,-0.3106895983219147,0.13199050724506378,-0.10626652091741562,-0.00413732880548873,0.020925831007055497,-0.0020934053610783153
3799,1625451648.4881604,0.0,-0.07974714785814285,0.017511028796434402,0.07140626013278961,-0.029690088213274776,-0.009326707051372694,0.8361657591626821,-0.21801158785820007,0.03931250795722008,-0.00932745635509491,0.0043428504659425065,0.0315449589509675,-0.00436740414408575
3800,1625451648.4980698,0.0,-0.08123797178268433,0.016992049291729927,0.07045057415962219,-0.02977387014331114,-0.009121477768780827,0.8361588430038321,-0.27979692816734314,-0.1471087783575058,-0.12011495977640152,0.004812062606917905,0.029857614034143443,-0.005815066648226629
3801,1625451648.6104362,0.0,-0.06653177738189697,0.0008693613344803452,0.03914966061711311,-0.031813341461823984,-0.011385579764300317,0.8362503589983813,-0.20842421054840088,0.5335952639579773,-0.19361819326877594,-0.1296849123608682,-0.13025587307003272,0.009009150952639348
3802,1625451648.619795,0.0,-0.06966091692447662,0.0042164684273302555,0.03989046439528465,-0.03135543038979978,-0.01091907055289209,0.836236656177607,-0.19990210235118866,0.21295060217380524,0.28042447566986084,-0.10095213332541261,-0.1213061144557671,0.01208301523926278
3803,1625451648.6301353,0.0,-0.07025489956140518,0.005596986971795559,0.04320789501070976,-0.03117523228715622,-0.010823587270114947,0.8362330201287116,0.21661630272865295,-0.004363337531685829,0.4966731667518616,0.0376967426283974,0.03055265062848426,0.004829511551285504
3804,1625451648.6404827,0.0,-0.07100868225097656,0.006377647165209055,0.04657626524567604,-0.031082667701988205,-0.010707977724846746,0.8362290753685335,-0.09337565302848816,-0.00010227994062006474,0.4071909487247467,0.015705072264416742,0.011207284601187317,0.0028457269256618313
3805,1625451648.6497483,0.0,-0.07205250859260559,0.006033918354660273,0.04947856441140175,-0.031151536259382516,-0.010558682343049068,0.836224975147097,0.0706750750541687,-0.18971934914588928,0.08974213898181915,0.0010611960052624627,0.01350371981197269,0.0014740296207066718
3806,1625451648.6596375,0.0,-0.07068734616041183,0.004352684132754803,0.04959974065423012,-0.031382547507663706,-0.010765541102881741,0.8362323514794905,0.3817322850227356,-0.31115949153900146,0.02582627162337303,-0.014693048491744793,0.002485237846225772,-7.401175718389587e-05
3807,1625451648.6708636,0.0,-0.06789706647396088,0.002098547061905265,0.05025418475270271,-0.03168725673552787,-0.011179996676725187,0.8362448659095627,-0.11361567676067352,-0.12047716975212097,0.08867687731981277,-0.0280367334890744,-0.030357051984885797,0.00015600443430730264
3808,1625451648.6811213,0.0,-0.06912435591220856,0.003550287801772356,0.05140786990523338,-0.031493251461497965,-0.010993647041285005,0.836239283815505,0.013150796294212341,-0.119411900639534,0.1525927484035492,-0.009783171417965064,-0.012129120052685086,-0.0014408725919814636
3809,1625451648.69562,0.0,-0.06867571920156479,0.0032373445574194193,0.053177360445261,-0.031541560609348256,-0.011059252063251875,0.8362412462565061,-0.10615882277488708,-0.23765625059604645,0.12170007079839706,0.005040932931820685,0.007028847282124783,-0.003139134618757537
3810,1625451648.710149,0.0,-0.07146430760622025,0.0036559917498379946,0.056062888354063034,-0.03151542199654177,-0.010656358438534456,0.8362296041617829,-0.29790642857551575,-0.038451798260211945,0.1611148566007614,-0.0014846316477049525,0.01014620291313592,-0.001915159477190309
3811,1625451648.8334656,0.0,-0.08461533486843109,0.005461814347654581,0.05549011752009392,-0.031359729771149515,-0.008764471632035281,0.8361595369748474,-0.045438751578330994,-0.008624395355582237,-0.03808959573507309,0.008795062303268934,0.11680719327946967,-0.005438865831263891
3812,1625451648.8433404,0.0,-0.08499298989772797,0.005237678997218609,0.05539270117878914,-0.03139412356001077,-0.008712395379453279,0.8361574162760269,-0.06567877531051636,-0.03206021338701248,-0.0029358691535890102,0.006578232538544688,0.10751028809245756,-0.004547736106798774
3813,1625451648.853324,0.0,-0.08541758358478546,0.004671931266784668,0.05550510063767433,-0.031478966395422504,-0.00865620576180385,0.8361552741627388,-0.017741871997714043,-0.13219507038593292,0.017304155975580215,-0.006315022919763704,0.006899612605549307,-0.0008639945690001003
3814,1625451648.863271,0.0,-0.08569357544183731,0.004067832604050636,0.055877041071653366,-0.031569754300747925,-0.008621445310490854,0.8361540289032945,-0.020937664434313774,-0.082127645611763,0.032217856496572495,-0.009638005799171708,0.004534677991094996,-0.000544660572945028
3815,1625451648.873336,0.0,-0.08607999980449677,0.004287362098693848,0.05627958104014397,-0.031544089013505354,-0.008564355650730035,0.836151408923362,-0.025198722258210182,-0.003298073308542371,0.0364789143204689,-0.0050580851221377595,0.004462400739249039,-0.00019738826167413893
3816,1625451648.8832645,0.0,-0.08617930859327316,0.004801210016012192,0.056528765708208084,-0.031473144208429865,-0.008545920799778194,0.8361503467412614,-0.004958699457347393,0.019072478637099266,0.02263047732412815,0.0038687093742560577,0.0041055613142922985,0.0001353818192042283
3817,1625451648.8933012,0.0,-0.0862785205245018,0.005103723146021366,0.05657365545630455,-0.03143105860569741,-0.008529291522382729,0.8361494428147895,0.000367622880730778,0.011615629307925701,-0.007196926977485418,0.005797856911707078,0.002106527686216542,0.00046367649531796817
3818,1625451648.9034336,0.0,-0.08615892380475998,0.0050849029794335365,0.05638212338089943,-0.03143154548468121,-0.008546619970310886,0.8361502233289251,-0.001762906089425087,0.009485100395977497,-0.021045364439487457,0.0025479028592721646,0.00011579898266576379,0.000606624069571091
3819,1625451648.9134011,0.0,-0.08619724214076996,0.005078424699604511,0.056079428642988205,-0.03143083666506952,-0.008541369986400309,0.8361499849077071,-0.01348081510514021,0.022268272936344147,-0.03489380329847336,0.0004859368099631087,-0.0005902970840983128,0.0005027649700326883
3820,1625451648.9233751,0.0,-0.08620978891849518,0.005023988429456949,0.0557265542447567,-0.031436441667607146,-0.008540208205872632,0.8361499543172235,-0.007089228369295597,0.01800721511244774,-0.03063274547457695,0.00032268281590328306,0.0003737879421121237,0.0001975253054875524
3821,1625451649.0179033,0.0,-0.08662965893745422,0.0036007848102599382,0.055914122611284256,-0.031644157634030175,-0.008491544417779696,0.8361484052669281,-0.015611344017088413,-0.0022328088525682688,-0.004001133609563112,-0.01013802523491864,0.002091764462769784,5.414193705974621e-05
3822,1625451649.028056,0.0,-0.08666180074214935,0.00352302473038435,0.05588850751519203,-0.03165534858374934,-0.008487586254597751,0.8361482522591803,0.005693945102393627,-0.008624395355582237,-0.0018706046976149082,-0.01075659091600313,0.0025160952722139917,-8.566356504641025e-05
3823,1625451649.0380566,0.0,-0.08666045218706131,0.003451067255809903,0.05589305981993675,-0.03166563827200914,-0.008488351923714409,0.8361483102381796,-0.004958699457347393,0.006289307028055191,-0.0029358691535890102,-0.0011245439749784497,0.00031029551295397995,-6.613046414308043e-05
3824,1625451649.0480008,0.0,-0.08665434271097183,0.003428014228120446,0.05593131110072136,-0.03166912744859544,-0.008489396024508718,0.836148365247401,-0.001762906089425087,-0.00010227994062006474,0.010912568308413029,-0.0005441310518869777,-0.00010026549662507295,-4.9680699058848845e-05
3825,1625451649.0580366,0.0,-0.08668247610330582,0.0033809859305620193,0.05596906319260597,-0.03167631006580545,-0.008485744550421684,0.8361482155392621,0.000367622880730778,0.009485100395977497,0.0002599241561256349,-0.00025658865082350943,7.310215542862863e-05,-4.217021045486083e-05
3826,1625451649.0699177,0.0,-0.0867016464471817,0.003218770958483219,0.05599227175116539,-0.031699768134099346,-0.008484298894462727,0.8361481986582511,0.000367622880730778,0.0020282489713281393,-0.0018706046976149082,-0.0010711001892442207,0.00015252261354357861,-1.1159731631520593e-05
3827,1625451649.0804765,0.0,-0.0867541953921318,0.0030689870472997427,0.055997084826231,-0.03172160042992211,-0.00847799532440282,0.8361479546935658,0.003563416190445423,-0.0022328088525682688,-0.0018706046976149082,-0.0018571394253798282,0.00029207855757315223,-2.0069112161629177e-06
3828,1625451649.0909853,0.0,-0.08677442371845245,0.0029586658347398043,0.055968526750802994,-0.031737324275355625,-0.00847599775876539,0.8361478921121751,0.003563416190445423,-0.003298073308542371,-0.004001133609563112,-0.0018127631093635879,0.00031297741085984553,-4.341153595108775e-06
3829,1625451649.101365,0.0,-0.0868118405342102,0.0027998730074614286,0.05599837377667427,-0.03176048339285796,-0.008471920216914036,0.8361477451996625,0.007824474014341831,-0.008624395355582237,0.0023904531262815,-0.0019485200607057937,0.00023327634835950664,-1.0208215706428513e-05
3830,1625451649.1081038,0.0,-0.08681657165288925,0.002755159279331565,0.056006986647844315,-0.03176695948778283,-0.008471600813765467,0.8361477406920544,-0.003893435001373291,-0.0022328088525682688,0.0013251886703073978,-0.0017339758499412938,0.0001341100631499635,-9.05024256941877e-06
3831,1625451649.206969,0.0,-0.08701840043067932,0.0019584058318287134,0.05608784779906273,-0.03188282927529004,-0.008449160534093794,0.836146849376691,0.005693945102393627,-0.0011675443965941668,0.0023904531262815,-0.006748322405317307,0.0012141849812519199,-8.573912093908825e-05
3832,1625451649.2167268,0.0,-0.08705952018499374,0.0018759103259071708,0.05607397481799126,-0.0318948438334416,-0.00844395370627879,0.8361466201041928,-0.003893435001373291,0.0009629845153540373,-0.006131662521511316,-0.006993873843812253,0.0014881684590842016,-7.70087117162257e-05
3833,1625451649.2270062,0.0,-0.08709274977445602,0.001823442173190415,0.05607020482420921,-0.03190257487791636,-0.00843963139985908,0.83614642760406,-0.002828170545399189,0.004158778116106987,0.0013251886703073978,-0.0011195166103350107,0.0004289458047569555,-1.7471460493673307e-05
3834,1625451649.243012,0.0,-0.08716663718223572,0.0017493339255452156,0.056019823998212814,-0.03191341634937664,-0.008429682457182112,0.8361459791483317,-0.008154492825269699,-0.004363337531685829,-0.008262191899120808,-0.0006893178332143856,0.0008628264529447096,-2.514193597895823e-05
3835,1625451649.2531781,0.0,-0.08721238374710083,0.0016938158078119159,0.05600632354617119,-0.03192161907969578,-0.008423598107254127,0.8361457048430545,-0.004958699457347393,-0.007559130899608135,-0.0008053402998484671,-0.0006436916624371284,0.000984582171062048,-2.814800682144321e-05
3836,1625451649.2636194,0.0,-0.08724615722894669,0.0016190297901630402,0.05600440874695778,-0.03193255167311068,-0.008419376059191935,0.8361455160614382,0.001432887278497219,-0.003298073308542371,0.0023904531262815,-0.0009087539025373177,0.0005155554025666793,-1.615817620305494e-05
3837,1625451649.2732048,0.0,-0.08725792169570923,0.0015845450107008219,0.05604686960577965,-0.03193784592931666,-0.008417970846795957,0.8361454535642626,0.003563416190445423,0.004158778116106987,0.003455717582255602,-0.0007895755159765128,0.00026361904656875627,-1.5616463123799165e-05
3838,1625451649.28417,0.0,-0.08727933466434479,0.0015079037984833121,0.056046534329652786,-0.031948954674482985,-0.00841552827265455,0.8361453449146801,0.001432887278497219,0.0009629845153540373,0.004520982038229704,-0.000773490803888914,0.00017796398409757419,-1.9660767943125887e-05
3839,1625451649.2933455,0.0,-0.08730302006006241,0.0013899893965572119,0.056098852306604385,-0.03196631747461878,-0.008413090903614515,0.8361452365222157,-0.002828170545399189,-0.0011675443965941668,0.006651510950177908,-0.0014033493889069244,0.0001687504881045994,-1.7373818908092292e-05
3840,1625451649.3037996,0.0,-0.08732680231332779,0.0013144182739779353,0.05608568713068962,-0.031977208521203594,-0.00841030224090996,0.8361451097058556,-0.004958699457347393,0.0009629845153540373,0.008782039396464825,-0.0014351852185882303,0.0002030543012509101,-2.044319148521147e-05
3841,1625451649.403865,0.0,-0.08762294799089432,0.0006233994499780238,0.05605247989296913,-0.03207799515070338,-0.008373567324096089,0.8361433909594725,-0.001762906089425087,0.004158778116106987,0.0002599241561256349,-0.006845102880563974,0.0024212718126996454,-0.00012250311634675646
3842,1625451649.4137862,0.0,-0.08763426542282104,0.0005397065542638302,0.056064922362565994,-0.03209011339971305,-0.008372623572819739,0.8361433390073227,-0.002828170545399189,0.0030935134273022413,-0.0018706046976149082,-0.007004468156491956,0.0023563185791965428,-0.00011762072071078608
3843,1625451649.4238963,0.0,-0.08766333013772964,0.0004627057642210275,0.05608201399445534,-0.03210144939394094,-0.008369093964836039,0.8361431674363392,-0.001762906089425087,0.004158778116106987,-0.0008053402998484671,-0.0011629455049981079,0.00019977280840429608,-1.8893836905115366e-05
3844,1625451649.4338682,0.0,-0.08769434690475464,0.00040831370279192924,0.05610073730349541,-0.032109584943719835,-0.008365105114542679,0.8361429765286673,-0.000697641575243324,0.0009629845153540373,0.005586246494203806,-0.0008781577421710113,0.0003337833333375317,-2.525107241679964e-05
3845,1625451649.444055,0.0,-0.08773112297058105,0.0003407062031328678,0.05608811601996422,-0.03211944613652227,-0.008360396274190336,0.8361427501796876,0.001432887278497219,-0.006493866443634033,-0.0029358691535890102,-0.0007870882906068302,0.000418515707786082,-2.7351521802668402e-05
3846,1625451649.4539814,0.0,-0.08774787932634354,0.0002399221993982792,0.05608159676194191,-0.03213392232468729,-0.008358811331886658,0.8361426625636029,-0.003893435001373291,0.006289307028055191,-0.0018706046976149082,-0.0012330105072402486,0.0002453447523907525,-1.767160236462561e-05
3847,1625451649.4639919,0.0,-0.08777854591608047,0.00018054014071822166,0.0560876689851284,-0.03214268382182457,-0.008354911073810721,0.8361424729226385,0.000367622880730778,0.0030935134273022413,0.0023904531262815,-0.0012157567875039329,0.00024498769357230105,-1.6949877140748794e-05
3848,1625451649.4738407,0.0,-0.08779967576265335,0.00010843202471733093,0.056077975779771805,-0.03215308109036337,-0.008352471436817888,0.8361423482533004,0.005693945102393627,0.0020282489713281393,0.0002599241561256349,-0.0009457502589316916,0.00035809083690457926,-1.8829189092680362e-05
3849,1625451649.4838705,0.0,-0.08784475177526474,6.142398342490196e-05,0.05607575550675392,-0.032160137041176255,-0.008346414005665888,0.8361420595636785,-0.006023963913321495,-0.005428601987659931,-0.0008053402998484671,-0.0008186647347109186,0.00034052269835488374,-1.530887087017704e-05
3850,1625451649.4937747,0.0,-0.08785781264305115,8.206348866224289e-06,0.056062858551740646,-0.032167752083790815,-0.008344973850298455,0.8361419833425586,0.001432887278497219,0.006289307028055191,0.00771677540615201,-0.0007255172525750195,0.0003496936532998756,-1.700585721442767e-05
3851,1625451649.5905023,0.0,-0.08810023963451385,-0.0007300358847714961,0.05611233040690422,-0.03227539066558065,-0.008316300338546329,0.8361404746225295,-0.003893435001373291,-0.006493866443634033,-0.0018706046976149082,-0.005603235519103868,0.0014112140554800095,-6.314297963175697e-05
3852,1625451649.6005228,0.0,-0.08811589330434799,-0.0008329140255227685,0.05609746649861336,-0.032290100845775195,-0.008314886371745808,0.836140378173947,-0.003893435001373291,-0.005428601987659931,-0.004001133609563112,-0.005978260864442501,0.0014973666188580284,-6.636867770235699e-05
3853,1625451649.6104782,0.0,-0.08815246820449829,-0.0009284761035814881,0.056081149727106094,-0.03230392460558087,-0.008310426834332502,0.8361401405093515,-0.000697641575243324,-0.00968965981155634,0.0013251886703073978,-0.0012212128972644836,0.0002801622474256388,-5.451065391507864e-06
3854,1625451649.6204314,0.0,-0.08817008137702942,-0.0009755587088875473,0.05610637739300728,-0.032310953463300464,-0.008308298442600004,0.8361400255746468,-0.002828170545399189,-0.003298073308542371,0.0013251886703073978,-0.001016997663713406,0.00025627542944584573,-7.507064108482755e-06
3855,1625451649.630445,0.0,-0.08819960057735443,-0.0010510680731385946,0.05612202361226082,-0.03232207130240318,-0.00830469583159369,0.8361398320149915,0.000367622880730778,0.0009629845153540373,-0.005066398065537214,-0.0010033386708803512,0.00029471956557409725,-1.2220117250276811e-05
3856,1625451649.640468,0.0,-0.08821985870599747,-0.001100632594898343,0.0561274029314518,-0.032329343616038245,-0.008302203735865377,0.8361396985719748,-0.000697641575243324,-0.0022328088525682688,0.0002599241561256349,-0.0008934355314583409,0.00026699022401713377,-1.0713717552952519e-05
3857,1625451649.6504118,0.0,-0.08823873102664948,-0.0011757195461541414,0.05610037222504616,-0.03234003166679417,-0.008300102671498714,0.8361395744792895,-0.002828170545399189,-0.0022328088525682688,0.003455717582255602,-0.0007520726708728791,0.00011019988083359913,-1.1481017092961634e-06
3858,1625451649.6605103,0.0,-0.08827298134565353,-0.0012278229696676135,0.05611228570342064,-0.032347821897628935,-0.008295636182465274,0.8361393466697689,-0.001762906089425087,-0.005428601987659931,0.008782039396464825,-0.000812510810710543,0.0002710858869787084,-7.233635062501986e-06
3859,1625451649.6703494,0.0,-0.08829380571842194,-0.0013058813055977225,0.056112926453351974,-0.03235913394420546,-0.008293290027912487,0.836139208030997,0.000367622880730778,0.0020282489713281393,0.009847303852438927,-0.0008511863258840746,0.00033957251884000786,-1.1082495017174432e-05
3860,1625451649.6805315,0.0,-0.08830636739730835,-0.001351681537926197,0.056106846779584885,-0.032365730896089476,-0.008291862010618253,0.8361391239590281,0.004628680646419525,-0.004363337531685829,-0.005066398065537214,-0.0008046796109444631,0.0002203824876767899,-6.095910818541317e-06
3861,1625451649.7858167,0.0,-0.088568776845932,-0.0019614582415670156,0.05608246102929115,-0.03245469881843725,-0.008259286016000428,0.836137335215938,-0.000697641575243324,0.0020282489713281393,0.0002599241561256349,-0.0047633151357676,0.0016491544158434926,-0.00010096678682750771
3862,1625451649.7949975,0.0,-0.08858400583267212,-0.0020535928197205067,0.056076157838106155,-0.03246792827340672,-0.008257847655430868,0.8361372236228557,-0.006023963913321495,-0.006493866443634033,0.0002599241561256349,-0.00518728324558225,0.0016790205805243621,-0.00010527932921384961
3863,1625451649.8050532,0.0,-0.08860226720571518,-0.002103289356455207,0.05605867877602577,-0.03247505003438272,-0.008255630875508228,0.8361370953734397,0.002498151734471321,0.0020282489713281393,-0.0029358691535890102,-0.0010768258980001254,0.00022582079399773963,-2.3196567130742206e-05
3864,1625451649.8148572,0.0,-0.0886092558503151,-0.002151783322915435,0.05604751035571098,-0.032481952296395285,-0.0082550162646279,0.8361370426769817,-0.001762906089425087,-0.0011675443965941668,0.003455717582255602,-0.0006806001557914988,0.00015024711395630698,-1.272294368380542e-05
3865,1625451649.824889,0.0,-0.08860664814710617,-0.002230897545814514,0.05605725571513176,-0.03249328836882904,-0.008256026938255195,0.8361370501776086,0.007824474014341831,-0.004363337531685829,0.004520982038229704,-0.0008203664744281369,-3.873253364089802e-06,3.583932093160731e-07
3866,1625451649.8348887,0.0,-0.08864502608776093,-0.0023020075168460608,0.0560557059943676,-0.03250373390488824,-0.0082511181545038,0.8361367822485726,0.001432887278497219,-0.008624395355582237,0.004520982038229704,-0.0009683884115215004,0.0001695393940081919,-6.417650828867999e-06
3867,1625451649.845083,0.0,-0.08865863084793091,-0.0023317488376051188,0.056063514202833176,-0.032508139878298974,-0.008249418696597358,0.8361366863807733,0.000367622880730778,-0.00010227994062006474,0.00771677540615201,-0.0007239162820557727,0.0002553558184067187,-1.2111890626391975e-05
3868,1625451649.854874,0.0,-0.08867768943309784,-0.002395438030362129,0.05607341602444649,-0.03251744871683311,-0.008247213987630918,0.836136548423583,-0.000697641575243324,-0.008624395355582237,-0.0018706046976149082,-0.0006012133035250703,0.00012646343114123014,-8.723191407248916e-06
3869,1625451649.8649244,0.0,-0.08868125081062317,-0.0024461718276143074,0.0560833103954792,-0.03252478456517174,-0.008247117487512043,0.8361365163426757,0.001432887278497219,-0.005428601987659931,0.0023904531262815,-0.0007982166150458531,8.71494800291276e-05,-1.0710994655118161e-05
3870,1625451649.874852,0.0,-0.08871451765298843,-0.0025291903875768185,0.056067224591970444,-0.03253679122820349,-0.008243025808583694,0.8361362781872641,0.003563416190445423,-0.0022328088525682688,-0.00932745635509491,-0.00099455886945433,0.00023313638411030666,-1.6223578122264908e-05
3871,1625451649.9765904,0.0,-0.08889268338680267,-0.003107766853645444,0.056117985397577286,-0.03262113346842326,-0.008222264214333308,0.8361349499966495,-0.000697641575243324,-0.010754924267530441,0.0023904531262815,-0.005428904708152276,0.00142694213355549,-9.108892508092548e-05
3872,1625451649.9866734,0.0,-0.08891186863183975,-0.0031422930769622326,0.05612938478589058,-0.03262629139532752,-0.00821981016896018,0.8361348112035711,-0.002828170545399189,0.0020282489713281393,-0.0018706046976149082,-0.005271702448494341,0.001336815609214172,-8.430021075436172e-05
3873,1625451649.9966607,0.0,-0.08892442286014557,-0.003188651753589511,0.05611705407500267,-0.032632925051807385,-0.00821838215519699,0.8361347138993698,0.003563416190445423,0.0030935134273022413,0.0002599241561256349,-0.0007381342651168169,0.00022701921730755698,-1.489613074579573e-05
3874,1625451650.006628,0.0,-0.08893320709466934,-0.003242071717977524,0.05610542371869087,-0.032640541051951036,-0.008217549104965263,0.8361346398382093,0.002498151734471321,-0.004363337531685829,0.0023904531262815,-0.0006800013215448853,0.00011617163583936975,-1.1390468170839862e-05
3875,1625451650.0165894,0.0,-0.08895985037088394,-0.003267273074015975,0.05610526725649834,-0.03264434976479278,-0.008213948397060467,0.8361344523760978,-0.000697641575243324,0.0020282489713281393,0.003455717582255602,-0.0005594820548580331,0.00014939610387828224,-1.312968686596702e-05
3876,1625451650.0266058,0.0,-0.08898691833019257,-0.0033249943517148495,0.056132722645998,-0.03265298957036775,-0.008210566215183644,0.8361342525249074,-0.001762906089425087,-0.0011675443965941668,0.005586246494203806,-0.0005712726710999924,0.00027139338600081436,-1.9380075037757353e-05
3877,1625451650.0365438,0.0,-0.08900298178195953,-0.0034074527211487293,0.05612913891673088,-0.032664862396308204,-0.008208932452141708,0.8361341193222084,0.002498151734471321,-0.0011675443965941668,0.0002599241561256349,-0.0009428399793543505,0.00023456584918572074,-1.9670104788768367e-05
3878,1625451650.046524,0.0,-0.08900130540132523,-0.003456047736108303,0.0561300553381443,-0.03267179072239344,-0.008209562035239433,0.8361341159093898,0.001432887278497219,-0.007559130899608135,-0.0018706046976149082,-0.0008639537897974296,5.771441632069718e-05,-1.139206226261829e-05
3879,1625451650.0564606,0.0,-0.0890253484249115,-0.003549464512616396,0.056138474494218826,-0.03268537238465484,-0.008206885595252199,0.8361339234952825,-0.001762906089425087,-0.00010227994062006474,0.003455717582255602,-0.0009680784195071444,7.173673183438459e-05,-1.0101399971845095e-05
3880,1625451650.0663972,0.0,-0.08904360234737396,-0.003603945951908827,0.05615993216633797,-0.03269343898190072,-0.008204732535582918,0.8361337819472363,0.000367622880730778,-0.006493866443634033,-0.0029358691535890102,-0.0011204014532126124,0.0002020612892224354,-1.5770241054877658e-05
3881,1625451650.1642404,0.0,-0.08926305174827576,-0.004144659265875816,0.0562279187142849,-0.03277282572636503,-0.00817780439377977,0.8361320906423776,-0.006023963913321495,-0.0011675443965941668,-0.0018706046976149082,-0.004180738415782561,0.0013381484213800176,-8.739349401879986e-05
3882,1625451650.1738365,0.0,-0.08927655220031738,-0.004220577422529459,0.056229595094919205,-0.032783780086985966,-0.008176488810837504,0.8361319673533096,0.001432887278497219,-0.00968965981155634,0.003455717582255602,-0.00434784336252863,0.0013872369018851877,-9.232958500100227e-05
3883,1625451650.1839995,0.0,-0.08928585052490234,-0.004274772945791483,0.05623922869563103,-0.0327916545831607,-0.00817560490509027,0.8361318811350218,0.002498151734471321,0.0020282489713281393,0.004520982038229704,-0.000999006213730222,0.0001551894854482283,-1.7000216058939643e-05
3884,1625451650.1937375,0.0,-0.08927884697914124,-0.004333109594881535,0.05622575059533119,-0.032799832770934574,-0.008177062186377287,0.8361319038864963,-0.000697641575243324,-0.007559130899608135,-0.0029358691535890102,-0.000737949774645166,-5.750851865462808e-05,-4.3148881588202095e-06
3885,1625451650.20377,0.0,-0.08929586410522461,-0.004383562132716179,0.05622018501162529,-0.03280713168774059,-0.008175034195570662,0.8361317657871854,-0.000697641575243324,-0.004363337531685829,0.0002599241561256349,-0.0006691075240504368,-2.4035329898435842e-05,-8.188768754056784e-06
3886,1625451650.213733,0.0,-0.08932247757911682,-0.004458106122910976,0.05623927339911461,-0.03281811303383048,-0.00817185057076257,0.8361315509650546,-0.000697641575243324,-0.010754924267530441,0.0002599241561256349,-0.0008289299282613383,0.00023424236038401206,-2.4654804427837735e-05
3887,1625451650.223856,0.0,-0.08935180306434631,-0.0045064231380820274,0.05624524876475334,-0.032825284052667235,-0.008168058479604182,0.8361313287787175,0.001432887278497219,-0.005428601987659931,0.0013251886703073978,-0.0009051173749916915,0.00032812015159385346,-3.0423297764281686e-05
3888,1625451650.2336414,0.0,-0.08939235657453537,-0.004517866298556328,0.056240443140268326,-0.03282720914253882,-0.008162358594621284,0.8361310464263745,-0.002828170545399189,0.0030935134273022413,0.0013251886703073978,-0.0005444789210231471,0.00041571345928019147,-3.1714040218245816e-05
3889,1625451650.2438278,0.0,-0.08940137177705765,-0.0045132883824408054,0.05624283477663994,-0.03282664421884789,-0.008161037179376364,0.8361309868943763,0.000367622880730778,0.0009629845153540373,0.0023904531262815,-6.24676227353269e-05,0.0003261311786838031,-2.4107382849690896e-05
3890,1625451650.253838,0.0,-0.08943745493888855,-0.0045687174424529076,0.05622061714529991,-0.03283469251376416,-0.008156313902695354,0.8361307144456693,-0.000697641575243324,-0.003298073308542371,0.0002599241561256349,-0.0002738253296829568,0.0002789545009052271,-2.2849015385736018e-05
3891,1625451650.3671875,0.0,-0.08961892873048782,-0.005162952002137899,0.056246135383844376,-0.03292112529319362,-0.0081352109733486,0.8361291678462873,0.000367622880730778,-0.0022328088525682688,0.0023904531262815,-0.005133751923987974,0.001386878629352881,-0.00010897067572661348
3892,1625451650.3770697,0.0,-0.08963251113891602,-0.005187499336898327,0.05626976862549782,-0.032924898611325006,-0.008133491996711498,0.8361290609618552,-0.003893435001373291,-0.0022328088525682688,0.005586246494203806,-0.005095029360948376,0.001244628671233978,-9.744825761132464e-05
3893,1625451650.3870044,0.0,-0.0896352007985115,-0.00524188531562686,0.05627882853150368,-0.032932743699568674,-0.008133553936747091,0.8361290120825678,0.000367622880730778,-0.0022328088525682688,-0.005066398065537214,-0.0006212776708060733,9.889087407196332e-05,-1.5159541074306736e-05
3894,1625451650.3969853,0.0,-0.08966576308012009,-0.005222686100751162,0.056296225637197495,-0.03293036719034515,-0.008129054242626402,0.8361288128128475,-0.002828170545399189,-0.006493866443634033,0.0002599241561256349,-0.0002360571234163455,0.0001796903389907696,-1.7500805716222062e-05
3895,1625451650.4068513,0.0,-0.08970063179731369,-0.005312022753059864,0.05628373101353645,-0.03294331058241764,-0.008124784397978486,0.8361285223938837,-0.000697641575243324,-0.008624395355582237,0.0023904531262815,-0.0004756550370967754,0.0003803977097856227,-2.9177251715000052e-05
3896,1625451650.4168408,0.0,-0.08971472829580307,-0.005370959639549255,0.05631265416741371,-0.03295203234842429,-0.008123274478866384,0.8361283913837256,-0.002828170545399189,-0.004363337531685829,0.008782039396464825,-0.0010742682300819376,0.00027450471269824375,-2.687153415855541e-05
3897,1625451650.4267735,0.0,-0.08972392976284027,-0.005429244600236416,0.056296419352293015,-0.03296031308090044,-0.008122414334037605,0.83612829392899,-0.004958699457347393,-0.0022328088525682688,-0.005066398065537214,-0.0008474084662825822,9.641227948645622e-05,-1.6917693432019014e-05
3898,1625451650.4368958,0.0,-0.08973817527294159,-0.005521937273442745,0.05630475655198097,-0.03297371269715837,-0.008121135009697501,0.8361281405891199,0.003563416190445423,-0.0022328088525682688,0.006651510950177908,-0.0010540832248438123,0.00013975461534998266,-1.8790709967686283e-05
3899,1625451650.4468546,0.0,-0.0897444561123848,-0.005562960635870695,0.056270863860845566,-0.032979385716511135,-0.008120534886923464,0.8361280724878642,0.000367622880730778,-0.004363337531685829,-0.005066398065537214,-0.0009423675965117416,9.657007042515974e-05,-1.5990498698839414e-05
3900,1625451650.4567223,0.0,-0.08974426239728928,-0.005568092223256826,0.056312013417482376,-0.03298039802654139,-0.0081206447699438,0.8361280706961164,-0.003893435001373291,0.009485100395977497,0.0013251886703073978,-0.00045322632024350276,-7.652508733416138e-05,-4.3268558299978e-06
