,time,gait,r,p,y,x,y,z,wx,wy,wz,vx,vy,vz
0,1623510920.8843539,0.0,0.0,0.0,0.0,0.0,0.0,0.0,0.0,0.0,0.0,0.0,0.0,0.0
1,1623510920.95814,0.0,-0.0421634167432785,-0.07207635790109634,0.008203959092497826,1.2786906255293773e-06,7.796025114359395e-07,0.07372409341907862,-0.0005011003231629729,-0.00040939077734947205,-0.004032452125102282,0.00013323177611636674,0.00017768358835873642,2.4709444089492874e-05
2,1623510920.965776,0.0,-0.042176976799964905,-0.07204809039831161,0.00819297693669796,1.1421896159644063e-06,1.8313971827388364e-06,0.07372535639864732,-0.001566364779137075,0.001721138134598732,-0.005097716581076384,9.489605550871352e-05,0.00016282382623711804,0.00011047052473507373
3,1623510920.975553,0.0,-0.04217510297894478,-0.07203885912895203,0.008160321041941643,2.8283998955574985e-06,5.498910097545551e-07,0.0737240760517915,0.0026946929283440113,-0.002539919689297676,-0.0029671876691281796,6.562555685318018e-05,1.920329462812066e-05,-4.4726647358784476e-05
4,1623510920.9857235,0.0,-0.04215560108423233,-0.07206269353628159,0.008182712830603123,1.3597591272535015e-06,9.869838352161153e-08,0.0737257672603413,0.0005641641328111291,-0.007866241969168186,0.0012938702711835504,-2.1521915665063266e-05,-0.00010552589777050876,-0.00013745633757286633
5,1623510920.9961276,0.0,-0.04215653985738754,-0.07209055125713348,0.008179488591849804,-4.1075073380081317e-07,-7.563434560459159e-07,0.07372408901447355,-0.002631629351526499,-0.00040939077734947205,-0.005097716581076384,-0.0002013447617510989,-0.00013721245875421428,6.323461621663028e-05
6,1623510921.005578,0.0,-0.04217910021543503,-0.07208942621946335,0.00816856138408184,-2.1379868838516947e-07,7.771388371713428e-07,0.07372256884459792,0.0005641641328111291,0.002786402590572834,-0.007228245493024588,-0.00013442205886212994,-1.8736664622882667e-05,-5.140629285645237e-05
7,1623510921.0150168,0.0,-0.04218140244483948,-0.07209543883800507,0.008152469992637634,-9.86802099561812e-07,6.768959145281306e-07,0.07372558682643236,-0.0005011003231629729,-0.00467044860124588,-0.0029671876691281796,3.560382796314138e-05,2.4127743902372066e-05,2.8891533167246025e-05
8,1623510921.0248284,0.0,-0.04219459742307663,-0.07209597527980804,0.008163009770214558,-6.65963451981777e-07,1.9082328002878457e-06,0.07372248104415788,-0.003696893807500601,0.00065587367862463,0.00022860581520944834,2.6598499320349247e-05,1.0796480249477462e-05,3.582512791045551e-05
9,1623510921.0354428,0.0,-0.04218381643295288,-0.07210135459899902,0.008179034106433392,-1.4732291270733167e-06,2.1462911776598537e-06,0.07372562658469442,0.005890486296266317,-0.00040939077734947205,-0.006162981037050486,-4.078861007493317e-05,-1.79143353926736e-05,4.797705214686099e-05
10,1623510921.044887,0.0,-0.0421723835170269,-0.07210856676101685,0.00816827081143856,-9.222210312076484e-07,3.3407875016377986e-07,0.07372259792358908,0.0005641641328111291,-0.001474655233323574,-0.006162981037050486,-7.733663651702173e-05,-0.00010204547960654659,7.875992819791257e-05
11,1623510921.054986,0.0,-0.042165666818618774,-0.07208701223134995,0.008180861361324787,-5.528352014505522e-07,-3.54355788712013e-07,0.07372293912548951,-0.004762158263474703,0.002786402590572834,0.00022860581520944834,0.00023486158383303208,-0.00021535395253424454,5.955127011149209e-05
12,1623510921.0648625,0.0,-0.042187079787254333,-0.07207252085208893,0.008169994689524174,6.460889543091763e-07,1.3687040361365366e-06,0.07372560259203238,0.0026946929283440113,-0.001474655233323574,0.0012938702711835504,0.0002876072946785308,-3.919108592503715e-05,0.00026271614129833406
13,1623510921.07486,0.0,-0.042177580296993256,-0.0720573365688324,0.00818808563053608,9.11044229230662e-07,1.7734055719337283e-06,0.07372698453995619,-0.001566364779137075,-0.001474655233323574,0.00022860581520944834,2.64030355180573e-05,7.366593007427609e-05,0.00015410774326002103
14,1623510921.0848637,0.0,-0.04217417165637016,-0.07204987108707428,0.008154078386723995,1.6048637378196506e-06,2.647264486496659e-06,0.07372553997069402,0.006955750752240419,-0.002539919689297676,0.0023591346107423306,3.5259656336947284e-05,-3.476823052027323e-07,-9.756343176747388e-06
15,1623510921.0949872,0.0,-0.04218416288495064,-0.07205832004547119,0.008148841559886932,2.0881860918267603e-06,1.7471317625417093e-06,0.07372446875771596,-0.004762158263474703,-0.001474655233323574,0.0012938702711835504,6.276588741925971e-06,-2.4498694592481007e-05,-6.440653307789902e-05
16,1623510921.1048164,0.0,-0.042172469198703766,-0.07207375019788742,0.008140871301293373,1.1232050943013605e-06,1.341609768043539e-06,0.07372263994411254,0.0016294285887852311,-0.001474655233323574,0.0012938702711835504,-6.709594143825889e-05,-3.4851762235288304e-05,-7.600278172619671e-05
17,1623510921.114939,0.0,-0.04216016083955765,-0.07207132130861282,0.00814503338187933,1.9868125358743494e-06,-2.0755150087758967e-06,0.07372607914718825,-0.0005011003231629729,-0.011062035337090492,0.007685456890612841,2.1385423504103876e-05,-0.0001695600235358604,-2.8188459265924328e-05
18,1623510921.124857,0.0,-0.0421697199344635,-0.07211367785930634,0.008161673322319984,-7.295170748045088e-07,-7.77577005006691e-08,0.07372291134314092,0.008021015673875809,-0.007866241969168186,0.0012938702711835504,-9.88603706457271e-05,-7.264517075409178e-05,-5.103071472591728e-06
19,1623510921.1349018,0.0,-0.042181722819805145,-0.0721304714679718,0.00815476756542921,-2.7218938220482936e-06,1.9032764509568922e-06,0.07372425044843912,0.0026946929283440113,-0.005735713057219982,-0.007228245493024588,-0.0002823998538475765,4.6371384891736586e-05,-6.8002760260647e-05
20,1623510921.144925,0.0,-0.042167872190475464,-0.07213134318590164,0.008130133152008057,-2.6766667746841444e-06,-1.2442441057192166e-06,0.07372445819313582,0.0037599573843181133,-0.008931506425142288,-0.004032452125102282,-0.00012675360065767343,-5.886452625782506e-05,-8.631144087099927e-06
21,1623510921.1551266,0.0,-0.042152997106313705,-0.07218078523874283,0.00812144298106432,-7.093515047948418e-06,-3.203464693096736e-07,0.07372312436460257,0.0005641641328111291,-0.011062035337090492,-0.004032452125102282,-0.00012581383311436472,-0.00015147962991763603,1.1001164719143553e-05
22,1623510921.1649113,0.0,-0.04216092824935913,-0.07220427691936493,0.008120226673781872,-7.952634087829424e-06,3.0807889493666973e-07,0.0737244270555668,0.0026946929283440113,-0.00467044860124588,0.006620192434638739,-0.00024686286786718516,-6.383220210460678e-05,6.79658422188734e-05
23,1623510921.1749296,0.0,-0.04216616600751877,-0.07220534980297089,0.008130975067615509,-8.518032005667975e-06,7.929403746248509e-07,0.07372277139201393,-0.0005011003231629729,0.003851667046546936,0.005554927978664637,-0.00015763893835211165,3.0080295134851508e-05,-5.520882176793482e-05
24,1623510921.1848466,0.0,-0.042172517627477646,-0.07224412262439728,0.00810585729777813,-1.042050293902086e-05,9.219115695846547e-08,0.0737214721685432,0.004825221840292215,-0.001474655233323574,0.00022860581520944834,-0.00019601741885899205,2.8005132796494206e-05,-0.00013559189951468508
25,1623510921.1950305,0.0,-0.042164772748947144,-0.0722140222787857,0.008151791989803314,-8.086770640264307e-06,5.760017412065332e-07,0.07372290587424715,0.0005641641328111291,-0.002539919689297676,0.00022860581520944834,-3.7263076227052385e-06,4.23688343522438e-05,3.823116694542597e-05
26,1623510921.204964,0.0,-0.04216308146715164,-0.07218711823225021,0.008151618763804436,-5.668132466572773e-06,1.5074995137476233e-06,0.07372132428046875,-0.002631629351526499,0.01130851823836565,0.005554927978664637,0.00014821185071535432,-1.2723380919120465e-05,5.2398638171821434e-05
27,1623510921.2149124,0.0,-0.04216085746884346,-0.0721646398305893,0.008166608400642872,-3.755095977366063e-06,-8.116001623675873e-07,0.07372159545944504,0.0016294285887852311,-0.001474655233323574,0.0034243990667164326,0.00018949784579982978,-7.211519261345014e-05,-2.322979867532275e-05
28,1623510921.2248576,0.0,-0.04216383397579193,-0.07218918949365616,0.00814600195735693,-6.597880782381604e-06,-5.254173686131125e-07,0.07372295113607069,0.004825221840292215,-0.001474655233323574,-0.0029671876691281796,-4.321756574746524e-05,-2.6211300345861317e-05,4.497400316921054e-05
29,1623510921.2350874,0.0,-0.0421568937599659,-0.07215633988380432,0.008164660073816776,-4.698422868508467e-06,-9.91014625473241e-07,0.0737243742846288,-0.0005011003231629729,-0.00040939077734947205,-0.0008366586407646537,-5.011817237702286e-05,-8.0512122245295e-06,9.292888244015932e-05
30,1623510921.2449875,0.0,-0.04217124357819557,-0.0721580758690834,0.008149364031851292,-3.6623284731529537e-06,1.3907108620259123e-07,0.07372276714298723,-0.0005011003231629729,-0.001474655233323574,-0.007228245493024588,0.00011539076103691558,1.3961978750478085e-05,2.3251553061659497e-05
31,1623510921.254949,0.0,-0.04217403754591942,-0.07217242568731308,0.008157278411090374,-5.540203094150931e-06,4.1021155480769345e-07,0.07372405593291206,0.0037599573843181133,0.00065587367862463,0.004489663522690535,-0.00013227533009565586,0.00017510281036298164,5.960087875649362e-05
32,1623510921.2649298,0.0,-0.04215404391288757,-0.07218969613313675,0.008145068772137165,-6.6419726886257635e-06,-1.3205486706913128e-07,0.07372147646157899,0.008021015673875809,-0.00040939077734947205,0.004489663522690535,-0.00021920554046711378,9.22281036362186e-05,3.947672071268118e-05
33,1623510921.275241,0.0,-0.04213787242770195,-0.07215092331171036,0.008131677284836769,-3.279643610555605e-06,-1.3995114255260788e-06,0.0737231704994254,-0.003696893807500601,0.007047460414469242,0.00875072181224823,5.93685040743034e-05,-0.00011104058071512431,-8.543611128572183e-05
34,1623510921.2850516,0.0,-0.04215237870812416,-0.07213049381971359,0.008127687498927116,-1.8230334580746077e-06,-1.3783049602478226e-06,0.0737231876163496,-0.002631629351526499,0.002786402590572834,-0.007228245493024588,0.00020691158914645165,-4.4880447909581004e-05,-2.348371123746229e-05
35,1623510921.2949994,0.0,-0.04215400665998459,-0.07211370766162872,0.008143166080117226,-1.4724970330837195e-06,-1.7199407591206306e-07,0.07371847408048575,0.0005641641328111291,-0.007866241969168186,0.0023591346107423306,0.0001779414090661123,4.2058578425542384e-05,-0.00011997081436126552
36,1623510921.3049173,0.0,-0.04217063635587692,-0.07213462889194489,0.00812277477234602,-2.0285476026032923e-06,-6.287690286488345e-08,0.07372303077852217,-0.006892687175422907,-0.00467044860124588,-0.0008366586407646537,3.524336364899422e-05,8.977631434562442e-05,-3.6406674824620076e-05
37,1623510921.3148665,0.0,-0.042147986590862274,-0.07211234420537949,0.008115527220070362,-4.390791711675335e-07,-8.647631448144288e-07,0.07372307529157883,-0.0005011003231629729,-0.007866241969168186,0.0034243990667164326,2.7018029640811203e-05,-9.249600415418124e-06,0.00018865192641298896
38,1623510921.3254726,0.0,-0.04214485362172127,-0.0721072405576706,0.008105730637907982,2.558793349427546e-08,-2.2171692410505317e-06,0.07372441385756598,-0.002631629351526499,0.00598219595849514,-0.0008366586407646537,3.20780407346044e-05,-0.00012588577796127933,8.512600054825434e-05
39,1623510921.3349247,0.0,-0.042125020176172256,-0.07209744304418564,0.00809241272509098,1.971252554994196e-06,-3.764720740886962e-06,0.07372338066340156,0.0037599573843181133,-0.002539919689297676,0.0012938702711835504,8.439045649608767e-05,-0.0001268237749210909,-5.796549242446183e-05
40,1623510921.344848,0.0,-0.04212101921439171,-0.0720914974808693,0.008115568198263645,1.4522773764472086e-06,-3.9817800960295635e-06,0.0737249645499715,0.004825221840292215,0.002786402590572834,0.005554927978664637,4.433501500772773e-05,-8.565528334531582e-05,4.421504062531779e-05
41,1623510921.3552942,0.0,-0.04211566969752312,-0.07210987061262131,0.008137467317283154,9.396039674092194e-08,-3.025787627494725e-06,0.07372160947874333,-0.004762158263474703,-0.00467044860124588,-0.0029671876691281796,-0.00036387775441182714,-0.00017624792585811908,-3.447164073966887e-05
42,1623510921.365498,0.0,-0.042118288576602936,-0.0721072256565094,0.008128331042826176,-1.9290429570384404e-07,-4.094759767162004e-06,0.07372315682397265,0.0016294285887852311,-0.003605184145271778,0.004489663522690535,-0.00037234195203670066,-0.0001504242663091096,-6.823187395468137e-05
43,1623510921.3748856,0.0,-0.042088333517313004,-0.07212996482849121,0.008124499581754208,-9.582309394087773e-07,-5.063679324998627e-06,0.07372189652867953,-0.005827422719448805,0.00065587367862463,-0.008293509483337402,-7.542232214265836e-05,-0.00011826217766280172,9.364061644618977e-06
44,1623510921.3849564,0.0,-0.042069390416145325,-0.07212213426828384,0.008114204742014408,-7.069258846151283e-07,-6.38752770182327e-06,0.07372052770804248,0.004825221840292215,-0.002539919689297676,-0.007228245493024588,-2.4272308814292518e-05,-0.00012687767922229284,-0.0002009542324176814
45,1623510921.394844,0.0,-0.042076874524354935,-0.07214169949293137,0.008102022111415863,-2.088331957944556e-06,-6.918195301172658e-06,0.07372045447997763,-0.002631629351526499,-0.002539919689297676,-0.006162981037050486,-5.21855223368957e-05,-4.896633046431995e-05,-3.514314928469654e-05
46,1623510921.4048622,0.0,-0.04206262156367302,-0.07216084748506546,0.00811025220900774,-3.111175334392924e-06,-7.004346658234795e-06,0.07372222111564664,0.0016294285887852311,-0.002539919689297676,-0.0019019230967387557,-0.0001780146147365785,-3.169798707179557e-05,3.881577089104204e-05
47,1623510921.4149706,0.0,-0.042074985802173615,-0.07213378697633743,0.008116506040096283,-2.891334299183479e-06,-7.358488899447679e-06,0.07372215174707114,0.0026946929283440113,0.001721138134598732,0.004489663522690535,-4.1927500768115655e-05,-9.850952522243418e-06,5.773327293888081e-06
48,1623510921.424872,0.0,-0.04205838590860367,-0.07213904708623886,0.008125035092234612,-2.117577109023161e-06,-7.0839796518507026e-06,0.07372193720232426,0.0005641641328111291,-0.007866241969168186,0.0023591346107423306,0.0001030408964570062,-1.674069334845643e-05,2.2081127024860446e-05
49,1623510921.4348989,0.0,-0.04207387939095497,-0.07214587926864624,0.00813029520213604,-1.8508974021502755e-06,-5.998963228975862e-06,0.07372049351922452,0.0037599573843181133,-0.006800977513194084,0.00022860581520944834,1.5532958079338538e-06,7.791389889701434e-05,2.089824103243766e-05
50,1623510921.4448617,0.0,-0.04205741733312607,-0.07220198214054108,0.00812696572393179,-6.097461943757598e-06,-7.573732934751387e-06,0.07372230666138879,-0.006892687175422907,-0.002539919689297676,-0.0019019230967387557,-0.00025460259106893337,-5.393110148941532e-05,9.04509143567504e-06
51,1623510921.4550595,0.0,-0.04206183925271034,-0.07219476997852325,0.008103848434984684,-6.060596256664275e-06,-7.105895144465801e-06,0.07371793497237347,-0.001566364779137075,-0.001474655233323574,0.007685456890612841,-0.0002350427152486046,-0.00011765131722696184,-7.386400082037819e-05
52,1623510921.4648595,0.0,-0.042053695768117905,-0.07218481600284576,0.00809352658689022,-5.2121870523225144e-06,-8.652715296694757e-06,0.07372062333937057,0.0016294285887852311,0.008112724870443344,-0.004032452125102282,-3.374326333730147e-05,-1.2431932307223504e-06,-7.675776835868181e-05
53,1623510921.474867,0.0,-0.04206216707825661,-0.07219565659761429,0.008118548430502415,-6.593584882794157e-06,-7.113437236000442e-06,0.07372091524443632,0.0026946929283440113,-0.00040939077734947205,0.0023591346107423306,-9.7568923739386e-06,2.7713577770699424e-05,0.00011388192144162256
54,1623510921.4848487,0.0,-0.042066365480422974,-0.07219689339399338,0.008100364357233047,-5.733427482411402e-06,-5.67318249504456e-06,0.07372211783164664,-0.0005011003231629729,-0.002539919689297676,0.005554927978664637,-2.0976403735967042e-05,5.9457860791293974e-05,1.805622593608281e-05
55,1623510921.4948816,0.0,-0.04208891838788986,-0.07219995558261871,0.008103834465146065,-6.8265056482677555e-06,-6.234991231784948e-06,0.07372082230819571,0.0016294285887852311,0.00065587367862463,0.0012938702711835504,-4.2494809141993144e-05,4.8184829606707704e-05,-1.593842554956057e-05
56,1623510921.504872,0.0,-0.04207935184240341,-0.07218485325574875,0.008100190199911594,-4.84941576180814e-06,-6.848072958406948e-06,0.07372230563627488,0.004825221840292215,-0.00040939077734947205,-0.0008366586407646537,2.1095790675700593e-05,2.7388763613304695e-05,3.243957947178546e-05
57,1623510921.5150917,0.0,-0.04206683114171028,-0.07215161621570587,0.008127015084028244,-1.5008516433823171e-06,-6.577780384042775e-06,0.07371913113374956,0.0037599573843181133,-0.006800977513194084,-0.005097716581076384,0.00015685084875298686,-4.09209925875853e-05,-0.00010580512434569785
58,1623510921.5248675,0.0,-0.0420868955552578,-0.07211392372846603,0.008137524127960205,1.7904980167959827e-07,-5.101732512793888e-06,0.07371880233318728,0.005890486296266317,-0.003605184145271778,-0.005097716581076384,0.00020994456059990037,4.212432425300342e-05,-0.0001176172978841311
59,1623510921.5348706,0.0,-0.042078591883182526,-0.07212281972169876,0.008123081177473068,1.1388064469347592e-06,-5.884311836554246e-06,0.07371918500745725,0.0026946929283440113,-0.001474655233323574,0.0034243990667164326,0.00011161016523892017,4.302624310625342e-05,1.6402223086780877e-05
60,1623510921.5448937,0.0,-0.042082179337739944,-0.07214293628931046,0.008112220093607903,-2.6725823168358143e-06,-5.615619918478143e-06,0.07372075842744608,0.0005641641328111291,-0.003605184145271778,0.0012938702711835504,-0.0001189586120790332,-2.9669608767970912e-05,5.5584267042021e-05
61,1623510921.5548847,0.0,-0.04207068309187889,-0.07210639119148254,0.008133217692375183,2.6131247896146736e-06,-7.3769320125538496e-06,0.07371909920906167,0.0016294285887852311,-0.003605184145271778,0.005554927978664637,-5.769689514255057e-05,-8.1217192975838e-05,0.00014825746355224179
62,1623510921.564854,0.0,-0.0420740507543087,-0.07208306342363358,0.00813446193933487,2.4137424872519575e-06,-6.215042191101694e-06,0.07371940774828781,0.0026946929283440113,0.002786402590572834,0.007685456890612841,0.00015611533569040485,-7.594580646954333e-05,5.3584352587663934e-05
63,1623510921.5748506,0.0,-0.04206320643424988,-0.07212607562541962,0.008121488615870476,1.0651380121656784e-07,-6.9649623598566635e-06,0.07372063527978011,0.004825221840292215,-0.008931506425142288,0.0034243990667164326,-0.00011270307611170565,-3.0792241329724284e-05,3.07541727197946e-05
64,1623510921.585758,0.0,-0.04204869270324707,-0.07214424014091492,0.008122524246573448,-1.1779591215510532e-06,-6.9474979707273565e-06,0.07371747856224803,0.0005641641328111291,-0.00040939077734947205,-0.0008366586407646537,-0.0002186557748160801,-4.5058463590619934e-05,-7.387576551552636e-05
65,1623510921.5948603,0.0,-0.04205498844385147,-0.0721529871225357,0.008094185963273048,-1.6821964078927998e-06,-7.626530061560777e-06,0.07372085250027029,0.0005641641328111291,-0.00040939077734947205,-0.004032452125102282,-0.0001558786300384384,-5.0887829798141565e-05,4.731127092507281e-05
66,1623510921.6048782,0.0,-0.04205866903066635,-0.07215683162212372,0.008120309561491013,-1.8196223557365165e-06,-6.571291040813332e-06,0.07372234477628914,-0.001566364779137075,0.001721138134598732,0.004489663522690535,-7.413872958571931e-05,-1.9082805746950682e-05,0.00019063321908267965
67,1623510921.6155722,0.0,-0.0420573391020298,-0.07218340039253235,0.008132413029670715,-4.153225941688765e-06,-7.446573919295263e-06,0.07372086019353337,0.005890486296266317,-0.002539919689297676,0.006620192434638739,-0.00011061089347219628,2.3705685552741793e-05,7.592733003164922e-06
68,1623510921.6249902,0.0,-0.04204537719488144,-0.07215485721826553,0.008126094937324524,-2.5990804593742367e-06,-8.217237351851314e-06,0.07371792413005449,-0.001566364779137075,0.01130851823836565,0.005554927978664637,-5.123597200317064e-05,-9.425677872478295e-05,-0.00013726377393432056
69,1623510921.6351788,0.0,-0.04204834997653961,-0.0721360519528389,0.008122339844703674,-6.010352696997345e-07,-8.085418271117084e-06,0.07372087994611892,0.0016294285887852311,-0.005735713057219982,-0.004032452125102282,0.0001785054662196028,-7.048994167392853e-05,-3.659403848094436e-05
70,1623510921.6451337,0.0,-0.04205726087093353,-0.07216359674930573,0.008107688277959824,-2.5561762217671258e-06,-8.517671793883963e-06,0.07372080390846744,-0.0005011003231629729,-0.006800977513194084,-0.004032452125102282,8.88117416876082e-06,9.46216863734042e-06,0.00014174520130205145
71,1623510921.6551154,0.0,-0.04204249382019043,-0.07216121256351471,0.008077677339315414,-2.511054631254561e-06,-8.249313357439059e-06,0.07371932445030897,-0.002631629351526499,0.00065587367862463,-0.0008366586407646537,-8.822817355092649e-05,-4.389235060401573e-05,-0.000232187659418372
72,1623510921.6649756,0.0,-0.04204569756984711,-0.07213743776082993,0.008075028657913208,-4.1983870448236704e-07,-8.3127200230515e-06,0.07372089674346563,0.004825221840292215,-0.006800977513194084,0.005554927978664637,6.677335672896286e-05,-4.001933600934549e-06,-0.00019394789007328285
73,1623510921.6753058,0.0,-0.04205529764294624,-0.0721154510974884,0.008069656789302826,2.7807476948374377e-06,-8.766650337777016e-06,0.07371801943816966,-0.003696893807500601,0.01130851823836565,0.005554927978664637,0.00011286621530945154,-1.3306556300338639e-05,-0.00012450427362190424
74,1623510921.6848817,0.0,-0.042038753628730774,-0.07207460701465607,0.008036656305193901,4.422812149428024e-06,-7.727151940584154e-06,0.07372078666154537,0.0037599573843181133,-0.006800977513194084,-0.006162981037050486,0.0002625786099550055,6.551975931400481e-05,-8.79537363224287e-05
75,1623510921.6950896,0.0,-0.04202987253665924,-0.07205722481012344,0.008073315024375916,6.310430172712378e-06,-9.481759431426151e-06,0.07371957708849532,0.0026946929283440113,-0.002539919689297676,0.010881250724196434,0.00019453991086562474,7.248725811320449e-05,0.00015043959556348982
76,1623510921.7050931,0.0,-0.04200991243124008,-0.07205057889223099,0.008068129420280457,5.1634085787982675e-06,-1.0955379905974727e-05,0.07371971423401752,0.006955750752240419,-0.001474655233323574,-0.004032452125102282,5.059316826748305e-05,-5.009049943734394e-05,2.398761960616929e-05
77,1623510921.7148526,0.0,-0.042000263929367065,-0.07202626019716263,0.008064402267336845,8.62517985805028e-06,-1.2696978392429115e-05,0.07371989810581973,0.0005641641328111291,0.002786402590572834,-0.0008366586407646537,7.057641756514186e-05,-9.332221342658261e-05,-9.248415898911126e-05
78,1623510921.7249544,0.0,-0.04198019951581955,-0.07196441292762756,0.008068230003118515,1.4358307349138233e-05,-1.421647109818569e-05,0.0737167420470218,0.008021015673875809,-0.005735713057219982,-0.005097716581076384,0.00034694312957624286,-0.00013542254209091453,-0.0001565056336881902
79,1623510921.734882,0.0,-0.04199674725532532,-0.07196282595396042,0.008096029981970787,1.3079450052168318e-05,-1.290714375733193e-05,0.07371961394534894,-0.0005011003231629729,-0.00040939077734947205,0.0023591346107423306,0.00020197313384967986,1.6331144507859468e-05,-2.4042118762354905e-05
80,1623510921.7448363,0.0,-0.04199828952550888,-0.07198790460824966,0.008115343749523163,1.0729423446063924e-05,-1.05545479618524e-05,0.07371798518421135,-0.003696893807500601,0.00065587367862463,0.007685456890612841,-0.00022189988295936744,0.0001259141708038215,7.918726163341383e-05
81,1623510921.7557373,0.0,-0.041996486485004425,-0.07197874784469604,0.00810760073363781,1.2631727369601109e-05,-1.0835732431740963e-05,0.07371820714951344,-0.0005011003231629729,-0.008931506425142288,-0.005097716581076384,-9.815921569973803e-05,9.14203872386218e-05,-0.00016099217413287573
82,1623510921.7647858,0.0,-0.0420091412961483,-0.07195623219013214,0.008090751245617867,1.2727953405559933e-05,-1.2056412760211299e-05,0.07371820217099742,0.0037599573843181133,-0.006800977513194084,-0.0019019230967387557,7.93932080881792e-05,-5.457040689109639e-06,-8.81574735617553e-05
83,1623510921.7748663,0.0,-0.04200714826583862,-0.07195024937391281,0.008068295195698738,1.4521504592766854e-05,-1.0143259104630764e-05,0.07371517446477657,0.0026946929283440113,0.008112724870443344,-0.004032452125102282,1.2672736637540093e-05,1.560925535201043e-05,-8.505648161733684e-05
84,1623510921.784948,0.0,-0.04200709983706474,-0.07195734232664108,0.008081996813416481,1.4380725188764543e-05,-1.1144779578572961e-05,0.07371823460778186,0.0016294285887852311,-0.00467044860124588,0.004489663522690535,7.413399041007444e-05,-5.293516156779952e-05,2.2039248905011016e-07
85,1623510921.7948947,0.0,-0.04203233867883682,-0.0719570443034172,0.00804818607866764,1.4600693759574124e-05,-9.313230032947928e-06,0.07371808404738765,0.0016294285887852311,-0.001474655233323574,-0.004032452125102282,-2.5737998917981892e-05,6.5382074841383535e-06,8.963234985096264e-05
86,1623510921.804864,0.0,-0.042046185582876205,-0.07198548316955566,0.008080916479229927,1.1095090464249835e-05,-8.118050566621737e-06,0.07371765541242087,0.0005641641328111291,-0.00467044860124588,0.00022860581520944834,-0.0001551249606560533,0.00018039345916036277,-6.9045563881306986e-06
87,1623510921.8149886,0.0,-0.042047109454870224,-0.07197191566228867,0.00804424099624157,1.3495109728742238e-05,-8.216022740495377e-06,0.07371785791910572,0.0016294285887852311,0.003851667046546936,-0.0029671876691281796,-0.00011654298604207425,5.181097212533077e-05,2.3953751580416896e-05
88,1623510921.8248763,0.0,-0.042041879147291183,-0.07198686897754669,0.008047299459576607,1.163072873790194e-05,-7.49115798237554e-06,0.07371934819709072,-0.002631629351526499,-0.006800977513194084,0.0034243990667164326,-1.938861309281645e-05,-2.8404681625834372e-06,6.746310040288308e-05
89,1623510921.8349738,0.0,-0.042023032903671265,-0.07197745144367218,0.008038420230150223,1.3939733049514458e-05,-1.1047771318328792e-05,0.07371372327022399,-0.002631629351526499,-0.002539919689297676,0.004489663522690535,-4.472758107120827e-06,-0.0001306940657283014,-5.836038580097887e-05
90,1623510921.8448496,0.0,-0.04202696681022644,-0.0719752088189125,0.00803082063794136,1.3035762078297819e-05,-1.0770992905598242e-05,0.07371798694546097,-0.001566364779137075,0.001721138134598732,-0.0019019230967387557,-1.423429584775713e-05,-0.00012735109316877434,-0.00011701417504129426
91,1623510921.8551133,0.0,-0.04202300310134888,-0.07198824733495712,0.008022788912057877,1.2427858774595457e-05,-1.108700993331102e-05,0.07371832951435531,0.0005641641328111291,-0.002539919689297676,0.007685456890612841,-6.293262603930171e-05,0.0001430611663934206,0.0003203157926525705
92,1623510921.8649392,0.0,-0.0420168936252594,-0.07196220755577087,0.008051680400967598,1.3323841952489479e-05,-1.1569782115555816e-05,0.07371680399438296,0.008021015673875809,0.002786402590572834,0.004489663522690535,4.5501867919851254e-05,0.0001559428088154917,0.0001392524335373713
93,1623510921.8748868,0.0,-0.04203210771083832,-0.07195237278938293,0.00803392194211483,1.5030378148005175e-05,-9.337171094053742e-06,0.07371808200922106,0.0026946929283440113,-0.001474655233323574,0.0034243990667164326,8.438666748277146e-05,9.679460978526667e-05,-5.76836629431689e-05
94,1623510921.8850043,0.0,-0.042031753808259964,-0.07193409651517868,0.008027516305446625,1.641598158005214e-05,-9.356734389454058e-06,0.0737180707448698,-0.001566364779137075,0.002786402590572834,-0.004032452125102282,9.837349913008606e-05,8.445752791738743e-05,2.2910095400948167e-05
95,1623510921.8948634,0.0,-0.04203863441944122,-0.07192593067884445,0.008038662374019623,1.737300555723631e-05,-8.85961111539435e-06,0.07371640854488981,0.0037599573843181133,0.003851667046546936,0.0034243990667164326,5.742467623695662e-05,4.100739969002806e-05,-8.281113275270709e-06
96,1623510921.9048507,0.0,-0.04202714562416077,-0.07190627604722977,0.008046071976423264,1.7489458751976383e-05,-9.726397946913101e-06,0.07371674467703464,0.0037599573843181133,0.002786402590572834,-0.0008366586407646537,4.524762967893223e-05,2.027603246434047e-05,-1.118266264558795e-05
97,1623510921.9148827,0.0,-0.04201371222734451,-0.07192182540893555,0.008053995668888092,1.702187010164946e-05,-1.0407212469601412e-05,0.0737148943311382,-0.001566364779137075,-0.001474655233323574,-0.0029671876691281796,-3.181579081189861e-06,-8.547686469384588e-05,-3.584142744482969e-05
98,1623510921.924845,0.0,-0.04203565791249275,-0.07193347811698914,0.008061911910772324,1.6101234748787385e-05,-9.857077211100629e-06,0.07371472948328596,-0.0005011003231629729,-0.00467044860124588,0.0023591346107423306,-0.00011330866641400625,-3.816438225512181e-06,-7.436943477826986e-05
99,1623510921.9348798,0.0,-0.04203414171934128,-0.07194727659225464,0.008059225976467133,1.3965867368015417e-05,-9.133939471911434e-06,0.07371510796574664,-0.0005011003231629729,-0.002539919689297676,0.0012938702711835504,-0.00017775520746801668,8.46330432679512e-05,-3.8575121086491124e-05
100,1623510921.944911,0.0,-0.0420314222574234,-0.07193835079669952,0.008086472749710083,1.5749937768594346e-05,-9.34329179393123e-06,0.07371807583520855,0.0026946929283440113,0.009177989326417446,0.005554927978664637,-8.849677367213969e-05,4.53487524301797e-05,7.166148652653887e-05
101,1623510921.9548986,0.0,-0.0420210100710392,-0.0719577893614769,0.008075080811977386,1.438682788823531e-05,-1.0127697223111243e-05,0.0737181520797495,-0.001566364779137075,-0.00040939077734947205,-0.0008366586407646537,-1.915189725136428e-06,-7.15084094706664e-05,0.0002263719455860175
102,1623510921.9649029,0.0,-0.04202524572610855,-0.07193692773580551,0.008092030882835388,1.5822629249588605e-05,-9.792468747771288e-06,0.07371811158965641,-0.0005011003231629729,0.004916931502521038,0.0034243990667164326,-4.310531806865731e-06,-7.217450588706991e-05,9.560300965411645e-05
103,1623510921.9748967,0.0,-0.04206348955631256,-0.07189612835645676,0.00808570347726345,1.7570996061769262e-05,-5.850670778823064e-06,0.07371482818905659,-0.005827422719448805,0.00598219595849514,-0.004032452125102282,0.00011204248105891054,0.00013686874179557395,-0.000143144916622764
104,1623510921.9849827,0.0,-0.04207093268632889,-0.07189424335956573,0.00805642083287239,1.9856139126382677e-05,-7.66389855494376e-06,0.07371366840232507,-0.005827422719448805,0.00598219595849514,0.0034243990667164326,0.00015957558023488115,0.000115096639580811,-8.669891636413921e-05
105,1623510921.9949694,0.0,-0.042052846401929855,-0.07186175137758255,0.008066622540354729,2.0971291826502036e-05,-8.111975871430421e-06,0.0737181768031954,-0.0005011003231629729,0.003851667046546936,0.0034243990667164326,0.0001773528698435084,-5.656636514901016e-05,9.569106152814785e-05
106,1623510922.0049055,0.0,-0.04206153750419617,-0.07184961438179016,0.008051874116063118,2.265771809685513e-05,-7.061383109019381e-06,0.07371343865797722,-0.004762158263474703,-0.003605184145271778,0.0023591346107423306,0.00013908798693388675,2.340392361656609e-05,-7.25673132876173e-05
107,1623510922.0148551,0.0,-0.042059145867824554,-0.07183446735143661,0.008054178208112717,2.3585537859124872e-05,-8.327454002893253e-06,0.07371779157160191,-0.004762158263474703,0.00065587367862463,-0.0019019230967387557,0.00012353839348224643,8.665015638623457e-08,-4.7622449424173704e-05
108,1623510922.0248559,0.0,-0.0420415997505188,-0.07184913009405136,0.008057884871959686,2.360733272195603e-05,-7.845303240425205e-06,0.07371810292718806,0.0016294285887852311,-0.005735713057219982,-0.0008366586407646537,4.936204650379853e-06,-3.861289472592289e-05,0.0001657296683627469
109,1623510922.0349386,0.0,-0.04207024350762367,-0.07180685549974442,0.008033517748117447,2.690537497942319e-05,-7.577447975179452e-06,0.07371489376020242,-0.002631629351526499,0.001721138134598732,-0.005097716581076384,7.75370320189675e-05,3.24349279197831e-05,-0.00013173121088318513
110,1623510922.0452068,0.0,-0.042053475975990295,-0.07178643345832825,0.008014393970370293,2.818377550149742e-05,-7.735386784973874e-06,0.07371647427109831,-0.003696893807500601,0.003851667046546936,0.00022860581520944834,0.00014224920429865612,-3.4787356854813634e-05,-3.875484786703469e-05
111,1623510922.0549293,0.0,-0.04204637184739113,-0.07177480310201645,0.008004223927855492,2.8183158917886864e-05,-8.32009938682432e-06,0.07371512731520122,-0.0005011003231629729,0.004916931502521038,0.0023591346107423306,5.8707974020915185e-05,-5.942299192716176e-05,-6.395954283419756e-05
112,1623510922.064928,0.0,-0.04202575609087944,-0.07176018506288528,0.007999232038855553,2.9406039971147102e-05,-9.714229895207982e-06,0.07371797799313351,0.006955750752240419,-0.00040939077734947205,0.0034243990667164326,9.273332899437608e-05,-4.1757392269582865e-05,-0.0001230844379922608
113,1623510922.07491,0.0,-0.04202348366379738,-0.07174243777990341,0.00799083523452282,3.060692054369929e-05,-1.1285455176895942e-05,0.07371534331547105,0.0016294285887852311,0.002786402590572834,0.0034243990667164326,0.00010184171070052682,-0.00011578518588137994,4.602272727740688e-05
114,1623510922.0849109,0.0,-0.04202313721179962,-0.07174202054738998,0.00800127349793911,3.169237648274065e-05,-1.2046394058440324e-05,0.07371225391134516,-0.003696893807500601,-0.002539919689297676,-0.0008366586407646537,8.360994301962921e-05,-9.536231349198011e-05,-0.0001483875804422777
115,1623510922.0949717,0.0,-0.04202723875641823,-0.07175017893314362,0.007995862513780594,3.046299856383078e-05,-1.0798847552437318e-05,0.07371356501877027,0.0005641641328111291,-0.002539919689297676,-0.0019019230967387557,4.489446713884944e-06,6.76460396838462e-05,-4.5342884050633155e-08
116,1623510922.1049943,0.0,-0.04202214255928993,-0.07171916216611862,0.007975775748491287,3.455607532461269e-05,-1.0101043508028984e-05,0.0737135896542774,-0.0005011003231629729,0.001721138134598732,-0.004032452125102282,3.722859055054098e-05,7.982190602663187e-05,-2.3245013076247352e-05
117,1623510922.114988,0.0,-0.042011719197034836,-0.07170956581830978,0.00798664428293705,3.477764375683923e-05,-1.0832695073084708e-05,0.07371525985383648,0.0016294285887852311,0.00065587367862463,0.0023591346107423306,0.00012803314777147613,-3.5746334031988626e-05,2.251176082836607e-05
118,1623510922.125092,0.0,-0.042006298899650574,-0.07173378765583038,0.007956234738230705,3.230742929542785e-05,-1.132669122444474e-05,0.07371397732436519,0.004825221840292215,-0.00999677088111639,-0.006162981037050486,-2.9542159709182043e-05,-3.917265803915574e-05,6.94659249628661e-05
119,1623510922.1349504,0.0,-0.041975848376750946,-0.07172324508428574,0.007976055145263672,3.213084518028514e-05,-1.5573691756587404e-05,0.07371421555029456,-0.002631629351526499,-0.006800977513194084,-0.007228245493024588,-0.00012847438566602432,-0.00022335507227744093,-3.383833601669929e-05
120,1623510922.1453295,0.0,-0.042004551738500595,-0.07171163707971573,0.007945569232106209,3.403791064662126e-05,-1.2388493037904236e-05,0.07371682933092119,0.0005641641328111291,0.00065587367862463,-0.0029671876691281796,-8.837210409661171e-06,-6.266328609652583e-05,0.00013198454543275213
121,1623510922.1549194,0.0,-0.042002834379673004,-0.07172779738903046,0.00794520415365696,3.4414735246984796e-05,-1.0496445366145468e-05,0.07371381132775953,-0.004762158263474703,0.00065587367862463,-0.0029671876691281796,0.00017023924586733434,0.00016856856848132122,-1.6413687731607682e-05
122,1623510922.164925,0.0,-0.04199264198541641,-0.07170788198709488,0.007980888709425926,3.644021803309028e-05,-1.2628189431054815e-05,0.07371396597657158,-0.0005011003231629729,0.002786402590572834,0.0034243990667164326,0.00016868297218324682,-4.97776789777422e-06,-0.00019146029406313716
123,1623510922.174904,0.0,-0.04200749099254608,-0.0716727152466774,0.007985973730683327,3.707663058662852e-05,-1.1028220509773368e-05,0.07371363425992115,0.0026946929283440113,0.00598219595849514,0.010881250724196434,0.0001268758633412076,-1.655129764202327e-05,6.239402737644382e-05
124,1623510922.1850283,0.0,-0.042000532150268555,-0.07166779041290283,0.007990261539816856,3.74140015034774e-05,-1.1609890308586501e-05,0.07371692169181326,0.004825221840292215,0.001721138134598732,-0.007228245493024588,3.4524981849319815e-05,5.9097264969149635e-05,9.041733318010388e-05
125,1623510922.194973,0.0,-0.04200774431228638,-0.0716952532529831,0.007995909079909325,3.6535050389925605e-05,-1.2239824657367393e-05,0.07371393143997654,-0.002631629351526499,-0.00467044860124588,-0.0029671876691281796,-6.258343870349246e-05,1.07875961860095e-05,-2.599881999856927e-05
126,1623510922.2050385,0.0,-0.04202022776007652,-0.07169310748577118,0.00802590511739254,3.5965936645274144e-05,-1.0600340496949578e-05,0.07371407296050235,-0.007957951165735722,-0.00040939077734947205,-0.0008366586407646537,-8.372671092877653e-05,1.37910461289456e-05,-6.51055701242491e-05
127,1623510922.2149496,0.0,-0.04202399402856827,-0.0716858059167862,0.008019056171178818,3.708855634851349e-05,-9.949301587111603e-06,0.07371376030126801,-0.003696893807500601,-0.005735713057219982,-0.0029671876691281796,8.189899803182916e-07,3.733921620409872e-05,0.00012140394808897524
128,1623510922.224928,0.0,-0.0420299731194973,-0.07172293961048126,0.008022602647542953,3.344761532397822e-05,-1.1725432434994687e-05,0.073712440134865,-0.0005011003231629729,0.00065587367862463,-0.0019019230967387557,-0.0001523782582562615,-1.468908898294894e-05,-2.3255251820653563e-05
129,1623510922.2349758,0.0,-0.042025577276945114,-0.07175882160663605,0.007988423109054565,3.186593559616202e-05,-8.813406890420539e-06,0.07371369906850422,0.0016294285887852311,-0.00040939077734947205,-0.0029671876691281796,-0.0002818461414393013,4.747269410911866e-06,-9.52489304493814e-05
130,1623510922.244947,0.0,-0.04202786460518837,-0.07178599387407303,0.008006386458873749,2.9320502904404966e-05,-1.1044303731888583e-05,0.07371700561516197,-0.001566364779137075,-0.00467044860124588,-0.0019019230967387557,-0.00019797485086360861,3.831055349600985e-05,5.959711589055405e-05
131,1623510922.255044,0.0,-0.04201585799455643,-0.07177954167127609,0.008026285097002983,2.7284979653395547e-05,-1.045561164035591e-05,0.07371368951161744,0.005890486296266317,-0.001474655233323574,-0.0008366586407646537,-0.00018508392180221152,-0.0001734799255801474,0.00017829020366762446
132,1623510922.2650025,0.0,-0.04204733297228813,-0.07177872955799103,0.008003700524568558,2.9034188343893264e-05,-8.266654910396576e-06,0.07371073451045408,-0.003696893807500601,-0.005735713057219982,-0.0019019230967387557,-4.098110095707808e-05,4.016341253999411e-05,-3.139083318799405e-06
133,1623510922.274962,0.0,-0.04205416515469551,-0.07181010395288467,0.008018046617507935,2.7119786031322424e-05,-7.753798749565721e-06,0.07371503163833566,-0.001566364779137075,-0.00467044860124588,0.0034243990667164326,-5.1923604531411256e-05,0.00015172324403030503,7.048781516296525e-05
134,1623510922.284951,0.0,-0.042078521102666855,-0.07178068161010742,0.008024469017982483,2.9613841560423293e-05,-6.962470254112674e-06,0.07371184022710603,0.0016294285887852311,0.00065587367862463,-0.008293509483337402,-1.5465389584832085e-05,9.71580808494802e-05,3.291606031318565e-05
135,1623510922.2949393,0.0,-0.0420708991587162,-0.07175716757774353,0.007996689528226852,3.236260238265176e-05,-7.642726325418625e-06,0.07371187618744385,0.0026946929283440113,-0.001474655233323574,0.0034243990667164326,0.00020023558929009323,4.3094178117539826e-05,-0.00013795079935099435
136,1623510922.3049545,0.0,-0.042030155658721924,-0.07174288481473923,0.007987987250089645,3.4474683741181344e-05,-9.763682755362102e-06,0.07371237794734409,0.005890486296266317,0.00065587367862463,0.0034243990667164326,0.00014497311416466715,-0.00013863158828225677,0.00011353736393914403
137,1623510922.3149498,0.0,-0.042028505355119705,-0.07173705846071243,0.00799517147243023,3.389506458628677e-05,-1.0766354003752254e-05,0.07371226092814459,-0.003696893807500601,0.00065587367862463,0.00022860581520944834,2.9322237804446455e-05,-0.00017041839553433378,4.534921096468948e-05
138,1623510922.3249202,0.0,-0.04201808199286461,-0.07174742966890335,0.008016884326934814,3.3091575463106704e-05,-1.140105765758126e-05,0.07370642672028942,0.0016294285887852311,-0.008931506425142288,-0.0019019230967387557,-3.613681140094705e-05,-8.223270035417989e-05,-0.00011815603370245267
139,1623510922.334913,0.0,-0.04203436151146889,-0.07174242287874222,0.008038904517889023,3.270791659339134e-05,-8.236124926910837e-06,0.07371094494254338,0.008021015673875809,-0.002539919689297676,0.00875072181224823,-5.0701724532602955e-05,0.00010385678358281492,-1.127862585515278e-05
140,1623510922.3449318,0.0,-0.04201461002230644,-0.07178016752004623,0.008042329922318459,3.073246476635594e-05,-1.1794344826926428e-05,0.0737124361395381,0.008021015673875809,-0.006800977513194084,-0.0008366586407646537,-0.00014483241431041452,2.9134119658484255e-05,0.00015994307580791825
141,1623510922.3592012,0.0,-0.042016468942165375,-0.07178504765033722,0.008059440180659294,2.8995521506647304e-05,-1.055431967526832e-05,0.07370951551049877,0.006955750752240419,-0.005735713057219982,0.00022860581520944834,-0.0001221083672265235,-0.00014591215489916028,7.564295758224145e-05
142,1623510922.3691278,0.0,-0.042032692581415176,-0.07176456600427628,0.008081061765551567,3.166246976762932e-05,-9.368666306824869e-06,0.07371235969578253,0.0005641641328111291,0.008112724870443344,0.0012938702711835504,1.5073873361569777e-05,5.034650473634422e-05,7.301227791721924e-05
143,1623510922.379097,0.0,-0.04202963039278984,-0.0717485174536705,0.00805887021124363,3.248222098138631e-05,-1.0679621662457173e-05,0.07370801251127176,0.0005641641328111291,0.001721138134598732,-0.0008366586407646537,0.00010426235378703921,-6.229956460313166e-06,-3.976108312080046e-05
144,1623510922.3891115,0.0,-0.042035799473524094,-0.07173392176628113,0.008086089044809341,3.3072471819106664e-05,-9.103606610674775e-06,0.07370779793078683,-0.002631629351526499,0.004916931502521038,0.005554927978664637,8.901175880554655e-05,-1.2637281211061232e-05,-0.00011067122820177243
145,1623510922.3991842,0.0,-0.04203120246529579,-0.07170990854501724,0.008067887276411057,3.656362462346047e-05,-1.0495434526372471e-05,0.07370769182199688,0.0026946929283440113,-0.001474655233323574,-0.0019019230967387557,0.00017431605772164736,7.060597503821671e-06,7.009136656823614e-05
146,1623510922.4090867,0.0,-0.042017728090286255,-0.0717143714427948,0.00807126797735691,3.5026567846020706e-05,-9.264761354321749e-06,0.07371073075295875,0.004825221840292215,-0.00467044860124588,-0.0008366586407646537,0.00010311076554871777,-3.9160654777837376e-05,0.00011196931545940653
147,1623510922.4194872,0.0,-0.04200676083564758,-0.07168549299240112,0.008089438080787659,3.823803687876687e-05,-1.2334347768330756e-05,0.07371105738702663,0.0016294285887852311,-0.001474655233323574,0.0023591346107423306,1.5754169626368255e-05,-6.278898465349203e-05,0.00016586466839010712
148,1623510922.4291813,0.0,-0.04202406853437424,-0.07169494777917862,0.0080941841006279,3.7509885906575335e-05,-1.1065062820531102e-05,0.07371096144638847,-0.0005011003231629729,-0.00040939077734947205,-0.004032452125102282,3.562573954719769e-05,-5.7893566564087376e-05,-2.260556966914596e-05
149,1623510922.439081,0.0,-0.042001694440841675,-0.07170575857162476,0.008093561977148056,3.501982640663481e-05,-1.3775411374594704e-05,0.07371129140909262,0.0026946929283440113,-0.00467044860124588,-0.0029671876691281796,-0.00012194899473329505,-2.4393142040103124e-05,-1.8000593879773382e-05
150,1623510922.4491034,0.0,-0.042017899453639984,-0.07171975821256638,0.00810159184038639,3.5637900215552965e-05,-1.152788704940344e-05,0.07371101686790714,-0.005827422719448805,0.002786402590572834,-0.007228245493024588,-0.0001364663031189707,-1.1867924304696428e-05,5.663639502146213e-05
151,1623510922.4634535,0.0,-0.042029280215501785,-0.07170061767101288,0.00809311494231224,3.7441407361463175e-05,-9.586910681078087e-06,0.07370794659745224,0.0016294285887852311,-0.00040939077734947205,0.00022860581520944834,-5.886561841670775e-06,8.257801051840372e-05,-7.210177181095234e-05
152,1623510922.4732943,0.0,-0.04202476143836975,-0.0716889277100563,0.008092444390058517,3.7851507806829776e-05,-1.1127230809024335e-05,0.07370821405402794,-0.0005011003231629729,-0.007866241969168186,-0.006162981037050486,7.200573566174185e-05,-3.646112509593987e-05,-2.0004028176197368e-05
153,1623510922.4831657,0.0,-0.042041484266519547,-0.07172620296478271,0.008071279153227806,3.492908391118654e-05,-8.665793257117693e-06,0.07370929891784199,-0.003696893807500601,-0.006800977513194084,-0.0029671876691281796,-8.75061659485063e-05,-1.7009330034685933e-05,0.00016627868190674175
154,1623510922.4934566,0.0,-0.04203018546104431,-0.07174781709909439,0.008058102801442146,3.410555628628048e-05,-1.0516612672539782e-05,0.0737093148530559,0.0037599573843181133,-0.001474655233323574,0.00022860581520944834,-0.00017266769297522618,8.896454902474667e-06,3.7762028203146357e-05
155,1623510922.50342,0.0,-0.04201069101691246,-0.07178153842687607,0.008047614246606827,3.168593471732095e-05,-1.1976178432931972e-05,0.07370945621359365,-0.001566364779137075,-0.011062035337090492,-0.0008366586407646537,-0.0001718564982924817,-0.00013092600754198409,-1.9896393361535575e-05
156,1623510922.5131738,0.0,-0.04200144112110138,-0.07175162434577942,0.008065672591328621,3.265005847255531e-05,-1.178085044591104e-05,0.07370984663818037,0.0037599573843181133,0.001721138134598732,0.00022860581520944834,-8.30825391214977e-05,-5.584133810373899e-05,-4.943190604404651e-06
157,1623510922.5235348,0.0,-0.04201333597302437,-0.07172668725252151,0.008034788072109222,3.618341602539682e-05,-1.2186346162457173e-05,0.07370963975934824,0.0016294285887852311,0.001721138134598732,-0.010424038395285606,0.00014949201913644816,-1.1836049882001876e-05,-3.2586096532215844e-05
158,1623510922.533419,0.0,-0.0420047864317894,-0.07169932872056961,0.007999666035175323,3.851003809973025e-05,-1.2606153131713982e-05,0.07370967378617096,-0.0005011003231629729,-0.00467044860124588,-0.0008366586407646537,0.00024102909903092552,-5.68439012958802e-05,1.803989328033068e-06
159,1623510922.543398,0.0,-0.04203438758850098,-0.07171010971069336,0.008017729967832565,3.745856557418881e-05,-1.0175301052309238e-05,0.07370623261052085,-0.003696893807500601,-0.002539919689297676,-0.005097716581076384,2.5495442631211278e-05,7.760040015814038e-05,-3.14349360719467e-05
160,1623510922.5533612,0.0,-0.042060744017362595,-0.07171685993671417,0.00802610069513321,3.6174691790243074e-05,-6.402219752107974e-06,0.07370795514271938,-0.0005011003231629729,-0.003605184145271778,-0.0019019230967387557,-0.00013008452104633865,0.0002601763452462267,-3.4492723641650015e-05
161,1623510922.5679839,0.0,-0.042046137154102325,-0.07171127945184708,0.008024679496884346,3.7811021488018404e-05,-8.811452110096818e-06,0.07371109523064485,0.004825221840292215,0.00065587367862463,0.0023591346107423306,-3.4801320592880606e-05,0.00012731111801923034,0.00011647888003603511
162,1623510922.5779586,0.0,-0.04206177964806557,-0.07169527560472488,0.008028930053114891,3.8525838492745046e-05,-8.61286395525962e-06,0.07370932753768954,-0.0005011003231629729,0.003851667046546936,-0.0008366586407646537,-2.889371115785973e-06,-2.8357848791122172e-05,1.898980715380657e-05
163,1623510922.5879195,0.0,-0.04206151142716408,-0.0716923400759697,0.008031563833355904,3.88253383999948e-05,-8.412059236892477e-06,0.07370933063208479,0.0026946929283440113,0.00065587367862463,0.00022860581520944834,-5.2496234675912275e-06,3.609826059974932e-05,-0.00016324499974903797
164,1623510922.5979428,0.0,-0.04206296429038048,-0.07171465456485748,0.008025618270039558,3.7163166524474545e-05,-7.375177903043428e-06,0.0737066919028671,-0.003696893807500601,-0.002539919689297676,-0.0019019230967387557,-6.511344439623892e-05,1.2671488181759077e-05,-6.489969698404039e-05
165,1623510922.607995,0.0,-0.04207441955804825,-0.07172662019729614,0.008024504408240318,3.5927784548736574e-05,-6.334519927500559e-06,0.07370769718839511,-0.009023215621709824,0.00065587367862463,0.004489663522690535,-0.00018319353593514783,-2.485903052826682e-05,3.265487452833712e-05
166,1623510922.617821,0.0,-0.042075179517269135,-0.07169649749994278,0.008024759590625763,3.768997298801702e-05,-7.475492595027111e-06,0.07370791938762444,-0.0005011003231629729,0.004916931502521038,0.0023591346107423306,-4.657107980319667e-06,-2.3856771186039795e-05,-1.0313475877490426e-05
167,1623510922.6277995,0.0,-0.042065322399139404,-0.07168413698673248,0.008046068251132965,4.046355618386038e-05,-7.245658402516009e-06,0.07370363251427837,0.0037599573843181133,-0.001474655233323574,-0.005097716581076384,0.00020134886132788235,5.906024133104086e-06,-0.0001178058254755917
168,1623510922.6379652,0.0,-0.04205826297402382,-0.07166778296232224,0.008003728464245796,4.239416798055423e-05,-6.6587007303969825e-06,0.0737064454752355,0.0005641641328111291,0.002786402590572834,-0.0019019230967387557,0.0001393384457708614,9.48574571862538e-06,-1.530981395416392e-05
169,1623510922.647916,0.0,-0.04206787049770355,-0.07168599218130112,0.00800538994371891,3.8973868241920506e-05,-6.918291838187152e-06,0.07370501796314999,-0.005827422719448805,-0.007866241969168186,-0.0008366586407646537,-7.64042359226084e-05,1.251609008463746e-05,4.7729015584246475e-05
170,1623510922.658015,0.0,-0.04207237437367439,-0.0717020332813263,0.00801100954413414,3.979807296222715e-05,-6.681744921674393e-06,0.07370655226711331,0.0005641641328111291,-0.002539919689297676,0.005554927978664637,-0.00018728657936331304,4.5266332130710545e-05,6.315553665261556e-05
171,1623510922.6719995,0.0,-0.04205089062452316,-0.07168823480606079,0.008021483197808266,3.988880281617646e-05,-9.379649840282611e-06,0.07370540037618772,-0.0005011003231629729,-0.00040939077734947205,0.0023591346107423306,-4.814268152036688e-05,-4.7957544514144415e-05,0.0001494733367176671
172,1623510922.6819944,0.0,-0.04206134006381035,-0.07168581336736679,0.008006833493709564,3.970484175144784e-05,-8.504262381456296e-06,0.07370381689510516,0.0005641641328111291,0.007047460414469242,0.004489663522690535,-4.7227113018778615e-05,-3.8722513804437554e-05,-8.004700155038597e-05
173,1623510922.6919856,0.0,-0.042047061026096344,-0.07165677100419998,0.007998598739504814,4.2657412927908644e-05,-9.955328281963105e-06,0.07370691081223216,0.0037599573843181133,0.001721138134598732,-0.010424038395285606,0.00011898780315390328,-2.6746265578046392e-05,-2.224560725243526e-05
174,1623510922.7019734,0.0,-0.042042311280965805,-0.07167034596204758,0.00799327902495861,4.222982221825655e-05,-9.944986626361785e-06,0.07370666453562214,0.004825221840292215,-0.003605184145271778,0.00022860581520944834,0.00011067848300779836,-6.675161833242268e-05,3.251977094126921e-05
175,1623510922.7119625,0.0,-0.042041223496198654,-0.07170309871435165,0.00798019953072071,3.9864145612973634e-05,-8.99516447327997e-06,0.07370668418911472,-0.002631629351526499,-0.005735713057219982,0.0034243990667164326,-0.00019422521309645727,1.0755731787728334e-05,8.741831268291828e-05
176,1623510922.722206,0.0,-0.04204687848687172,-0.07172544300556183,0.00798078067600727,3.737607819809252e-05,-9.638081284069067e-06,0.07370210761391326,-0.001566364779137075,-0.002539919689297676,-0.0019019230967387557,-0.00024905800746937335,-5.859167404896696e-06,1.854530274843536e-06
177,1623510922.7320006,0.0,-0.042052365839481354,-0.07172024250030518,0.007981503382325172,3.8615944687132864e-05,-7.099059262619112e-06,0.07370657891041918,0.004825221840292215,-0.00040939077734947205,0.0023591346107423306,-0.00012628187336716362,6.377695476298862e-05,-0.00010251859337068341
178,1623510922.7419467,0.0,-0.04203428700566292,-0.07170230895280838,0.007974274456501007,4.0762520569920246e-05,-9.56132371129903e-06,0.07370537020209256,-0.001566364779137075,0.003851667046546936,0.0012938702711835504,5.0540630562234216e-05,3.23875947320133e-05,-1.7401404985797595e-05
179,1623510922.751916,0.0,-0.0420316681265831,-0.07171239703893661,0.007968336343765259,4.037820474692838e-05,-1.0078433628726846e-05,0.07370701110125351,0.0005641641328111291,-0.002539919689297676,-0.006162981037050486,8.684271871331127e-05,-0.00013401698760673919,-0.00011853695589407982
180,1623510922.761952,0.0,-0.04204932972788811,-0.07169342041015625,0.007969707250595093,4.1442567981365974e-05,-8.454258724949204e-06,0.07370527385157609,-0.002631629351526499,0.001721138134598732,-0.0008366586407646537,1.7641201702021881e-06,2.1511817931366915e-05,-6.173105873768108e-05
181,1623510922.7767417,0.0,-0.04204648360610008,-0.07167328149080276,0.007995586842298508,4.305038783076337e-05,-8.477252943728253e-06,0.07370362561211656,0.0037599573843181133,-0.006800977513194084,-0.0008366586407646537,0.00012061674474203452,6.181503362448876e-05,-1.769593151784831e-05
182,1623510922.7867827,0.0,-0.042056526988744736,-0.07170584797859192,0.007971169427037239,4.084004557314974e-05,-8.246337578676766e-06,0.07370685804385896,0.0016294285887852311,-0.00467044860124588,0.00022860581520944834,-2.7422174786575342e-05,-1.654128085915129e-05,7.272858264608464e-05
183,1623510922.7966712,0.0,-0.04206207022070885,-0.07167914509773254,0.007969902828335762,4.2065763573781445e-05,-7.4159803702400495e-06,0.07370356376962507,0.0016294285887852311,-0.003605184145271778,0.006620192434638739,-4.120681137765871e-05,0.00010207391335022017,-4.626856918511479e-05
184,1623510922.8066366,0.0,-0.04204825311899185,-0.07167528569698334,0.007958799600601196,4.2289521168123456e-05,-9.962286379616714e-06,0.0737055084892632,0.0016294285887852311,-0.002539919689297676,0.00022860581520944834,0.00010666550870792258,-1.8268896676543395e-05,-7.98924598984201e-05
185,1623510922.8168397,0.0,-0.042027223855257034,-0.0716719999909401,0.00795193575322628,4.313104244237781e-05,-1.0078273324706788e-05,0.07370538931895182,-0.001566364779137075,-0.00040939077734947205,0.00022860581520944834,1.34007169804205e-05,-0.00016633369577686216,7.160146883349052e-05
186,1623510922.8266046,0.0,-0.04201335832476616,-0.07166509330272675,0.007940461859107018,4.403997735252102e-05,-1.1062287104970925e-05,0.07370243844344204,0.0016294285887852311,0.004916931502521038,-0.004032452125102282,5.9477343200793976e-05,-4.0098373469349645e-05,-9.48466946047405e-05
187,1623510922.8367016,0.0,-0.04200119525194168,-0.07166770845651627,0.007956139743328094,4.2558836949875556e-05,-1.204507098538643e-05,0.07370420817618886,0.005890486296266317,0.00065587367862463,0.00022860581520944834,-2.552683358600428e-05,-7.49734805241199e-05,-5.713168858152792e-05
188,1623510922.8468163,0.0,-0.04201134666800499,-0.07165782153606415,0.007956476882100105,4.4887954424817356e-05,-1.2349112220713665e-05,0.07370402503249565,-0.003696893807500601,-0.005735713057219982,-0.006162981037050486,2.9846813871058145e-05,-9.603850885734251e-05,3.7411094509316854e-07
189,1623510922.8565862,0.0,-0.04200686886906624,-0.07168696075677872,0.00795014388859272,4.279351731165809e-05,-1.1638849977971266e-05,0.07370411676022011,0.0026946929283440113,-0.002539919689297676,0.005554927978664637,-3.147492373599917e-05,1.8563205120318244e-05,-2.393940834111897e-06
190,1623510922.8666956,0.0,-0.041997309774160385,-0.07169312983751297,0.007968725636601448,4.300717157298267e-05,-1.3436495750515642e-05,0.07370298699410546,0.0016294285887852311,-0.00467044860124588,-0.0008366586407646537,-0.00016028731738635483,-2.6725639775961343e-06,6.68443398940404e-05
191,1623510922.8820708,0.0,-0.04200262203812599,-0.07174248993396759,0.00795816071331501,3.9035693505974633e-05,-1.1936736197301623e-05,0.07370120254480854,-0.001566364779137075,0.001721138134598732,0.0012938702711835504,-0.00023801069479018232,-2.533899981234515e-05,1.895270349372681e-05
192,1623510922.8918235,0.0,-0.04201574996113777,-0.07176756858825684,0.007973171770572662,3.665022573934307e-05,-1.1130604447601167e-05,0.0737014333756078,-0.003696893807500601,0.001721138134598732,0.0012938702711835504,-0.0003537628197808666,0.0001302261198387649,9.731601031821384e-06
193,1623510922.90182,0.0,-0.04202424734830856,-0.07175060361623764,0.007968107238411903,3.7918844359934034e-05,-1.2635678623251767e-05,0.07370139074508616,0.0005641641328111291,-0.006800977513194084,0.0012938702711835504,-0.00010932532639359737,2.541532491078348e-05,2.9093480389452224e-05
194,1623510922.9118772,0.0,-0.042026445269584656,-0.07173729687929153,0.007948119193315506,3.9029296785064727e-05,-1.0344861975208897e-05,0.07370134686512636,0.004825221840292215,-0.002539919689297676,0.0012938702711835504,5.8563992862073246e-05,5.19632152971648e-05,2.4763085563721483e-05
195,1623510922.9217787,0.0,-0.04201451689004898,-0.07175735384225845,0.007943464443087578,3.8777821534198564e-05,-1.1137418279891231e-05,0.0736997341155029,0.0005641641328111291,-0.006800977513194084,-0.0019019230967387557,6.576667481773266e-06,-1.038876159369067e-06,-8.310679843098296e-05
196,1623510922.9320126,0.0,-0.04201743006706238,-0.07176005840301514,0.007921990007162094,3.857702881025771e-05,-1.3540733115921522e-05,0.0737016493106688,0.0005641641328111291,0.001721138134598732,0.00022860581520944834,-8.729837556109456e-05,-0.00014801836663533996,-1.8437437141370384e-05
197,1623510922.9418051,0.0,-0.04200734570622444,-0.07173829525709152,0.007916644215583801,4.07497021692807e-05,-1.0681665722184208e-05,0.07370128136104087,0.0026946929283440113,-0.005735713057219982,-0.006162981037050486,4.3662015631295855e-05,-2.6104502390277423e-05,7.560842487409284e-05
198,1623510922.95188,0.0,-0.042006850242614746,-0.07175910472869873,0.007905654609203339,3.8010894784862304e-05,-1.1864731124369698e-05,0.07370169806669762,0.0016294285887852311,-0.003605184145271778,-0.0029671876691281796,2.6058838438837233e-06,2.8575554268304366e-05,6.564903902401845e-07
199,1623510922.9619772,0.0,-0.0420069694519043,-0.07178694754838943,0.007882194593548775,3.8145054997072714e-05,-1.1901600591918138e-05,0.0737000171596595,0.0016294285887852311,-0.00467044860124588,-0.013619831763207912,-0.00014189371195071125,-5.5126352180960346e-05,-7.478638717957915e-05
200,1623510922.9718893,0.0,-0.04199321195483208,-0.07179015129804611,0.007892023772001266,3.785228833966259e-05,-1.2907112258569997e-05,0.07370010149338024,0.0005641641328111291,-0.012127299793064594,0.0012938702711835504,-4.558187807512311e-05,-7.892659884568101e-05,-0.00011588376274661033
201,1623510922.986978,0.0,-0.04200676828622818,-0.07178737968206406,0.007909093052148819,3.6329894903007476e-05,-1.1902453459028406e-05,0.07370009324726412,0.0005641641328111291,0.00065587367862463,-0.0019019230967387557,-9.179216116850742e-05,8.110664434671183e-05,-2.4489088532713355e-05
202,1623510922.9969594,0.0,-0.04199424013495445,-0.07181697338819504,0.007940186187624931,3.47646314790076e-05,-1.3096205936188876e-05,0.07369871084666892,0.0026946929283440113,-0.00040939077734947205,0.00022860581520944834,-0.00011103970861914373,9.360098755918014e-05,-2.3761595181995247e-05
203,1623510923.007164,0.0,-0.04200320690870285,-0.07183895260095596,0.007899999618530273,3.45739352708499e-05,-1.3215392170737306e-05,0.07369705794150602,0.0016294285887852311,-0.005735713057219982,-0.0019019230967387557,-8.146015594518307e-05,-6.310518543010512e-05,-4.739792419517099e-05
204,1623510923.017076,0.0,-0.042006976902484894,-0.07186341285705566,0.007895272225141525,3.200612313209589e-05,-1.1842388437835472e-05,0.07369845107538453,-0.001566364779137075,0.002786402590572834,-0.0029671876691281796,-0.00017154846042584374,7.631240128864334e-05,-7.119944952530326e-05
205,1623510923.0271866,0.0,-0.041984062641859055,-0.07184817641973495,0.007884612306952477,3.3547269330982954e-05,-1.4791835841049261e-05,0.07369746916319658,-0.0005011003231629729,0.00065587367862463,-0.007228245493024588,-9.42110835580871e-05,-2.4785364223458824e-05,-8.646366502772355e-05
206,1623510923.0369608,0.0,-0.04197379946708679,-0.07183460891246796,0.007881559431552887,3.620068297722351e-05,-1.4474548553924937e-05,0.07369748552264307,-0.001566364779137075,-0.00467044860124588,-0.005097716581076384,0.00020802236210272905,-0.00015027614461564744,-0.00013682155447385897
207,1623510923.0468795,0.0,-0.041958898305892944,-0.07186462730169296,0.007860515266656876,3.328961202978681e-05,-1.588406965875866e-05,0.07369619357774186,-0.0005011003231629729,-0.012127299793064594,0.0023591346107423306,5.193987031185706e-05,-8.640833440476503e-05,-4.9778585016961e-05
208,1623510923.0571246,0.0,-0.04195239022374153,-0.07189160585403442,0.007862437516450882,3.361468260063005e-05,-1.648426270707548e-05,0.07369625683313168,-0.004762158263474703,0.00065587367862463,0.0034243990667164326,-0.000256582368599612,-0.00011707440487223043,-7.341611269380595e-05
209,1623510923.0668848,0.0,-0.04196019470691681,-0.07190597802400589,0.007856272161006927,3.055692156985618e-05,-1.555418875122394e-05,0.07369325866442841,-0.003696893807500601,-0.00040939077734947205,-0.0029671876691281796,-0.00022190697491368053,-3.2721119324326992e-06,-2.0971352083812337e-05
210,1623510923.0770376,0.0,-0.04195515811443329,-0.07192251086235046,0.007875962182879448,2.962843390480474e-05,-1.7074655199705857e-05,0.0736948848384931,0.005890486296266317,-0.011062035337090492,-0.0019019230967387557,-0.00011553025211345135,-4.753999940778499e-06,-7.2557477825941485e-06
211,1623510923.094857,0.0,-0.04192623496055603,-0.07191038131713867,0.00790587067604065,3.0384922047307916e-05,-1.7938935971989478e-05,0.0736964236679368,-0.002631629351526499,-0.002539919689297676,0.0012938702711835504,-7.489971667213295e-05,-8.201585455961848e-05,-5.451477321012907e-05
212,1623510923.104861,0.0,-0.04191650450229645,-0.0719461664557457,0.00789826363325119,2.8531908292883656e-05,-1.8906499235846197e-05,0.07369376635275826,0.005890486296266317,-0.008931506425142288,-0.005097716581076384,-0.00018658313489983405,-7.904228486575714e-05,-0.00012546997015649088
213,1623510923.1146946,0.0,-0.0419282503426075,-0.07197051495313644,0.007876168936491013,2.9278056621798165e-05,-2.0257036072501844e-05,0.07369230500586868,0.0016294285887852311,-0.00040939077734947205,-0.004032452125102282,-0.0001848246046455091,-0.00011186631574661234,-9.39096008651179e-05
214,1623510923.1247232,0.0,-0.0419248603284359,-0.07196129858493805,0.007884865626692772,3.0243366464226262e-05,-1.9748604203076447e-05,0.07369397905131096,0.0016294285887852311,-0.00040939077734947205,0.0034243990667164326,-2.6620011300911944e-05,-4.722496474411413e-05,-4.9487397049481817e-05
215,1623510923.1347117,0.0,-0.041922032833099365,-0.07203273475170135,0.007878879085183144,2.4265715405022426e-05,-1.8518412959966923e-05,0.07369073869658603,0.0026946929283440113,-0.006800977513194084,-0.006162981037050486,-0.0002187059820533947,7.216467747674171e-05,-8.490475731409063e-05
216,1623510923.1447487,0.0,-0.041910894215106964,-0.072036512196064,0.00786592811346054,2.3199357358429096e-05,-1.940764093570635e-05,0.0736894745058996,0.0037599573843181133,0.00065587367862463,0.005554927978664637,-0.0003193845755476727,1.114335923003959e-05,-0.0001763380566510146
217,1623510923.1548598,0.0,-0.041891586035490036,-0.07206985354423523,0.007840387523174286,2.3758016474091648e-05,-2.3146007394350687e-05,0.07368987393537939,0.005890486296266317,-0.00040939077734947205,-0.005097716581076384,-0.000139898955294517,-0.00015679088068286666,-9.867723543735351e-05
218,1623510923.164796,0.0,-0.04188191890716553,-0.07202505320310593,0.00784599594771862,2.776696792312905e-05,-2.1740262298300395e-05,0.07368842616293723,-0.0005011003231629729,0.003851667046546936,0.0034243990667164326,0.00011628624401806021,-0.00013378327365124514,-8.46634209994425e-05
219,1623510923.1746778,0.0,-0.04188990965485573,-0.07204251736402512,0.007846841588616371,2.6362560277874703e-05,-2.1278004102454062e-05,0.07368565097225543,-0.011153744533658028,-0.003605184145271778,-0.0008366586407646537,0.00014402838216271197,-2.3103357973196355e-05,-0.00015784868060096698
220,1623510923.184866,0.0,-0.04190243408083916,-0.07205338031053543,0.007850676774978638,2.7208472859210908e-05,-2.0354614265249982e-05,0.07368556335554394,0.0037599573843181133,-0.00467044860124588,0.0012938702711835504,-3.3736763356099045e-05,5.58705279566339e-05,-0.00011611021177781962
221,1623510923.200024,0.0,-0.041931573301553726,-0.07211066037416458,0.007856510579586029,2.3157555096992022e-05,-1.938095829787101e-05,0.0736796153835573,-0.001566364779137075,-0.00040939077734947205,-0.0008366586407646537,-0.00016643331254527467,1.6709006384269926e-05,-0.00019446626698676854
222,1623510923.2099733,0.0,-0.04192282631993294,-0.07211747765541077,0.007860064506530762,2.5867036736529347e-05,-2.0204092780432004e-05,0.07367831067644526,0.0037599573843181133,0.003851667046546936,-0.0008366586407646537,-0.00010594252553334018,-1.4803048427219202e-05,-0.00025525597106825746
223,1623510923.2199905,0.0,-0.04189363494515419,-0.07213671505451202,0.007830912247300148,2.57138252630143e-05,-2.135953910141486e-05,0.07367734251903074,0.0037599573843181133,-0.015323094092309475,-0.0019019230967387557,0.00011751894850103541,-4.2065075766170333e-05,-4.605108749876452e-05
224,1623510923.2299762,0.0,-0.04190835729241371,-0.07217489182949066,0.007830468937754631,2.2392066420184875e-05,-1.9269780894101696e-05,0.07367275110795665,-0.001566364779137075,-0.002539919689297676,0.0023591346107423306,-0.0001262288238429718,-3.2035279960981705e-05,-0.00024384636128486269
225,1623510923.240007,0.0,-0.04186836630105972,-0.07220590859651566,0.007818970829248428,2.377891300053142e-05,-2.4565947209287398e-05,0.07367206889558804,0.0016294285887852311,-0.013192563317716122,-0.006162981037050486,-8.551304134342672e-05,-0.00012981382007322184,-0.0003362398321042055
226,1623510923.2500026,0.0,-0.04187007620930672,-0.07226408272981644,0.007825721055269241,2.3291185293865257e-05,-2.361741512260651e-05,0.07366170801129107,0.004825221840292215,-0.00467044860124588,-0.0008366586407646537,-1.9919254693356415e-05,-0.0001860967049547205,-0.00044623296282474237
227,1623510923.2599926,0.0,-0.0418616347014904,-0.07230520993471146,0.007809264585375786,2.3076388460746555e-05,-2.7070103484114205e-05,0.07365974679038141,0.004825221840292215,-0.001474655233323574,0.0012938702711835504,-0.00011172377553145001,-0.00012508750461929588,-0.0006019749999063919
228,1623510923.2700555,0.0,-0.04184363782405853,-0.07230871915817261,0.007782740518450737,2.6447499204898528e-05,-2.6121705836365527e-05,0.0736540297108974,0.005890486296266317,-0.008931506425142288,-0.0019019230967387557,0.00013078228316722577,-0.00014652143528951677,-0.0004943605733682441
229,1623510923.279954,0.0,-0.041834305971860886,-0.07231353223323822,0.007784096524119377,3.1795727729391765e-05,-2.7031499993723784e-05,0.07364273954244085,0.004825221840292215,-0.003605184145271778,0.0012938702711835504,0.0003768729763106774,-6.114981107486703e-05,-0.0008028614377816359
230,1623510923.289965,0.0,-0.041820548474788666,-0.07236307859420776,0.007764751091599464,3.378702769373659e-05,-2.8930939476992656e-05,0.07363647943174922,0.0016294285887852311,-0.005735713057219982,-0.0008366586407646537,0.00031936101304156435,-0.00015477449123830158,-0.0008796712763244663
231,1623510923.3048487,0.0,-0.041810885071754456,-0.07245839387178421,0.007777150720357895,3.609481160975897e-05,-2.9857954163090006e-05,0.07361685226451298,0.00908628012984991,-0.017453622072935104,-0.0029671876691281796,5.621484042488133e-05,-3.455691154062318e-05,-0.0010450406214384316
232,1623510923.315002,0.0,-0.04182488098740578,-0.07251599431037903,0.007800716906785965,3.7760539531868365e-05,-2.9430997856946806e-05,0.07360750283458802,0.0005641641328111291,-0.014257828705012798,-0.0019019230967387557,2.0538962531469688e-05,3.926392414195884e-05,-0.0012923864024513103
233,1623510923.3248777,0.0,-0.041847966611385345,-0.07260210067033768,0.007798569276928902,3.855113418446687e-05,-2.9329544279241282e-05,0.0735950708590393,-0.002631629351526499,-0.014257828705012798,0.00022860581520944834,9.612181752350437e-05,2.885873718071873e-05,-0.0012019543621458735
234,1623510923.3348622,0.0,-0.041838761419057846,-0.07267151772975922,0.0078011006116867065,3.83933373751047e-05,-2.9149928666802327e-05,0.07358527628765203,-0.003696893807500601,-0.014257828705012798,0.0012938702711835504,1.471362883582301e-05,-5.669370448705054e-07,-0.001142152495839005
235,1623510923.3449373,0.0,-0.0418674536049366,-0.07267186045646667,0.007792167365550995,4.077331282433677e-05,-2.7213377264009853e-05,0.07358098124698102,-0.002631629351526499,-0.008931506425142288,0.00022860581520944834,8.865175904258378e-05,9.99928739538282e-05,-0.0006730866102495042
236,1623510923.3549237,0.0,-0.04184913635253906,-0.07269071042537689,0.007784150540828705,4.227324388425546e-05,-2.894538203121466e-05,0.07357722515804639,0.004825221840292215,-0.002539919689297676,0.006620192434638739,0.00013060736747243554,4.7163837678951875e-05,-0.00037941660530298703
237,1623510923.3649392,0.0,-0.041851311922073364,-0.07270406186580658,0.007775014266371727,4.133029926158688e-05,-2.986076432465179e-05,0.07357717920863578,0.0005641641328111291,-0.00467044860124588,0.0034243990667164326,-1.7563379083350669e-06,-0.00012065725164526434,-0.00022891622194679833
238,1623510923.3751857,0.0,-0.04184495657682419,-0.07271716743707657,0.007790692150592804,3.983453883848326e-05,-3.0131672531699683e-05,0.07357713070634303,0.005890486296266317,-0.002539919689297676,-0.0008366586407646537,-9.079107104647111e-05,-5.694549497155736e-05,-4.7802057520793705e-05
239,1623510923.385032,0.0,-0.04186226800084114,-0.07269632071256638,0.007761118933558464,4.1567979833706525e-05,-2.7907744388419586e-05,0.07357552924941405,-0.003696893807500601,0.009177989326417446,-0.006162981037050486,-1.3544305630969635e-05,1.927970743305249e-05,-2.6803288866727824e-05
240,1623510923.394932,0.0,-0.041880037635564804,-0.07264923304319382,0.007776634767651558,4.60998362070697e-05,-2.7777132113340763e-05,0.0735755586904562,0.0005641641328111291,-0.006800977513194084,0.0023591346107423306,0.00024927388005134077,0.00011027528931102521,-5.978065609785333e-05
241,1623510923.4108305,0.0,-0.041873957961797714,-0.07266385853290558,0.007768057286739349,4.509211654830231e-05,-2.825138428069751e-05,0.07357571609914144,0.0037599573843181133,-0.005735713057219982,0.005554927978664637,0.00018418207767098043,5.940802025922632e-05,2.8044260362329344e-05
242,1623510923.4207828,0.0,-0.04188661649823189,-0.07266348600387573,0.007779955863952637,4.576849543321687e-05,-2.6177854373587994e-05,0.07357697155528142,-0.002631629351526499,-0.008931506425142288,-0.004032452125102282,3.17027189202994e-05,3.4712816408415693e-05,4.955309550427507e-05
243,1623510923.4308925,0.0,-0.041881341487169266,-0.07268036156892776,0.007775384932756424,4.370358203775737e-05,-2.7815321041665952e-05,0.07357283360202299,0.0016294285887852311,-0.006800977513194084,-0.0008366586407646537,-4.728448610956914e-05,8.622361287060027e-06,-5.013825496659058e-05
244,1623510923.4408667,0.0,-0.04189172387123108,-0.07268278300762177,0.0077723730355501175,4.522449167684156e-05,-2.5989974985304864e-05,0.07357279087947217,0.0037599573843181133,-0.003605184145271778,-0.006162981037050486,-6.779867691284405e-05,-8.0003757173478e-07,-0.00018649258188854436
245,1623510923.4508777,0.0,-0.04192223399877548,-0.0726635605096817,0.0077503398060798645,4.5964300950621095e-05,-2.370447485194882e-05,0.07357395476759121,0.0037599573843181133,-0.005735713057219982,0.00022860581520944834,0.00010610645308624337,0.00014806142724155944,9.34581038622083e-06
246,1623510923.4606938,0.0,-0.04192584380507469,-0.07265161722898483,0.007741572335362434,4.719642228508125e-05,-2.452538279947014e-05,0.07357430911757169,0.0016294285887852311,-0.001474655233323574,-0.007228245493024588,7.413722249296987e-05,0.00011383817712641946,4.0375942718455774e-05
247,1623510923.4707377,0.0,-0.04192478582262993,-0.07264893501996994,0.007749319076538086,4.849054672168007e-05,-2.4895890835402446e-05,0.07357111392918687,0.0005641641328111291,-0.011062035337090492,0.0023591346107423306,6.704059289422756e-05,-2.478404722441637e-05,-8.380343619583021e-05
248,1623510923.4808369,0.0,-0.0418962724506855,-0.07265683263540268,0.007755238562822342,4.799647671272639e-05,-2.7850526110317908e-05,0.07357139736240785,0.0037599573843181133,0.001721138134598732,-0.004032452125102282,-2.57389819715508e-06,-0.0001404485053568497,-5.448778577174313e-05
249,1623510923.4908977,0.0,-0.041890982538461685,-0.07268481701612473,0.007731851190328598,4.5645334614340116e-05,-2.6035543748720302e-05,0.0735697649644439,0.004825221840292215,-0.011062035337090492,0.0023591346107423306,-0.00012250777840492168,-0.00011269793102637613,3.893514823540185e-05
250,1623510923.500849,0.0,-0.041884779930114746,-0.07265099138021469,0.007741129025816917,4.8503489988242776e-05,-2.6558637451268297e-05,0.07357139981282436,-0.003696893807500601,0.002786402590572834,-0.0008366586407646537,-5.855943883127204e-06,-3.0493597487033175e-05,3.859355845584003e-05
251,1623510923.5175893,0.0,-0.041912373155355453,-0.07266677170991898,0.007719175890088081,4.7019157105844533e-05,-2.5518011051356426e-05,0.07356979109906288,0.0037599573843181133,-0.00467044860124588,0.0023591346107423306,5.458386919943652e-05,6.182279265384732e-05,-5.742494338106343e-06
252,1623510923.5270467,0.0,-0.0419108085334301,-0.07266394048929214,0.007713703438639641,4.771086984010908e-05,-2.4677142082513148e-05,0.07357125504257059,-0.0005011003231629729,-0.003605184145271778,-0.004032452125102282,-5.5587957595294104e-05,0.00015921442231327013,4.306155088288981e-05
253,1623510923.5371103,0.0,-0.04191529378294945,-0.072649747133255,0.0077066849917173386,4.95457224188936e-05,-2.4400820126876943e-05,0.07356980545700637,-0.0005011003231629729,-0.001474655233323574,0.005554927978664637,8.418436347392853e-05,3.959862818409007e-05,2.4390398162883644e-05
254,1623510923.547035,0.0,-0.04190591722726822,-0.07265986502170563,0.00770384818315506,5.0508438262521216e-05,-2.6169889543306568e-05,0.07356994905634226,-0.0005011003231629729,-0.005735713057219982,0.004489663522690535,0.00011216489940529357,-5.9169671337883615e-05,-0.0001632285970435208
255,1623510923.5573905,0.0,-0.041919708251953125,-0.07264122366905212,0.007699782028794289,5.1343954114255186e-05,-2.444515213978482e-05,0.07357003323641292,-0.0005011003231629729,-0.003605184145271778,-0.0029671876691281796,6.230599495030226e-05,-8.943111859806181e-06,-2.8649759989228643e-05
256,1623510923.5670767,0.0,-0.04191015288233757,-0.07266369462013245,0.0076758842915296555,4.950561739579251e-05,-2.486089783204637e-05,0.07356848685704287,0.004825221840292215,-0.00040939077734947205,0.0034243990667164326,-7.16004712396776e-05,5.1626166451809655e-05,-2.3824540081132388e-05
257,1623510923.5770416,0.0,-0.04189092665910721,-0.072691909968853,0.0076992325484752655,4.762554284915704e-05,-2.6230813124167307e-05,0.07356559378303057,0.0037599573843181133,-0.006800977513194084,0.00022860581520944834,-0.00018204480660328386,-8.746218956327474e-05,-0.00016555267656783302
258,1623510923.5871854,0.0,-0.04187740013003349,-0.07270685583353043,0.0076725538820028305,4.6354518524381605e-05,-2.7289088191329025e-05,0.07356871430530584,0.0016294285887852311,-0.006800977513194084,-0.0008366586407646537,-0.00018772340572674522,-0.00010366435977465836,-5.342047680789803e-05
259,1623510923.5970445,0.0,-0.04188224673271179,-0.07273164391517639,0.0076667312532663345,4.531020054487217e-05,-2.806778480926586e-05,0.0735672583502166,-0.001566364779137075,-0.002539919689297676,0.0034243990667164326,-0.00015982610578701596,-6.628866644177496e-05,1.0355463514314734e-05
260,1623510923.6070294,0.0,-0.04188325256109238,-0.07273384928703308,0.0076923612505197525,4.530187016393156e-05,-2.7114108110862234e-05,0.07357171845144732,-0.003696893807500601,0.00065587367862463,0.00022860581520944834,-9.2464356968865e-05,-4.476227606484146e-05,8.286444482092387e-05
261,1623510923.6261048,0.0,-0.04188372194766998,-0.07272853702306747,0.007704991847276688,4.531046858026466e-05,-2.7857066570408096e-05,0.07356401042596325,0.004825221840292215,0.001721138134598732,-0.0008366586407646537,-1.5361081204951798e-05,2.910745039313238e-05,0.00020162455007559344
262,1623510923.636018,0.0,-0.04188327118754387,-0.07270918041467667,0.007712865248322487,4.669901104718821e-05,-2.6886420576577308e-05,0.07356727430864717,-0.004762158263474703,0.007047460414469242,0.00022860581520944834,4.955158869779877e-05,-3.2841814362484795e-06,-2.3109285804239726e-05
263,1623510923.6460118,0.0,-0.041867148131132126,-0.07271206378936768,0.0076947882771492004,4.694493773702013e-05,-2.947840995845552e-05,0.07356909859831301,0.0026946929283440113,-0.007866241969168186,-0.0019019230967387557,8.151185457876481e-05,-4.6253575680875575e-05,0.00013588821049021594
264,1623510923.6560247,0.0,-0.04186496138572693,-0.07274918258190155,0.00770382396876812,4.5284959997934915e-05,-2.825157529022515e-05,0.0735674031731843,0.006955750752240419,-0.007866241969168186,-0.0019019230967387557,-0.00010768358505961236,-6.48423435632515e-05,-1.0618359512894496e-06
265,1623510923.665993,0.0,-0.041873663663864136,-0.07275981456041336,0.007693376392126083,4.454686495229676e-05,-2.7962145492166357e-05,0.0735646057467747,0.0026946929283440113,-0.003605184145271778,-0.005097716581076384,-0.00023115843350973055,2.7750387514705715e-05,-7.290505033559891e-05
266,1623510923.6760085,0.0,-0.041861556470394135,-0.07275009155273438,0.007681969553232193,4.628346425128438e-05,-2.9632787610839317e-05,0.07356596670470605,0.0005641641328111291,-0.002539919689297676,0.0012938702711835504,-1.4649543836081714e-05,-4.949452084352364e-05,-1.610345572464456e-05
267,1623510923.6860094,0.0,-0.041860297322273254,-0.07277362048625946,0.007675066590309143,4.37411575170063e-05,-2.874243302193602e-05,0.07356469743515448,0.0016294285887852311,-0.001474655233323574,0.00022860581520944834,-3.9729101828843153e-05,-1.6507643193113817e-05,-4.053259356849173e-05
268,1623510923.6960466,0.0,-0.04184789955615997,-0.07277008146047592,0.007667964324355125,4.350860652695826e-05,-3.050611624265398e-05,0.07356443348787843,0.00908628012984991,-0.002539919689297676,-0.0019019230967387557,-0.00014306930977753463,-1.5722007009270442e-05,-3.6633191377635595e-05
269,1623510923.7061803,0.0,-0.041808973997831345,-0.07284156233072281,0.007656455039978027,3.7956477214710904e-05,-3.27245298021861e-05,0.07356640533321572,0.0016294285887852311,-0.008931506425142288,0.004489663522690535,-0.0002249653608615233,-0.00021847111231666696,5.7657241834697064e-05
270,1623510923.716043,0.0,-0.04182147607207298,-0.07283055782318115,0.00764378160238266,4.09368343336422e-05,-3.189821047297481e-05,0.07356792506343546,0.0016294285887852311,-0.003605184145271778,0.009815986268222332,-0.00011697914313614166,-5.5635586011020666e-05,-0.00015359152943576282
271,1623510923.732196,0.0,-0.04184185713529587,-0.07284504175186157,0.007678680121898651,3.7662909421018465e-05,-3.0079368735447254e-05,0.07356621463960923,-0.001566364779137075,-0.002539919689297676,0.00022860581520944834,4.120612819756491e-06,0.00014097105697626397,-0.00016053814923486383
272,1623510923.7421312,0.0,-0.0418517179787159,-0.07282940298318863,0.007668750360608101,4.1917694926056626e-05,-2.9561890168575133e-05,0.0735661107306652,-0.007957951165735722,-0.003605184145271778,-0.005097716581076384,-2.5770548858183456e-05,7.110575087761787e-05,2.7446636851734662e-05
273,1623510923.7522883,0.0,-0.041837289929389954,-0.07283288240432739,0.007665088400244713,4.018580183869774e-05,-3.1585674809625486e-05,0.0735634316321268,-0.0005011003231629729,-0.011062035337090492,0.0012938702711835504,8.094561838797778e-05,-2.860485226633105e-05,-0.00018109216265528978
274,1623510923.7623305,0.0,-0.04184933006763458,-0.07286348193883896,0.007663499563932419,3.795420275836542e-05,-2.9660727850905344e-05,0.07356342234704931,-0.001566364779137075,0.007047460414469242,0.0023591346107423306,-0.00023481476090057575,6.898647044756787e-06,-7.208819786042565e-05
275,1623510923.7723415,0.0,-0.04187038168311119,-0.07285355776548386,0.007663961499929428,3.7434624094313806e-05,-2.902494487858065e-05,0.0735629804585766,-0.002631629351526499,-0.001474655233323574,0.0023591346107423306,-0.00018619477152040693,0.00012168241417183049,5.746712960840165e-05
276,1623510923.7822037,0.0,-0.04185893014073372,-0.07283232361078262,0.007667751982808113,4.137917377170647e-05,-2.872063254957813e-05,0.07356444974250326,-0.002631629351526499,-0.002539919689297676,-0.0019019230967387557,7.099303019699921e-05,5.665783284566876e-05,3.178671352852675e-05
277,1623510923.7921631,0.0,-0.04186355322599411,-0.07286485284566879,0.007656723260879517,3.789191419337201e-05,-2.8623518033440987e-05,0.07356333892509123,0.004825221840292215,-0.00467044860124588,-0.0008366586407646537,1.1558929562847393e-05,1.4263291207157324e-06,3.718256091903604e-05
278,1623510923.8025827,0.0,-0.04189099371433258,-0.07287298142910004,0.00764789804816246,3.691556263956536e-05,-2.6528336882478132e-05,0.07356155795001151,0.004825221840292215,-0.005735713057219982,0.0023591346107423306,-0.00019933713285897773,6.259423537459261e-05,-4.95511056630819e-05
279,1623510923.812371,0.0,-0.041886232793331146,-0.07288464903831482,0.007636984810233116,3.655831788974828e-05,-2.912701103978399e-05,0.07356328415090098,-0.002631629351526499,-0.00040939077734947205,0.0023591346107423306,-7.118513109604272e-05,2.1912525345900387e-05,-5.138779068167894e-05
280,1623510923.8222675,0.0,-0.04186302796006203,-0.07287904620170593,0.007637059316039085,3.72605412118851e-05,-2.8527908965125803e-05,0.07356312677198142,0.0037599573843181133,-0.006800977513194084,0.0012938702711835504,2.384739739490189e-05,-7.31332360826314e-05,7.62483180682321e-05
281,1623510923.8385894,0.0,-0.041888926178216934,-0.07292737066745758,0.007627537474036217,3.346378115304943e-05,-2.6818994930885576e-05,0.07356323507084964,-0.006892687175422907,0.001721138134598732,0.00022860581520944834,-0.0002293778352031043,1.6601126637013585e-05,5.020219912641281e-05
282,1623510923.8486285,0.0,-0.04188843071460724,-0.07296057790517807,0.007617231458425522,3.1090338523137584e-05,-2.902233600522719e-05,0.07356332783740331,-0.006892687175422907,-0.003605184145271778,-0.0019019230967387557,-0.00034789337339638336,-3.172272118530985e-05,6.992395638330835e-05
283,1623510923.8585136,0.0,-0.041900381445884705,-0.0729750394821167,0.0076255518943071365,3.0437253010537346e-05,-2.6324201244334877e-05,0.07356475678994787,-0.006892687175422907,-0.005735713057219982,0.00022860581520944834,-0.00016681942424743882,2.780514765505942e-05,-5.908663381218688e-06
284,1623510923.8684888,0.0,-0.04188307374715805,-0.07299142330884933,0.007629673928022385,2.8739992870355224e-05,-2.728251432869422e-05,0.07356331752298338,0.006955750752240419,-0.012127299793064594,-0.005097716581076384,-0.00011791229671696418,7.563831416109163e-05,-4.7101343314791074e-05
285,1623510923.8784854,0.0,-0.041894856840372086,-0.07299573719501495,0.007624521851539612,2.8425304024595754e-05,-2.747671307641586e-05,0.0735634176512859,-0.002631629351526499,-0.00467044860124588,0.0023591346107423306,-0.00010733448192653766,-7.233203073761228e-05,-9.31137605412221e-06
286,1623510923.8885465,0.0,-0.04190338775515556,-0.07302439957857132,0.007612774148583412,2.7217996938715128e-05,-2.5876461418800067e-05,0.07356186576986279,0.004825221840292215,-0.003605184145271778,0.0012938702711835504,-0.0001298876767959608,8.333415144954943e-05,-8.854414357729536e-05
287,1623510923.8986104,0.0,-0.041891615837812424,-0.07304482907056808,0.0075878966599702835,2.5385423722955325e-05,-2.6676318786680864e-05,0.07356027615548355,-0.005827422719448805,-0.00467044860124588,0.006620192434638739,-0.00015847752462566444,3.465007264591493e-06,-8.16724758266883e-05
288,1623510923.9085925,0.0,-0.04190804436802864,-0.07309041172266006,0.007580405101180077,2.2096016177759747e-05,-2.6659701178474715e-05,0.07356356656774683,-0.004762158263474703,-0.007866241969168186,-0.0019019230967387557,-0.00024421427218777197,-6.281171691922305e-05,7.902241212688794e-05
289,1623510923.918546,0.0,-0.041925836354494095,-0.07307181507349014,0.007586600258946419,2.3684151545237675e-05,-2.4027558089959045e-05,0.07355844321541902,-0.003696893807500601,0.001721138134598732,-0.0008366586407646537,-0.0001191418910968481,0.00011593841509783647,2.034988785732526e-06
290,1623510923.9285126,0.0,-0.04193601384758949,-0.07308007776737213,0.007596231997013092,2.2760325087509137e-05,-2.4515826116747186e-05,0.0735601446919702,-0.0005011003231629729,-0.003605184145271778,0.0034243990667164326,1.6569859835253223e-05,0.00011674961287569643,-0.0001456410845744065
291,1623510923.9447606,0.0,-0.041949983686208725,-0.07309427112340927,0.00759679451584816,2.2088899630956504e-05,-2.356493884460298e-05,0.07356175692405442,0.0037599573843181133,-0.001474655233323574,0.00875072181224823,-0.00011465036557765171,-6.789629609092405e-05,0.00017212241946863336
292,1623510923.9546933,0.0,-0.04195640981197357,-0.07309520989656448,0.007613327354192734,2.1947071783011418e-05,-2.203088912602902e-05,0.0735615524408215,0.0005641641328111291,0.001721138134598732,0.0034243990667164326,-0.0001309049061646533,2.7904456808400455e-06,9.972364073594375e-05
293,1623510923.9647367,0.0,-0.041965726763010025,-0.0730772465467453,0.007613919675350189,2.472048459872811e-05,-2.1666775880294087e-05,0.07355871285156354,0.0005641641328111291,0.001721138134598732,0.013011779636144638,8.337672931458704e-05,8.320745367814147e-05,-0.00013633420038771133
294,1623510923.9747179,0.0,-0.041963815689086914,-0.07303701341152191,0.007613414898514748,2.735838725935469e-05,-2.146989744791772e-05,0.0735570761122352,0.0037599573843181133,-0.00040939077734947205,0.0012938702711835504,0.00025579749918945127,1.931881383187108e-05,-0.0001673451968854529
295,1623510923.9847775,0.0,-0.0419640988111496,-0.07304886728525162,0.00759253092110157,2.7038403415426127e-05,-2.156446990700389e-05,0.07355870553796387,-0.001566364779137075,0.004916931502521038,0.0023591346107423306,5.416405250112505e-05,-1.431950680898993e-05,1.6408751926660306e-05
296,1623510923.994756,0.0,-0.041960813105106354,-0.07305733114480972,0.007606914266943932,2.552481848561161e-05,-2.1746983838374923e-05,0.07356008682208735,0.0005641641328111291,-0.001474655233323574,-0.0029671876691281796,-9.714931706826727e-05,1.1602538497413776e-05,-0.00013008373685928075
297,1623510924.0047119,0.0,-0.041969023644924164,-0.07307145744562149,0.007618304342031479,2.5195739260755468e-05,-2.2250228037798414e-05,0.0735588599563404,0.006955750752240419,0.003851667046546936,-0.007228245493024588,-0.00011114886557634694,8.182660749622546e-05,-0.00024338916910472534
298,1623510924.01473,0.0,-0.04198473319411278,-0.07308565080165863,0.007585668936371803,2.3617458588635898e-05,-2.0021331569794465e-05,0.07356002153917003,0.0037599573843181133,0.00065587367862463,-0.0008366586407646537,-0.0001135124061653988,7.026633474518254e-05,-6.271463683312418e-07
299,1623510924.0248325,0.0,-0.04197956621646881,-0.07307673245668411,0.007588516920804977,2.4359691989522814e-05,-2.151244133150043e-05,0.07355850525727167,0.0005641641328111291,0.00065587367862463,0.00875072181224823,-5.0414826941664974e-05,-1.5641296564925275e-05,-4.0642816267139996e-05
300,1623510924.034818,0.0,-0.04196946322917938,-0.0730852261185646,0.007559962570667267,2.5568597606190346e-05,-2.430700083190518e-05,0.07355587513720288,0.0005641641328111291,-0.00999677088111639,0.005554927978664637,5.978202194585509e-05,-0.0001388551966989369,-0.00017447921936862795
301,1623510924.0530972,0.0,-0.04198339581489563,-0.07308542728424072,0.0075586289167404175,2.4875184890617297e-05,-2.0155058438164897e-05,0.07355558952025512,0.0005641641328111291,0.001721138134598732,0.010881250724196434,7.024732764329506e-05,-5.603631410299397e-05,-0.00018880710355593361
302,1623510924.063068,0.0,-0.04198429360985756,-0.07306644320487976,0.007562946528196335,2.6191926827671963e-05,-2.0431392736539045e-05,0.07356016819631511,-0.004762158263474703,-0.00040939077734947205,0.00022860581520944834,5.643594854315815e-05,2.8430435195823372e-05,-1.3362678147250488e-05
303,1623510924.0730479,0.0,-0.041967056691646576,-0.07306871563196182,0.007566099986433983,2.7511030233261236e-05,-2.2295321493309705e-05,0.0735571515612461,-0.001566364779137075,0.00065587367862463,-0.0029671876691281796,7.643718786656192e-05,-7.406269655474374e-05,7.976497343544174e-05
304,1623510924.0830476,0.0,-0.041982728987932205,-0.07308999449014664,0.007572328671813011,2.596355806704087e-05,-2.0188656429248608e-05,0.07355420996280207,-0.004762158263474703,-0.002539919689297676,-0.0019019230967387557,-4.0436995121529054e-05,-4.434421565645758e-06,-0.00011064724670174684
305,1623510924.0931492,0.0,-0.04197996109724045,-0.07306776940822601,0.00758751854300499,2.5698836928746138e-05,-2.1496105683693756e-05,0.07355873160258058,-0.001566364779137075,0.002786402590572834,-0.0008366586407646537,-0.0001148271452919441,-2.33834490162018e-05,7.832621070794553e-05
306,1623510924.1031592,0.0,-0.041991014033555984,-0.07306177914142609,0.007584160193800926,2.646129677372905e-05,-1.956571349877312e-05,0.07355552674302748,0.0016294285887852311,0.002786402590572834,0.006620192434638739,4.041936014128499e-06,1.1006294643170643e-05,7.0787944032149e-05
307,1623510924.1131582,0.0,-0.041991956532001495,-0.07306291162967682,0.007599459961056709,2.6710180551281493e-05,-1.9580796890059093e-05,0.07355714404548716,-0.001566364779137075,-0.00467044860124588,0.0023591346107423306,1.1618956546863829e-05,7.734955275440416e-05,-0.00010435348477212726
308,1623510924.1231933,0.0,-0.04198431968688965,-0.07305355370044708,0.007594076916575432,2.743156019392734e-05,-2.0139151844358882e-05,0.07355718253309718,-0.0005011003231629729,-0.005735713057219982,-0.005097716581076384,1.5449271658028142e-05,-8.711961354568888e-06,4.250254714304041e-05
309,1623510924.1332092,0.0,-0.04198058322072029,-0.073090098798275,0.007576733827590942,2.5649630786585276e-05,-2.0498828305751116e-05,0.0735558723292227,0.0005641641328111291,0.00598219595849514,0.0012938702711835504,-0.0001186850022721487,-4.657120489298679e-05,3.1575281708230726e-05
310,1623510924.1431687,0.0,-0.04199473187327385,-0.07309240847826004,0.007581576704978943,2.4973055058809257e-05,-1.936763294743682e-05,0.07355412011517243,0.0016294285887852311,-0.005735713057219982,0.0012938702711835504,-0.0001102211503853309,-6.464320425771526e-06,-9.806819574325525e-05
311,1623510924.1635745,0.0,-0.04203634709119797,-0.0730895921587944,0.007573574781417847,2.67808361475233e-05,-1.6783171271253505e-05,0.07355575204127753,-0.002631629351526499,0.002786402590572834,0.0034243990667164326,7.305722170113395e-05,0.00021193460166916473,-0.00021150592653809764
312,1623510924.1734116,0.0,-0.04203956201672554,-0.07311587780714035,0.007567344233393669,2.3313604942100385e-05,-1.7514467661378097e-05,0.07355847550927998,-0.002631629351526499,-0.001474655233323574,-0.004032452125102282,-8.841574595862816e-05,0.0001813582383879727,-1.6363136002981093e-05
313,1623510924.1831229,0.0,-0.0420462042093277,-0.07314816117286682,0.007551528513431549,2.2195395070409574e-05,-1.5678417166653524e-05,0.07355687567590805,-0.006892687175422907,-0.008931506425142288,-0.008293509483337402,-0.00024190687450379475,4.6276311699596407e-05,6.036839900086429e-05
314,1623510924.1931238,0.0,-0.042036447674036026,-0.07312621921300888,0.0075417328625917435,2.273846350239056e-05,-1.743666955837664e-05,0.07355399934228174,0.0026946929283440113,0.001721138134598732,0.010881250724196434,-6.588696295899142e-05,3.8499672561378076e-05,-0.00018192823222135286
315,1623510924.203329,0.0,-0.042041923850774765,-0.07313315570354462,0.007545869797468185,2.2935392559347845e-05,-1.636437136255664e-05,0.07355711015748484,0.0016294285887852311,-0.003605184145271778,-0.0029671876691281796,5.671362809249872e-05,2.326306710731108e-05,-6.171744422436657e-06
316,1623510924.2132294,0.0,-0.0420377291738987,-0.07311618328094482,0.007598407566547394,2.6241460936445027e-05,-1.6379576516831196e-05,0.07355252196016407,0.0016294285887852311,-0.006800977513194084,0.0023591346107423306,0.00011470264284218664,1.7611166046205514e-05,4.332365630054797e-06
317,1623510924.2235641,0.0,-0.042039018124341965,-0.07309648394584656,0.007587617263197899,2.689136690604138e-05,-1.616670383321195e-05,0.07355106498956807,-0.001566364779137075,-0.00040939077734947205,0.0023591346107423306,0.00012051376626034043,-4.876641563524422e-05,-0.00014097252913860376
318,1623510924.2331645,0.0,-0.042025938630104065,-0.07311873137950897,0.007600069046020508,2.449777124190894e-05,-1.8271494174479375e-05,0.07355129101555097,0.0005641641328111291,-0.007866241969168186,0.009815986268222332,-5.534498185867847e-05,-0.00010540492767771986,6.709265871105116e-05
319,1623510924.2430956,0.0,-0.042022448033094406,-0.07315163314342499,0.007577447220683098,2.259090669653324e-05,-1.8626969815388472e-05,0.07355302085525217,0.0016294285887852311,-0.012127299793064594,0.0034243990667164326,-0.00019527297163744362,-7.572256065984383e-05,0.00015176205992946824
320,1623510924.2530904,0.0,-0.04202091321349144,-0.07320935279130936,0.007579350844025612,1.8362428865784097e-05,-1.8793042483616906e-05,0.0735529725298275,0.004825221840292215,-0.002539919689297676,0.00875072181224823,-0.00034727811151283837,-2.6560870680719635e-06,-1.1697408934942425e-05
321,1623510924.2706125,0.0,-0.042017217725515366,-0.07319603115320206,0.007606880739331245,1.8427087222355754e-05,-1.7907210857023848e-05,0.0735543255075302,-0.001566364779137075,-0.00040939077734947205,0.00022860581520944834,-0.00027435421530324294,-1.798411281118426e-05,-2.1773192059476723e-06
322,1623510924.2806416,0.0,-0.04202335327863693,-0.0732523649930954,0.007588600739836693,1.514198202248046e-05,-1.755709599976507e-05,0.07355292217071926,-0.001566364779137075,-0.00040939077734947205,0.00022860581520944834,-0.0001967215051630621,1.8613648232670554e-05,7.785429682446078e-05
323,1623510924.2905335,0.0,-0.04201353341341019,-0.07325833290815353,0.007591988891363144,1.3866619168731442e-05,-1.9285370094254684e-05,0.0735543012728294,-0.0005011003231629729,-0.003605184145271778,0.0012938702711835504,-0.0002341384505511054,-6.27655189344171e-05,1.8050112032655388e-05
324,1623510924.3004415,0.0,-0.042005255818367004,-0.07329099625349045,0.007555902004241943,1.3500908985740467e-05,-1.8709829838689518e-05,0.07355280689940759,0.0005641641328111291,-0.008931506425142288,0.00022860581520944834,-0.00012457370524160104,-9.643175502522905e-05,2.6004592434718215e-06
325,1623510924.310839,0.0,-0.041994620114564896,-0.07329004257917404,0.007589198648929596,1.2294658353430299e-05,-2.098509162817841e-05,0.07355322130568862,-0.002631629351526499,-0.002539919689297676,-0.0019019230967387557,-0.00013037920312432578,-8.730092191709431e-05,-9.56032364649411e-05
326,1623510924.3208227,0.0,-0.04196806624531746,-0.07331561297178268,0.007569883018732071,3.537250374163747e-05,-7.83664241573584e-05,0.0740914878982469,0.015477865934371948,-0.013192563317716122,-0.006162981037050486,0.000702217463524226,-0.0014131957493126333,0.013494159635282308
327,1623510924.331343,0.0,-0.042037952691316605,-0.0722196102142334,0.007308159023523331,0.000626777822121026,-0.0009102590610641503,0.08035298634265951,-0.1304633617401123,0.24779722094535828,-0.01575036160647869,0.02373902481151606,-0.03684069180298884,0.28924337571179626
328,1623510924.340722,0.0,-0.04107050225138664,-0.07168905436992645,0.007066730409860611,0.0010118618145764577,-0.0020168468721734473,0.08541731475661984,0.23385708034038544,0.12316128611564636,-0.027468271553516388,0.04903488938831275,-0.09378792103212498,0.5778917514080254
329,1623510924.3507295,0.0,-0.040621884167194366,-0.06768319010734558,0.005049305967986584,0.001342340792761923,-0.0020054228729754625,0.08523529395930204,0.0016294285887852311,0.38734686374664307,-0.28952333331108093,0.04197094217527791,-0.06930682947505788,0.3285601297303481
330,1623510924.361201,0.0,-0.040360406041145325,-0.06341856718063354,0.0020058779045939445,0.001688704512816136,-0.0015597341538296228,0.08477675423587441,0.045305270701646805,0.45765432715415955,-0.13505998253822327,0.03395989133498506,0.013406889890915116,-0.011852772621972355
331,1623510924.3820817,0.0,-0.038200002163648605,-0.05840219929814339,0.0018871128559112549,0.002294110655031739,-0.0017098643571556854,0.0874736497470998,0.15928857028484344,0.3404752314090729,0.024729687720537186,0.04043174524219177,0.01261106002938487,0.033859986033986156
332,1623510924.3919742,0.0,-0.03719791769981384,-0.054781071841716766,0.001851886510848999,0.002683158904032333,-0.0018505201784557723,0.08832901359812835,0.1752675324678421,0.4470016658306122,0.015142307616770267,0.044180279340004,-0.018121600165120672,0.11399424891196538
333,1623510924.4019682,0.0,-0.03563812002539635,-0.050848547369241714,0.0017750393599271774,0.0031847234863324886,-0.0020617164700077045,0.08943418174788095,0.11667798459529877,0.4693722426891327,0.0034243990667164326,0.045597328965447416,-0.018938772571682354,0.10265137733982276
334,1623510924.4119992,0.0,-0.03500668704509735,-0.04625414311885834,0.001656465232372284,0.003763446455172778,-0.0021992010618547136,0.09068681581653976,0.09430743008852005,0.4842859208583832,-0.005097716581076384,0.0535821832028896,-0.018013599787553163,0.11682850460901696
335,1623510924.4220872,0.0,-0.03464742377400398,-0.041420646011829376,0.001441609114408493,0.00436436525911639,-0.002496627872951851,0.09193273100005853,0.005890486296266317,0.5375491380691528,0.004489663522690535,0.05914515290073839,-0.021000678075515155,0.12192858177956399
336,1623510924.431835,0.0,-0.03454887121915817,-0.03609584644436836,0.0012393910437822342,0.005003864183495327,-0.002806675210252796,0.0930297319197095,0.06661055982112885,0.5801597237586975,-0.010424038395285606,0.061892817182149305,-0.02913324293124305,0.11756018537144435
337,1623510924.4420033,0.0,-0.03436797484755516,-0.030687367543578148,0.0010517565533518791,0.005669965487852945,-0.0030879497128706024,0.09407381399528994,-0.030328504741191864,0.5386143922805786,-0.0029671876691281796,0.066738546128726,-0.030964528658892244,0.11245388393320342
338,1623510924.4519746,0.0,-0.034343697130680084,-0.025287771597504616,0.0009586289525032043,0.006365162136176862,-0.003416219707140067,0.09531205566226383,0.028261039406061172,0.5343533754348755,0.01620757207274437,0.07152052312398476,-0.031292777539758454,0.11522502012274087
339,1623510924.4619575,0.0,-0.0345049686729908,-0.020146114751696587,0.0009574741125106812,0.007013413380147916,-0.0037379086083740853,0.09648671633451131,-0.047372736036777496,0.49919962882995605,0.03857812657952309,0.06879634330482581,-0.03222385137994318,0.1174150943807962
340,1623510924.472079,0.0,-0.03422103077173233,-0.01563507691025734,0.0012925602495670319,0.007559504485055386,-0.004087029289154373,0.09764235467175757,0.08045899122953415,0.3809552788734436,0.06840553134679794,0.06057405689761526,-0.03289642237563627,0.11346801999611501
341,1623510924.4919937,0.0,-0.03276556730270386,-0.010211886838078499,0.00370579119771719,0.008322188746259687,-0.0045217531630076385,0.09956813028452056,0.11667798459529877,0.22968772053718567,0.1770625114440918,0.06107210119745911,-0.03193064829942327,0.10759387088764331
342,1623510924.5015075,0.0,-0.03192530572414398,-0.008081858977675438,0.005592038854956627,0.008676368748879774,-0.004731326111554093,0.10030727194484428,0.08365479111671448,0.1679023951292038,0.1770625114440918,0.05153264298418488,-0.025696354507117814,0.08842860941032872
343,1623510924.5118368,0.0,-0.030803794041275978,-0.005812381394207478,0.0059185512363910675,0.009018959735025964,-0.005044668557275908,0.10113914270405472,0.1379832774400711,0.1359444558620453,-0.05836093798279762,0.03574943560875333,-0.025666977754350583,0.07890731039544888
344,1623510924.5215278,0.0,-0.029408806934952736,-0.004044824279844761,0.005584128201007843,0.009329924046199783,-0.005330925247394799,0.1019585242500055,0.10815586894750595,0.1167697012424469,-0.02320721372961998,0.03231606096777137,-0.030162402018074855,0.081979709559553
345,1623510924.5317218,0.0,-0.02786960080265999,-0.002883568173274398,0.005281646735966206,0.009580751199773009,-0.005608505825885388,0.10271050652394685,0.14011381566524506,-0.001474655233323574,-0.02320721372961998,0.028174202239838346,-0.029405246108051803,0.08145535940667606
346,1623510924.5417895,0.0,-0.026560330763459206,-0.0019904363434761763,0.004989307373762131,0.00977709129371021,-0.005892838648556997,0.10328356936546433,0.10069902241230011,0.003851667046546936,-0.02320721372961998,0.022089877952754345,-0.02909964153512244,0.07036912731085866
347,1623510924.5517373,0.0,-0.025119487196207047,-0.0013049986446276307,0.004710141569375992,0.009959103984501526,-0.006194737020762273,0.10394307428691707,0.11880851536989212,-0.021714679896831512,-0.02640300616621971,0.018187130253511274,-0.02916663346724102,0.0632186745280052
348,1623510924.5620825,0.0,-0.023819386959075928,-0.0009477925486862659,0.004475460387766361,0.010081467353211075,-0.006468501660857065,0.10455267278064025,0.13052643835544586,-0.06645578145980835,-0.027468271553516388,0.014920826242236345,-0.02805357045428649,0.06321626729505476
349,1623510924.5715919,0.0,-0.022380365058779716,-0.0013993760803714395,0.004353050142526627,0.010126342408131477,-0.006681632918904404,0.10495685702205855,0.11348219215869904,-0.13250218331813812,-0.01255456730723381,0.008627073189195231,-0.02540250763406244,0.05319779680734459
350,1623510924.5814846,0.0,-0.02099151536822319,-0.0023321937769651413,0.004253154620528221,0.010112645911583631,-0.006881853730928006,0.10525808548502753,0.14863592386245728,-0.16872118413448334,-0.011489302851259708,0.0014291871004396424,-0.022592843831846652,0.038692317948355856
351,1623510924.6023836,0.0,-0.018761036917567253,-0.003315644571557641,0.004254521802067757,0.010183551096609414,-0.007230757834408852,0.10587139307268977,0.045305270701646805,-0.04728102684020996,0.00875072181224823,-0.0014565683183360735,-0.02281342789571702,0.030280657661817926
352,1623510924.6119602,0.0,-0.01821262016892433,-0.0034953616559505463,0.004412130452692509,0.01022367536411705,-0.0072957533531276125,0.10605230930961508,0.03997894749045372,-0.04834629222750664,0.027925480157136917,0.0018473896042084613,-0.01602927834874826,0.024569267682333678
353,1623510924.6220315,0.0,-0.01782768778502941,-0.004117946140468121,0.004616855643689632,0.01021315067145627,-0.007344457545333832,0.10629318143568868,0.006955750752240419,-0.08882633596658707,0.013011779636144638,0.0020292896911471106,-0.006103029141107684,0.021101550618564828
354,1623510924.6319523,0.0,-0.01759590394794941,-0.005262515973299742,0.0047776661813259125,0.010142870014515908,-0.007364665496227996,0.10645047149932926,-0.002631629351526499,-0.1282411366701126,0.02259915880858898,-0.003425882239656279,-0.0035766919532126207,0.02026844766475414
355,1623510924.6419518,0.0,-0.01744980365037918,-0.0064203510992228985,0.004972257651388645,0.010072574503053537,-0.0073512506059487115,0.10659517155969568,-0.009023215621709824,-0.0962831899523735,0.011946515180170536,-0.006755417566974307,-0.0004425089897226386,0.0160422792590431
356,1623510924.651852,0.0,-0.01727357693016529,-0.007101750932633877,0.005090339109301567,0.010043407693563176,-0.007359478613046061,0.10671763815538637,-0.030328504741191864,-0.04301996901631355,0.004489663522690535,-0.005276741726042053,0.0005874168539727466,0.01380258865468489
357,1623510924.661867,0.0,-0.017053287476301193,-0.0073375520296394825,0.005126209929585457,0.010066334974667558,-0.0073865412791229434,0.1068414382972846,0.005890486296266317,0.023026425391435623,-0.0019019230967387557,-0.0010689830016176137,-0.001369249797765377,0.011772806778335096
358,1623510924.6718233,0.0,-0.0168064683675766,-0.007461531087756157,0.005107823759317398,0.010090328184207742,-0.007383475215160112,0.10693918291864415,0.0037599573843181133,0.017700105905532837,-0.009358773939311504,0.0028303036557057503,-0.0013092258083184805,0.011116719915713075
359,1623510924.6820338,0.0,-0.016474714502692223,-0.007686097640544176,0.00502888485789299,0.010098279032772231,-0.0073744506545675576,0.10704218958512712,0.03252209722995758,-0.016388356685638428,-0.006162981037050486,0.0026910331952366214,0.0007744936613498311,0.010718225683595095
360,1623510924.692026,0.0,-0.016274571418762207,-0.008180946111679077,0.00493138562887907,0.010087534688858424,-0.007336073286133102,0.10715575695735459,0.0005641641328111291,-0.021714679896831512,-0.01575036160647869,0.0005683088290702282,0.002288962221984156,0.01085024820988409
361,1623510924.7126353,0.0,-0.016034193336963654,-0.00889546237885952,0.0044910842552781105,0.010100909756911296,-0.007240000259504678,0.10736429127368956,-0.004762158263474703,0.017700105905532837,-0.03066406399011612,-0.001315978328405758,0.0038277214834641295,0.01113441884562701
362,1623510924.7225993,0.0,-0.015986261889338493,-0.008875790983438492,0.004192862659692764,0.010151754146776985,-0.007214740967217276,0.1074760420846165,0.0037599573843181133,0.021961163729429245,-0.027468271553516388,0.0015865014146015613,0.0037754003637705032,0.011196469274428964
363,1623510924.7329264,0.0,-0.016027595847845078,-0.008841133676469326,0.0038935821503400803,0.010207464075587584,-0.007198373714135092,0.10759780338080782,-0.004762158263474703,0.014504311606287956,-0.025337740778923035,0.005440818576895154,0.002268917586100776,0.01193559490671304
364,1623510924.7426608,0.0,-0.016056230291724205,-0.008970803581178188,0.003711715340614319,0.010245209959211368,-0.007178519517445664,0.10771450358771043,0.006955750752240419,-0.005735713057219982,-0.0200114194303751,0.00481725599800505,0.0017112862909487183,0.012033113701275851
365,1623510924.7525916,0.0,-0.016181519255042076,-0.009076710790395737,0.0035639768466353416,0.01029027284185316,-0.0071545507890475035,0.10785674641833118,0.006955750752240419,0.00065587367862463,-0.014685096219182014,0.0040526966260738,0.002200111730057997,0.012887895462938033
366,1623510924.7629364,0.0,-0.01605515368282795,-0.008958732709288597,0.0034969570115208626,0.010370743845872513,-0.007157545133092261,0.10800846837857016,0.04956632852554321,0.010243253782391548,-0.007228245493024588,0.005930252782075472,0.0010724887438294639,0.015030243150925106
367,1623510924.7726464,0.0,-0.01602279581129551,-0.008539742790162563,0.0034459074959158897,0.010464739339723576,-0.0071536118934955595,0.10813769765834827,0.037848420441150665,0.02728748321533203,-0.005097716581076384,0.008977075170105646,-0.0003042822589692676,0.015680680449594742
368,1623510924.78268,0.0,-0.015789058059453964,-0.008260015398263931,0.003410358913242817,0.010565910042621404,-0.007175851137271191,0.10831100787085476,0.01441260240972042,0.026222221553325653,-0.005097716581076384,0.010034361529565224,-0.001088439610597421,0.01614244607112486
369,1623510924.7926605,0.0,-0.015711596235632896,-0.007995973341166973,0.003378448076546192,0.010658907169464563,-0.0071835741018557026,0.10847844788721203,0.03252209722995758,0.003851667046546936,0.00022860581520944834,0.00976646709934428,-0.001545263902591367,0.017214729627817803
370,1623510924.8025916,0.0,-0.01558778714388609,-0.0076275719329714775,0.0033691562712192535,0.010748376393176017,-0.0071889930283285525,0.10861301418084882,0.01441260240972042,0.03154854103922844,0.0023591346107423306,0.009300467745593422,-0.0009763751562120249,0.01571929345134512
371,1623510924.822951,0.0,-0.015161454677581787,-0.007013373542577028,0.003394649364054203,0.010954820123319622,-0.00726371768708059,0.10896411809853822,0.015477865934371948,0.01663484051823616,0.007685456890612841,0.011696100097721757,-0.003236124438080096,0.015254673412167965
372,1623510924.8332007,0.0,-0.014999577775597572,-0.006920210085809231,0.003415703773498535,0.011021324220424351,-0.007285958081500787,0.10909451283754391,0.01867366023361683,0.00598219595849514,0.004489663522690535,0.010708130175121152,-0.0038586063577516682,0.014943946975201534
373,1623510924.8435807,0.0,-0.014905232936143875,-0.006886438466608524,0.0034862589091062546,0.011092864916604321,-0.007328836598100533,0.10928478249042586,0.0037599573843181133,0.00065587367862463,0.011946515180170536,0.007098331849336399,-0.0031492530720102054,0.01575242091585111
374,1623510924.8530812,0.0,-0.0147984204813838,-0.006845328491181135,0.003520798869431019,0.011158463808347244,-0.007380846838494659,0.10946682110489549,0.008021015673875809,0.009177989326417446,-0.0019019230967387557,0.007253441099758775,-0.004846270857433466,0.019653867674228276
375,1623510924.862944,0.0,-0.01463345531374216,-0.006758980918675661,0.0035530831664800644,0.011237857125977871,-0.007407456826655917,0.1096174723821867,0.0176083967089653,0.025156956166028976,0.005554927978664637,0.007483012100173739,-0.0043136098978765365,0.017958801920314522
376,1623510924.8735633,0.0,-0.01443721167743206,-0.006697898730635643,0.0035481201484799385,0.011300819115480122,-0.007406295009088071,0.1097154759160194,0.022934718057513237,0.015569576062262058,-0.009358773939311504,0.007208103881703068,-0.0014516273920117133,0.012369840174405958
377,1623510924.8832588,0.0,-0.014140286482870579,-0.0067245992831885815,0.0035209674388170242,0.01135236723399477,-0.007426457420300028,0.10981114275551357,0.012282073497772217,0.003851667046546936,-0.007228245493024588,0.00621771929294547,-0.0006666131433577391,0.01000187303070204
378,1623510924.8929949,0.0,-0.013905363157391548,-0.0067885941825807095,0.0034014862030744553,0.01141756328630561,-0.007466182562676019,0.10999027373222671,0.03678315505385399,-0.02597573772072792,-0.01575036160647869,0.006280339991554656,-0.0025446475734737313,0.01351712951305439
379,1623510924.9029925,0.0,-0.013714910484850407,-0.006731510628014803,0.0032419273629784584,0.011495203974459162,-0.007496567156405939,0.11014722547623289,0.0026946929283440113,0.014504311606287956,-0.0200114194303751,0.007605961261817927,-0.0036636207120631092,0.01777587729240573
380,1623510924.9133222,0.0,-0.01357671432197094,-0.0065932306461036205,0.003065262921154499,0.011570021909379266,-0.007490644244840888,0.11026051598044692,0.013347337953746319,0.013439047150313854,-0.018946155905723572,0.008408022843916086,-0.0017824394468567402,0.015419326845450998
381,1623510924.9363232,0.0,-0.013257925398647785,-0.0061681680381298065,0.002718188799917698,0.011763121979534476,-0.0074272915933392,0.11052205533165244,0.013347337953746319,0.015569576062262058,-0.018946155905723572,0.009123874048597633,-0.0001232119908506539,0.011913025081013925
382,1623510924.9459753,0.0,-0.013113214634358883,-0.0061383554711937904,0.0025338036939501762,0.011832322212659084,-0.007440305543187906,0.11065646524946482,0.0037599573843181133,-0.002539919689297676,-0.022141948342323303,0.008741404215119437,-0.0008186982947409408,0.012232083848823428
383,1623510924.9560187,0.0,-0.013044996187090874,-0.006243611685931683,0.0023653246462345123,0.011890906772641069,-0.007441183730219708,0.11085030876789985,0.019738923758268356,-0.012127299793064594,-0.006162981037050486,0.006761916317094869,-0.00048661614761960945,0.01634550180203707
384,1623510924.9664996,0.0,-0.01293815765529871,-0.006287334952503443,0.0022731954231858253,0.011969338302576564,-0.007419938698996431,0.11108462470612636,0.01867366023361683,-0.005735713057219982,-0.010424038395285606,0.006605225425769899,0.0007639184046670268,0.02096543851468906
385,1623510924.976068,0.0,-0.012647070921957493,-0.006102415733039379,0.002149377018213272,0.012061529058015677,-0.007383646091797577,0.11127198909214676,0.028261039406061172,0.032613806426525116,-0.021076682955026627,0.008017879465255656,0.002377846863393619,0.020474613344335462
386,1623510924.9858298,0.0,-0.012373875826597214,-0.005794932134449482,0.0018968628719449043,0.01215625827910214,-0.007353201774992754,0.11142330394267745,0.01441260240972042,0.0379401296377182,-0.0200114194303751,0.009559635545931271,0.0036440701329892387,0.01807173894506449
387,1623510924.995987,0.0,-0.01217838004231453,-0.005573342088609934,0.0015856409445405006,0.012269490381980046,-0.007274288267701212,0.11164409336853635,0.01441260240972042,-0.00467044860124588,-0.029598798602819443,0.010208620404343277,0.004906625366935699,0.017797965229595585
388,1623510925.0059175,0.0,-0.011976112611591816,-0.005502716172486544,0.0012259986251592636,0.012361208570004924,-0.00724722029862325,0.11190261582303972,0.016543131321668625,-0.007866241969168186,-0.04238197207450867,0.01007008862173222,0.004865628706544933,0.022378331900746246
389,1623510925.0160463,0.0,-0.011764397844672203,-0.005595481488853693,0.0008371928706765175,0.012418316225109735,-0.007167767821374446,0.11211710387358347,0.023999981582164764,-0.01851888746023178,-0.03812091425061226,0.00782357356505768,0.005044578220593311,0.023329312010373245
390,1623510925.0261543,0.0,-0.01146475039422512,-0.005731315352022648,0.0004680575802922249,0.01246955231453447,-0.007086258551786337,0.11228470999224283,0.03252209722995758,-0.01851888746023178,-0.027468271553516388,0.005597625722825657,0.00783895670892895,0.020077330748979536
391,1623510925.0492895,0.0,-0.010537456721067429,-0.006336492486298084,-0.00013286061584949493,0.012578980970554932,-0.006972660182278934,0.1129817270233858,0.06341475993394852,-0.03769364580512047,-0.017880890518426895,0.0034298837118595855,0.003922434328466472,0.025464559722375775
392,1623510925.0591822,0.0,-0.009979263879358768,-0.006584738846868277,-0.0003830268979072571,0.012657860438594161,-0.00702893248188885,0.11344887730921262,0.04424000903964043,-0.020649414509534836,-0.025337740778923035,0.0043686235537252005,-0.0032469412868047698,0.03885653679371455
393,1623510925.0694501,0.0,-0.009402134455740452,-0.006422822363674641,-0.0006201574578881264,0.012784518680379185,-0.007009060569302672,0.11390141233803587,0.06767582148313522,0.03580959886312485,-0.021076682955026627,0.009698787060140192,-0.0022679313187341423,0.0461180401373901
394,1623510925.079686,0.0,-0.008928692899644375,-0.005722334608435631,-0.0008078832179307938,0.01295904535457032,-0.006949020425209465,0.11424903751941232,0.05702317878603935,0.11250864714384079,-0.01681562513113022,0.01470358833225888,0.003761229939581275,0.04261192922576016
395,1623510925.089119,0.0,-0.008546566590666771,-0.004687289707362652,-0.000901433639228344,0.013162314264313794,-0.006910492028511531,0.11460322857874701,0.07406740635633469,0.0933338850736618,-0.014685096219182014,0.019258202280081363,0.005479086554771594,0.03614739640745932
396,1623510925.0990863,0.0,-0.008011827245354652,-0.0040633040480315685,-0.0009432677179574966,0.013326851079998439,-0.006912971524993108,0.11510539913409336,0.06767582148313522,0.03580959886312485,-0.01255456730723381,0.019548893969991207,0.0021958328701577987,0.04178255182115644
397,1623510925.1095386,0.0,-0.007492791395634413,-0.004365064203739166,-0.001116964966058731,0.013387245294935235,-0.006912776832828829,0.11576919336799682,0.08045899122953415,-0.07923895865678787,-0.01681562513113022,0.0127702736348018,0.00010345126446678432,0.057175547789593356
398,1623510925.1190605,0.0,-0.007039093412458897,-0.00529130594804883,-0.0013098036870360374,0.013365741936191493,-0.0069026094658955345,0.11643985196610439,0.05382738634943962,-0.1058705672621727,-0.014685096219182014,0.003411897361770172,0.0001281019582517842,0.0682413835495711
399,1623510925.1290975,0.0,-0.006619259249418974,-0.006288305390626192,-0.0015066415071487427,0.013331644745809404,-0.006880507572776681,0.11706416958607145,0.03678315505385399,-0.10800109803676605,-0.029598798602819443,-0.002370593632615564,0.001349074017680091,0.067509464294883
400,1623510925.138972,0.0,-0.006242723204195499,-0.0069685038179159164,-0.0016952035948634148,0.013375628061594293,-0.006825255692542276,0.11773533858061627,-0.001566364779137075,-0.03982417657971382,-0.011489302851259708,-0.0006005110054387713,0.003675662356834533,0.06622595022138313
401,1623510925.162902,0.0,-0.0053989398293197155,-0.006062586326152086,-0.0020732982084155083,0.013821518168635923,-0.0067410184954311,0.119761827460218,0.022934718057513237,0.08481176942586899,-0.01255456730723381,0.013348009575849553,0.0023073808187236713,0.07717861514706988
402,1623510925.1727915,0.0,-0.005010811146348715,-0.005393121857196093,-0.0021763471886515617,0.014075416916354479,-0.006653062368029414,0.12056795287829976,-0.005827422719448805,0.07628965377807617,0.0012938702711835504,0.02502006410416264,0.004797016096437015,0.08263401215367455
403,1623510925.1829517,0.0,-0.004632554017007351,-0.005028716754168272,-0.0022221440449357033,0.014303395533880159,-0.0064745792585949175,0.12161638708662331,0.04317474365234375,0.01130851823836565,0.0012938702711835504,0.024615634919809233,0.013003963209309657,0.08876782728724536
404,1623510925.1929657,0.0,-0.004300290253013372,-0.005140106193721294,-0.002193043939769268,0.014420633401709092,-0.006378408509593453,0.12255293670798934,0.031456831842660904,-0.06325998902320862,-0.0019019230967387557,0.01855659699593855,0.01449717813064883,0.09874979213168095
405,1623510925.2027912,0.0,-0.003858384909108281,-0.006414406932890415,-0.002225414849817753,0.014388388766624481,-0.006301261279834297,0.12368285043727584,0.06554529070854187,-0.1804390847682953,-0.0029671876691281796,0.006233852683656195,0.010368316546638466,0.10462628329291607
406,1623510925.2129333,0.0,-0.003421537345275283,-0.008526960387825966,-0.002312779426574707,0.014321868884030836,-0.006293401250439978,0.12509076870261523,0.031456831842660904,-0.22304967045783997,-0.010424038395285606,-0.0048385223947331,0.005415857452971886,0.12322953539692982
407,1623510925.2230139,0.0,-0.0030011970084160566,-0.01006805058568716,-0.0025170641019940376,0.014336134941889574,-0.006211297802158192,0.1262546037359586,0.0548926517367363,-0.11865374445915222,-0.021076682955026627,-0.003941908767477994,0.005040597637170773,0.13128580512551052
408,1623510925.233087,0.0,-0.002901199972257018,-0.009801551699638367,-0.0027294494211673737,0.014579948266278772,-0.005962885388468328,0.12737113083865742,-0.014349537901580334,0.102921262383461,-0.013619831763207912,0.010531659243053094,0.01613696667585269,0.11895755768168431
409,1623510925.2429576,0.0,-0.0027450905181467533,-0.007993833161890507,-0.002872859127819538,0.01502028326333013,-0.005830844331203733,0.1287479867466949,0.028261039406061172,0.20625190436840057,-0.009358773939311504,0.03197809421620059,0.018945901107605263,0.12286559026734635
410,1623510925.2527938,0.0,-0.0027460989076644182,-0.006167721468955278,-0.0029085977002978325,0.01548992607780822,-0.005733643765367391,0.13036509149375533,-0.03565482795238495,0.1679023951292038,0.0012938702711835504,0.04693741121210092,0.011115457994949557,0.15548843832895046
411,1623510925.2753878,0.0,-0.0033300595823675394,-0.007849486544728279,-0.002957422286272049,0.015694324595571844,-0.00527285444943229,0.1335786854349143,-0.030328504741191864,-0.2496812641620636,-0.013619831763207912,0.02579793353316974,0.015164221808471504,0.16253598563553232
412,1623510925.285019,0.0,-0.003242332022637129,-0.010536383837461472,-0.0031329384073615074,0.015533909463922843,-0.005179458630630546,0.13539830562218297,-0.007957951165735722,-0.26033392548561096,-0.022141948342323303,-0.008127954840549413,0.016849608598237743,0.16529232297268473
413,1623510925.2957642,0.0,-0.003280285280197859,-0.012545221485197544,-0.003384262789040804,0.015498208117527952,-0.0050178508135045735,0.13690838395631472,0.00908628012984991,-0.1516769528388977,-0.032794591039419174,-0.012630175078899072,0.013144312144866558,0.16416375472212877
414,1623510925.3055232,0.0,-0.0036941568832844496,-0.012453928589820862,-0.0036780554801225662,0.01579120026276,-0.00474484687538787,0.13830521439997592,-0.05376432463526726,0.1444665640592575,-0.032794591039419174,0.008422428517098693,0.021893728150229004,0.14990843711075622
415,1623510925.3149827,0.0,-0.004035721067339182,-0.009481649845838547,-0.003911945503205061,0.016488462105027704,-0.0045420413119115766,0.1399413335327661,-0.044176943600177765,0.4129132032394409,-0.01681562513113022,0.046463731373880525,0.02718249996669099,0.15672705117245847
416,1623510925.324927,0.0,-0.0043129888363182545,-0.0059362477622926235,-0.003966664895415306,0.017224388245088637,-0.004308388155653112,0.14183643547058586,-0.022871654480695724,0.314908891916275,-0.0008366586407646537,0.07282884705060472,0.02450576433225456,0.17532229651164175
417,1623510925.3351426,0.0,-0.004326581954956055,-0.00508001446723938,-0.003944784868508577,0.017595405958781743,-0.004164039275272105,0.1440458344433298,-0.016480065882205963,-0.0685863122344017,-0.006162981037050486,0.061644679029241485,0.016450392383649943,0.20723891829016208
418,1623510925.3453465,0.0,-0.004413956310600042,-0.008036096580326557,-0.004032587632536888,0.017402519294979615,-0.004001736230739017,0.14585079400807788,-0.033524297177791595,-0.433972030878067,-0.011489302851259708,0.016707803053262475,0.012894560749606578,0.20843829260408023
419,1623510925.355073,0.0,-0.004875480197370052,-0.012605061754584312,-0.004228603560477495,0.016958238112314207,-0.00370261174363902,0.14739963482395912,-0.030328504741191864,-0.4723215401172638,-0.024272477254271507,-0.029493441537196522,0.023530969702719402,0.17859971462317994
420,1623510925.3651597,0.0,-0.00544689130038023,-0.015431239269673824,-0.004521947354078293,0.0168102875610716,-0.0033783454299260995,0.14908845549223979,-0.08359172940254211,-0.14954641461372375,-0.035990387201309204,-0.03398386378530094,0.032402184783946936,0.16497586225339575
421,1623510925.3874102,0.0,-0.006258636247366667,-0.010753335431218147,-0.004920573905110359,0.018321430975688807,-0.0034934713359023595,0.15402665099817292,-0.03565482795238495,0.42037007212638855,-0.013619831763207912,0.04020607087821216,0.015942657968616068,0.19419252711483875
422,1623510925.3974476,0.0,-0.006791014689952135,-0.006671571172773838,-0.004948217421770096,0.01926990167412116,-0.003069929751361375,0.1556176149437222,-0.04311167821288109,0.3916079103946686,0.005554927978664637,0.10188788070982067,0.013579576126801716,0.2004342034734291
423,1623510925.4070957,0.0,-0.007245025597512722,-0.004176164045929909,-0.004860010929405689,0.01990300711972244,-0.0026743180330478372,0.15747318627589985,-0.062286440283060074,0.1679023951292038,0.021533895283937454,0.08541167631653349,0.03843701070338931,0.17921599847085642
424,1623510925.4173512,0.0,-0.007373461499810219,-0.005585155915468931,-0.004602920264005661,0.01997298002109913,-0.0025639905787096934,0.1602631289881707,0.03571789339184761,-0.359403520822525,0.01407704409211874,0.0443529103191063,0.02869534442654392,0.22695653402026245
425,1623510925.4272077,0.0,-0.00746088707819581,-0.01126361545175314,-0.004754229448735714,0.019394246728338678,-0.0023852219873649605,0.16277936811967186,-0.05056852847337723,-0.6608733534812927,-0.03492512181401253,-0.017482518641524735,0.012359030582652177,0.26911193459960125
426,1623510925.4374433,0.0,-0.007805074565112591,-0.016453800722956657,-0.005322861950844526,0.0188527896333769,-0.002125772598635417,0.1645169125996177,-0.013284273445606232,-0.433972030878067,-0.08073148876428604,-0.05580947597631222,0.019911497673663795,0.22782609008489058
427,1623510925.4471023,0.0,-0.008588637225329876,-0.01702825352549553,-0.00628240592777729,0.01910928144574795,-0.0017979595262496428,0.16621668714406707,-0.07187382131814957,0.17642450332641602,-0.13079892098903656,-0.025206568689558832,0.031263120177551645,0.17792180748542857
428,1623510925.4575198,0.0,-0.008797526359558105,-0.01266755722463131,-0.008042676374316216,0.020279387493567107,-0.0018326129538794728,0.16862040508880788,-0.09104858338832855,0.6014650464057922,-0.16488738358020782,0.060365809473110404,0.014550900397846941,0.20577292392354687
429,1623510925.468249,0.0,-0.009185591712594032,-0.006793277803808451,-0.00888112187385559,0.021737855934347794,-0.001860589256556397,0.17141277725722054,-0.05589485168457031,0.6259661316871643,-0.008293509483337402,0.1294048926172777,-0.003910151252242997,0.2631351883936856
430,1623510925.477446,0.0,-0.009766221046447754,-0.003338112495839596,-0.008140419609844685,0.022673705418701284,-0.00178967914850299,0.1736666818213524,-0.01221900898963213,0.11570443958044052,0.186649888753891,0.1310922305935198,0.003545404398847261,0.2659434951272806
431,1623510925.5006738,0.0,-0.009886924177408218,-0.014179377816617489,-0.007820740342140198,0.02163681621212383,-0.0012257495613002822,0.17910463393076811,-0.05589485168457031,-0.6161322593688965,-0.1702136993408203,-0.007977890502307185,0.01577090007238551,0.2533393875035859
432,1623510925.5106006,0.0,-0.010547339916229248,-0.018094588071107864,-0.008670566603541374,0.0212889326258405,-0.0009382298898298475,0.1813271883788938,0.008021015673875809,-0.3476856052875519,-0.04877356067299843,-0.0937259705113568,0.02672542663831877,0.2397048789356518
433,1623510925.520476,0.0,-0.010922431014478207,-0.019154325127601624,-0.009329627268016338,0.021591702759197785,-0.0010048356915890594,0.18361077663528078,0.03571789339184761,0.0240916907787323,-0.06155673414468765,-0.013692544999056741,0.01698470479395931,0.22926350768227916
434,1623510925.5310743,0.0,-0.011419356800615788,-0.015539517626166344,-0.010430403985083103,0.022799476734634297,-0.0009985004033821535,0.18607169747506302,-0.19650974869728088,0.5769639611244202,-0.12973365187644958,0.06361793463908855,-0.004198575925572591,0.23711772322309288
435,1623510925.5406032,0.0,-0.012029184959828854,-0.008825474418699741,-0.011711036786437035,0.02447547908158735,-0.0008649071710054024,0.18855428219865938,-0.11448439955711365,0.7623199820518494,-0.06581778824329376,0.14232331968587955,0.0022469443859200913,0.25054758747547906
436,1623510925.5506396,0.0,-0.012631847523152828,-0.003907991573214531,-0.011367881670594215,0.02576500806027835,-0.0008472322215576228,0.1909237159914617,-0.027132712304592133,0.2552540600299835,0.14616984128952026,0.16107658672748984,0.012644444298552396,0.2477124161525104
437,1623510925.5611286,0.0,-0.012556768953800201,-0.006050831638276577,-0.008653434924781322,0.02573585667125431,-0.001084191007275595,0.19363899128994383,0.051696859300136566,-0.45953837037086487,0.23458679020404816,0.08010329920190783,-0.007392165041535087,0.25626919884604077
438,1623510925.5704174,0.0,-0.012512982822954655,-0.013081754557788372,-0.00947625283151865,0.024767247928238895,-0.0010710255319100609,0.19597585861925754,-0.044176943600177765,-0.8856441378593445,-0.2671527862548828,-0.037947757054869545,-0.01461670060890893,0.2628593415767955
439,1623510925.5805774,0.0,-0.01316992286592722,-0.019666079431772232,-0.011582388542592525,0.023879705251362314,-0.0008549156206532696,0.1982198311739239,-0.0931791141629219,-0.35301193594932556,-0.19471478462219238,-0.09779590190457324,0.01068982954843944,0.24017145295936532
440,1623510925.5906148,0.0,-0.014262225478887558,-0.02102791890501976,-0.013457038439810276,0.02409741815983279,-0.000709122428174315,0.20059422064626597,-0.04311167821288109,0.0890728235244751,-0.21175901591777802,-0.046679368917931625,0.01936486864993065,0.2326292357064317
441,1623510925.6149068,0.0,-0.015984270721673965,-0.009051640518009663,-0.0166229996830225,0.02766843095660655,-0.0008969353342730343,0.20639371186087538,0.0176083967089653,0.6035955548286438,0.03325180336833,0.13189655136500514,0.0057849661983955135,0.24048343295704036
442,1623510925.625088,0.0,-0.016203241422772408,-0.006600406486541033,-0.015069962479174137,0.028591575851345218,-0.0010409161855375534,0.20871566135597247,0.0176083967089653,0.0240916907787323,0.28252366185188293,0.18565887866092218,-0.012614784680825884,0.24306458599448683
443,1623510925.6350281,0.0,-0.016205865889787674,-0.009210721589624882,-0.011071437038481236,0.02832307864154767,-0.0010746713313306983,0.21100324659893097,0.022934718057513237,-0.4307762384414673,0.4465743899345398,0.04962384168090976,-0.011830787311206459,0.2415532068278239
444,1623510925.6450412,0.0,-0.016403790563344955,-0.015144558623433113,-0.008193518035113811,0.027415120487238473,-0.0012030782844507926,0.21347259519100809,0.01867366023361683,-0.7631387710571289,-0.04877356067299843,-0.04993378584398742,-0.008530510873627113,0.24321427589019076
445,1623510925.654764,0.0,-0.016536058858036995,-0.022646665573120117,-0.010702259838581085,0.02620513108078157,-0.0011611417900794646,0.21569170542645805,-0.02819797582924366,-0.6448943614959717,-0.2820664942264557,-0.10693957007927178,-0.0036851226164079085,0.24022122812613722
446,1623510925.664794,0.0,-0.01751559227705002,-0.023429667577147484,-0.014031356200575829,0.026498098614536593,-0.0010098024008939888,0.21742319802943694,-0.10809281468391418,0.013439047150313854,-0.3363949656486511,-0.0606701908193671,0.007370525819172796,0.21024007940966158
447,1623510925.674831,0.0,-0.018034499138593674,-0.019071141257882118,-0.0176370982080698,0.02795635370802059,-0.0013340374162765997,0.21931897770692865,-0.10063596069812775,0.6323577165603638,-0.33426445722579956,0.06959669377307863,-0.0079566420449818,0.18635408998813394
448,1623510925.6855845,0.0,-0.01861898973584175,-0.011570936068892479,-0.020457103848457336,0.030086829546696704,-0.0016182116812405167,0.2216215380937604,-0.06974329054355621,0.8709769248962402,-0.17234423756599426,0.17116903396775818,-0.030011742898340646,0.20468465057221943
449,1623510925.6951644,0.0,-0.018394270911812782,-0.006009278818964958,-0.019856100901961327,0.03169170247640329,-0.0020858969418550213,0.22400168424460876,0.0687410831451416,0.3266267776489258,0.26334890723228455,0.19888521844003418,-0.04063461139193964,0.23959096125442003
450,1623510925.704779,0.0,-0.01746676303446293,-0.009104936383664608,-0.014647278934717178,0.03129698612304588,-0.002349449679055121,0.22591894260212464,0.15928857028484344,-0.6278501749038696,0.7427179217338562,0.09159722919997239,-0.04369150864397407,0.2347416077517315
451,1623510925.7301245,0.0,-0.016859713941812515,-0.02360823005437851,-0.013385822996497154,0.02884209978884896,-0.0022960726967611728,0.22980104195053164,0.08365479111671448,0.14340130984783173,-0.7039111852645874,-0.15416100623413084,-0.013929235716039897,0.20156279469745958
452,1623510925.7392058,0.0,-0.017413299530744553,-0.020285429432988167,-0.01967189460992813,0.029993047819413185,-0.0028983960844137235,0.23163425507271457,0.20935599505901337,0.2893425226211548,-0.5547741651535034,-0.09118626518726984,-0.026752689984440754,0.19560103223902425
453,1623510925.7495673,0.0,-0.018184976652264595,-0.016061466187238693,-0.02338763140141964,0.031554302227385166,-0.003588890036756942,0.23336781009476404,-0.16455182433128357,0.45765432715415955,-0.16062632203102112,0.13249593602272453,-0.06886885787668548,0.18420377702791732
454,1623510925.7593067,0.0,-0.018090413883328438,-0.012402680702507496,-0.02365770936012268,0.032790191744905446,-0.00390458225296577,0.23477428040743947,0.23811814188957214,0.20092558860778809,-0.009358773939311504,0.14534145586620872,-0.05488371199777311,0.16191263320172428
455,1623510925.769366,0.0,-0.018492279574275017,-0.009059714153409004,-0.023065824061632156,0.03386340815573339,-0.0038791427249189186,0.23617038523316336,-0.014349537901580334,0.23075298964977264,0.16001828014850616,0.1244384549507012,-0.019069900709534345,0.14471972362711902
456,1623510925.779303,0.0,-0.017794132232666016,-0.010005452670156956,-0.020370278507471085,0.033919784047379886,-0.004273943857845006,0.23772914884437069,0.2306612879037857,-0.4116014838218689,0.38905012607574463,0.06940149522046972,-0.018566305429709874,0.15066691595286122
457,1623510925.7891781,0.0,-0.017050955444574356,-0.015399490483105183,-0.015249454416334629,0.03295222558403996,-0.004563827600297152,0.2393147089218551,0.026130512356758118,-0.5788480043411255,0.5605577230453491,-0.03270939464217045,-0.037143845710959605,0.16266521018588068
458,1623510925.799532,0.0,-0.016664689406752586,-0.020144807174801826,-0.011542707681655884,0.03209830925173866,-0.004446482033636179,0.24033268586031742,-0.005827422719448805,-0.35301193594932556,-0.0200114194303751,-0.09180969580927241,-0.015774829297697444,0.1359420050092813
459,1623510925.8095202,0.0,-0.016794700175523758,-0.02079799398779869,-0.014742013067007065,0.03224164334048414,-0.004172610583020778,0.24124664728907388,-0.11981072276830673,0.34154048562049866,-0.43759509921073914,-0.05076044676005541,0.016264659995635197,0.10054252111235153
460,1623510925.8191617,0.0,-0.017292477190494537,-0.015406670048832893,-0.01931159943342209,0.033918522850330084,-0.004842642838144298,0.24247816274892708,-0.03885062038898468,0.6259661316871643,-0.4120287597179413,0.08175384435499415,-0.003893731448070716,0.1044321423244432
461,1623510925.843627,0.0,-0.0155218206346035,-0.007365272846072912,-0.01912720873951912,0.03661046658822948,-0.0068679449325941,0.24567805779109592,0.06234950199723244,-0.21452754735946655,0.37413641810417175,0.19660091268806518,-0.06299662978242353,0.11105678140106408
462,1623510925.8529098,0.0,-0.014034691266715527,-0.011448570527136326,-0.014479557052254677,0.03580674308314296,-0.006937649596579193,0.2465241248119428,0.2029644101858139,-0.5000184178352356,0.5232734680175781,0.07289399842558754,-0.045488236298260036,0.09842165252512342
463,1623510925.863131,0.0,-0.013201547786593437,-0.015545876696705818,-0.011874954216182232,0.03499216989190969,-0.006736827851765312,0.24730084270658514,0.022934718057513237,-0.3338371813297272,-0.07433990389108658,-0.07845763454024468,0.003142863339724419,0.08645858544954453
464,1623510925.8736649,0.0,-0.01277455035597086,-0.016829319298267365,-0.01399046927690506,0.03497011343656894,-0.006382499572787831,0.24805752088837424,0.0037599573843181133,0.12742234766483307,-0.2575654089450836,-0.052971288585052644,0.028846175061644583,0.07808749872818285
465,1623510925.882906,0.0,-0.012885560281574726,-0.01387037057429552,-0.016261255368590355,0.03604068326153251,-0.0075461394330118,0.24902719836676157,0.09963375329971313,0.31810468435287476,-0.12760312855243683,0.043123714225735264,-0.03273883052386779,0.0899328080835969
466,1623510925.8930676,0.0,-0.012288236990571022,-0.010606653057038784,-0.01651824824512005,0.03718800617637558,-0.008546349677402754,0.24997341974018852,0.08578531444072723,0.35006260871887207,0.04923076927661896,0.11095374108105417,-0.11184110837783143,0.09883755434124757
467,1623510925.9032884,0.0,-0.011632762849330902,-0.009311634115874767,-0.015320390462875366,0.03777214782856174,-0.008483276668037762,0.2505576945796661,0.17739807069301605,0.0379401296377182,0.13445192575454712,0.09337519184755477,-0.055918614185396065,0.08092714666059887
468,1623510925.9131072,0.0,-0.010777960531413555,-0.009089628234505653,-0.013894750736653805,0.03801269783347818,-0.008481442575890494,0.25109131435083765,-0.01754533126950264,-0.007866241969168186,0.15682248771190643,0.049109328038559094,-0.000625186817325874,0.058582935579661294
469,1623510925.9231913,0.0,-0.009715437889099121,-0.010646229609847069,-0.012827458791434765,0.03785611987861722,-0.008678044889601874,0.25180636932429257,0.06021897494792938,-0.19535279273986816,0.0012938702711835504,0.008661483820639195,-0.007868329770309254,0.06033219196935136
470,1623510925.9330528,0.0,-0.009194041602313519,-0.01249922439455986,-0.013122675009071827,0.03765049211285129,-0.00892073942323944,0.2525159762856062,0.019738923758268356,-0.1708517074584961,-0.017880890518426895,-0.01760576941972941,-0.019489133288689692,0.0712724749741684
471,1623510925.9574602,0.0,-0.008421073667705059,-0.009956065565347672,-0.013616508804261684,0.03878986460926678,-0.010008718061629895,0.25355920646436125,0.10389481484889984,0.21583929657936096,-0.0029671876691281796,0.025594963635667434,-0.035205408384842846,0.0553788456243617
472,1623510925.9675658,0.0,-0.00808847974985838,-0.007856384851038456,-0.01368616335093975,0.03951095045384209,-0.010409461898704078,0.2539298039405711,0.045305270701646805,0.11996549367904663,0.0034243990667164326,0.07665052230197784,-0.0474318644547034,0.0369134129072458
473,1623510925.977135,0.0,-0.0075560505501925945,-0.0074880700558424,-0.013576608151197433,0.03978821450352349,-0.010772691831197306,0.2544768643038869,0.011216809041798115,-0.05899893864989281,0.010881250724196434,0.055418769357078644,-0.04040416488363388,0.04423324684841882
474,1623510925.9876003,0.0,-0.007202902343124151,-0.00892653875052929,-0.01335466094315052,0.03961739885239937,-0.010846346730187778,0.25497688906844457,0.0016294285887852311,-0.19961385428905487,0.018338100984692574,0.010574885345587313,-0.024754727775172628,0.05213282661758195
475,1623510925.9977536,0.0,-0.006883826106786728,-0.010881802067160606,-0.013178272172808647,0.03932864758536968,-0.010798598054081412,0.2554291255825276,0.04210947826504707,-0.2123970240354538,0.01620757207274437,-0.021325771197615875,-0.0020489153620905187,0.049230600923177784
476,1623510926.007563,0.0,-0.00688898516818881,-0.011560216546058655,-0.013172928243875504,0.039332124167291344,-0.01096388996312378,0.25566568731341105,0.006955750752240419,-0.03449785336852074,0.005554927978664637,-0.01724757720353523,-0.004465461383387993,0.03744259312923948
477,1623510926.0175,0.0,-0.0066734254360198975,-0.010862957686185837,-0.01321909949183464,0.03967654643709452,-0.011095679403940767,0.2558898924304692,-0.02074112370610237,0.10931285470724106,-0.008293509483337402,0.01204561644884515,-0.015472439004638782,0.024393245286091936
478,1623510926.027509,0.0,-0.006298935040831566,-0.00982865784317255,-0.01320551335811615,0.04012270198961707,-0.011377520820216494,0.2561736092681203,-0.01221900898963213,0.11357390880584717,-0.0019019230967387557,0.03757907451432147,-0.021057000791626576,0.025500517293452457
479,1623510926.037477,0.0,-0.005961394403129816,-0.00946374237537384,-0.01311581116169691,0.04041601169967858,-0.01178499967942405,0.25658001015934906,0.0016294285887852311,-0.005735713057219982,0.007685456890612841,0.03940538174555331,-0.03311194323716294,0.03422400022590599
480,1623510926.0476077,0.0,-0.0057967063039541245,-0.009977657347917557,-0.012963897548615932,0.04047501301135816,-0.011977655055877043,0.2569837475226305,0.02506524696946144,-0.1335674524307251,0.02686021663248539,0.0209059529054154,-0.030277022028438492,0.039808281618289525
481,1623510926.071684,0.0,-0.005944653879851103,-0.011836023069918156,-0.012408662587404251,0.04028490060178051,-0.011791873367650266,0.2572725097630334,0.023999981582164764,-0.020649414509534836,0.02366442233324051,-0.014191410150990126,-0.007340579981111436,0.0310011795031974
482,1623510926.081621,0.0,-0.006084607448428869,-0.011488636024296284,-0.012180984020233154,0.04052015820895548,-0.011831174755625881,0.257468831027829,0.030391570180654526,0.03048327937722206,0.027925480157136917,-0.008133380573917574,0.0025639732372073915,0.020024905916067745
483,1623510926.092013,0.0,-0.006216987501829863,-0.010839312337338924,-0.011918987147510052,0.04081587668099138,-0.011860065131963596,0.2576271539308695,-0.022871654480695724,0.03048327937722206,0.03005601093173027,0.026175788568551964,-0.004282139895173783,0.018285252128189808
484,1623510926.1018696,0.0,-0.006350335665047169,-0.010645887814462185,-0.011622214689850807,0.04097523254043305,-0.011881873117272929,0.25777855734652666,-0.040981147438287735,0.004916931502521038,0.035382334142923355,0.02454012803904983,-0.004143924387722105,0.016380899148784257
485,1623510926.1119206,0.0,-0.0062759919092059135,-0.011281762272119522,-0.011334086768329144,0.040928466545397404,-0.011963726352888698,0.25797841832490453,-0.03139377012848854,-0.05580314248800278,0.021533895283937454,0.007913037213207531,-0.005549029217602431,0.017889094094388342
486,1623510926.1217337,0.0,-0.006075819488614798,-0.012308402918279171,-0.01109268981963396,0.040772853974412174,-0.011927387272560527,0.25810138255830056,0.006955750752240419,-0.12184953689575195,0.028990745544433594,-0.00860952137542046,-0.0026221313217105603,0.017113437279064465
487,1623510926.131651,0.0,-0.006027395837008953,-0.012843121774494648,-0.010898410342633724,0.04072196055455493,-0.011829811286303712,0.25813333208401207,0.005890486296266317,-0.052607350051403046,0.01620757207274437,-0.010713207844710427,0.006927271527526111,0.009293870914242166
488,1623510926.1417072,0.0,-0.005942642688751221,-0.012711460702121258,-0.010683709755539894,0.040832576115498516,-0.011739638297256494,0.2581616975005768,-0.02074112370610237,0.025156956166028976,0.015142307616770267,0.000910621822017434,0.008807572169074568,0.003194377830064442
489,1623510926.1514583,0.0,-0.005881807301193476,-0.012468344531953335,-0.010510280728340149,0.04097630241253052,-0.011634458175316637,0.2582020407803078,-0.04843800142407417,0.040070656687021255,0.018338100984692574,0.011410479551927687,0.008989382708913444,0.003254108304752819
490,1623510926.1617053,0.0,-0.005919858813285828,-0.01253282930701971,-0.010350982658565044,0.04102830936592886,-0.011535331638315258,0.2582232109166304,-0.047372736036777496,0.01983063295483589,0.015142307616770267,0.01051190886280689,0.010851361809098651,0.00340849743729479
491,1623510926.1877868,0.0,-0.005993773229420185,-0.013392889872193336,-0.009936279617249966,0.04100961587488615,-0.011273309044068244,0.2582914928643087,-0.02500218152999878,0.001721138134598732,0.010881250724196434,-0.004057871789885362,0.012195558078157448,0.003363729711431503
492,1623510926.197924,0.0,-0.0059453691355884075,-0.01338950451463461,-0.009814338758587837,0.04109095984644519,-0.01117161306049795,0.25830025507667637,-0.023936918005347252,0.01663484051823616,0.020468629896640778,-0.0031092851753098984,0.01147731985193883,0.002330851457200001
493,1623510926.2079413,0.0,-0.005849984008818865,-0.013340294361114502,-0.009659343399107456,0.04118504747700111,-0.010998494885963231,0.2583193612060054,0.006955750752240419,-0.01851888746023178,0.015142307616770267,0.00926314135643618,0.013884969706904345,0.0011518692006962134
494,1623510926.217802,0.0,-0.0058731031604111195,-0.01340892631560564,-0.009440451860427856,0.04124803421549449,-0.010785427544412723,0.25833515030502896,0.005890486296266317,-0.03023679554462433,0.02366442233324051,0.008809149792005094,0.019767063347994423,0.0018535815598313343
495,1623510926.227539,0.0,-0.005783278029412031,-0.013471197336912155,-0.009258698672056198,0.04130822420613831,-0.010643070250150238,0.2583478733780799,-0.01754533126950264,0.014504311606287956,0.03005601093173027,0.006184303791337148,0.018132115276047297,0.001620668249877877
496,1623510926.2378204,0.0,-0.005787248723208904,-0.013565098866820335,-0.009053634479641914,0.04134858743625126,-0.010381317148530841,0.2583541232755733,-0.007957951165735722,-0.011062035337090492,0.01620757207274437,0.005039905817336232,0.020699842337300076,0.0008444431836767755
497,1623510926.247582,0.0,-0.005776986945420504,-0.01355709321796894,-0.008789734914898872,0.04143225588117746,-0.010062207472661427,0.2583670386756044,0.010151544585824013,-0.005735713057219982,0.027925480157136917,0.005956558024390203,0.029293386935780198,0.0008841834368072089
498,1623510926.257585,0.0,-0.005659169051796198,-0.013558748178184032,-0.008620649576187134,0.041509446507828646,-0.009915874625614704,0.2584074441586144,0.01441260240972042,-0.00040939077734947205,0.021533895283937454,0.008142807625151823,0.0242657810879843,0.00279378909577757
499,1623510926.2677011,0.0,-0.00569720845669508,-0.013530832715332508,-0.008424624800682068,0.04160661158088675,-0.009550860864039251,0.25844600218633274,-0.01754533126950264,0.004916931502521038,0.017272837460041046,0.009199315007929707,0.02510487177010787,0.004296109637829541
500,1623510926.278003,0.0,-0.00568555761128664,-0.013565292581915855,-0.008200325071811676,0.0416968376685896,-0.00929851559388141,0.25846645864446327,-0.013284273445606232,0.002786402590572834,0.028990745544433594,0.009465146066888383,0.031684136945001135,0.0032205604332502485
501,1623510926.302922,0.0,-0.005947586614638567,-0.013582397252321243,-0.007568149361759424,0.04194247045540962,-0.008607452924947828,0.2585954339527142,-0.033524297177791595,0.028352748602628708,0.025794953107833862,0.0086299842561041,0.02842655821938601,0.002826317915483194
502,1623510926.3132024,0.0,-0.006146709434688091,-0.0133852269500494,-0.007333023007959127,0.0420702062520439,-0.00836065634698395,0.2586036002411018,-0.010088480077683926,-0.00040939077734947205,0.027925480157136917,0.011323907925383373,0.027930602569103704,0.00212127736757976
503,1623510926.3229196,0.0,-0.006360859144479036,-0.013390800915658474,-0.0070558167062699795,0.042145266841371515,-0.008023110354850552,0.25863607876088845,-0.005827422719448805,-0.03556311875581741,0.028990745544433594,0.011460816640392679,0.029166728638837472,0.0017760097529065787
504,1623510926.332714,0.0,-0.006410910747945309,-0.013604267500340939,-0.006857133470475674,0.04218325817207251,-0.00771483454839586,0.2586753316086337,0.027195775881409645,-0.05899893864989281,0.017272837460041046,0.00682047574254392,0.03384184393548578,0.0036508387723482062
505,1623510926.3430374,0.0,-0.006424375344067812,-0.01351887732744217,-0.006637713871896267,0.04229182339596425,-0.007240890364423408,0.25870365239555815,0.008021015673875809,0.026222221553325653,0.01620757207274437,0.00606685459283291,0.03787239909464959,0.003733901717015031
506,1623510926.353109,0.0,-0.0063063958659768105,-0.013214227743446827,-0.006518086884170771,0.04244470297142403,-0.0069335607284035095,0.25871580050125914,-0.001566364779137075,0.04646224528551102,0.015142307616770267,0.011764847759237387,0.03811929101872268,0.0017472036242256266
507,1623510926.363099,0.0,-0.006210494786500931,-0.013009345158934593,-0.006381801795214415,0.04257966968430234,-0.006631910071947189,0.2587440201124149,0.055957917124032974,-0.020649414509534836,0.005554927978664637,0.015416394842515621,0.03186342924796504,0.0017527930924903176
508,1623510926.3732316,0.0,-0.006221975665539503,-0.013025304302573204,-0.006255872547626495,0.04263521228317158,-0.006312127376362664,0.2587408690684122,-0.004762158263474703,-0.006800977513194084,0.013011779636144638,0.010498705949874006,0.03182214671299401,0.001614905926542792
509,1623510926.3829372,0.0,-0.0062271952629089355,-0.013249905779957771,-0.006143608130514622,0.04265994864217736,-0.005948742269114862,0.2587557394643957,0.0005641641328111291,-0.03023679554462433,0.004489663522690535,0.004629336932973795,0.034587662421158835,0.0007066053262568735
510,1623510926.3929095,0.0,-0.006285279523581266,-0.013413744047284126,-0.00610011862590909,0.042720943652048995,-0.0054944013217505805,0.2587668462433611,-0.015414802357554436,0.021961163729429245,0.007685456890612841,0.004136568568389959,0.04181190203581052,0.0013371537048233616
511,1623510926.4175043,0.0,-0.006324870511889458,-0.013048217631876469,-0.006046945229172707,0.043003446172231,-0.004837659958086091,0.25881673868768207,-0.003696893807500601,-0.001474655233323574,0.007685456890612841,0.01130355793521328,0.03582956953618218,0.0013079286646550546
512,1623510926.427534,0.0,-0.006403851788491011,-0.01289121899753809,-0.00602238392457366,0.043109999242926425,-0.004592150916683413,0.2588213914602492,-0.001566364779137075,-0.001474655233323574,0.006620192434638739,0.014789726904100573,0.024653405821452958,0.000948952215488775
513,1623510926.4378786,0.0,-0.006536189001053572,-0.012974977493286133,-0.005998182576149702,0.043171488093362284,-0.004305251515235017,0.2588334394923697,-0.014349537901580334,-0.016388356685638428,0.007685456890612841,0.009022518698532853,0.02715678281352413,0.0008509157864482882
514,1623510926.4477673,0.0,-0.006579926237463951,-0.01311966497451067,-0.005995772313326597,0.04320139385715731,-0.0040938880784419235,0.25885420538830795,0.01441260240972042,-0.020649414509534836,0.0012938702711835504,0.005152766047612237,0.02546195284362658,0.001447706433182533
515,1623510926.4575744,0.0,-0.006624938454478979,-0.013124663382768631,-0.005968336947262287,0.04328133432264852,-0.00378604595743183,0.2588621900642716,-0.005827422719448805,0.003851667046546936,0.0023591346107423306,0.00555961813571654,0.026398627321465352,0.0015407940021636135
516,1623510926.4680173,0.0,-0.006649316754192114,-0.013008829206228256,-0.005890222731977701,0.0433783078349775,-0.0035105455934841406,0.258859678696164,-0.013284273445606232,0.012373782694339752,0.009815986268222332,0.00853281805483666,0.02971330050725098,0.0004935680057375902
517,1623510926.4774797,0.0,-0.006610509939491749,-0.012880939990282059,-0.0058666071854531765,0.04347811314550971,-0.003176382325466215,0.25885731881233226,0.0005641641328111291,0.014504311606287956,-0.0008366586407646537,0.009898051345606229,0.03102674961691795,-0.00034879435474845634
518,1623510926.4874597,0.0,-0.006651144940406084,-0.012935006991028786,-0.005860908422619104,0.043544028598281194,-0.0028445948818892064,0.2588550559792403,-0.016480065882205963,0.00065587367862463,0.005554927978664637,0.00872923005780414,0.03471479513426918,-0.00040193282626888515
519,1623510926.4977908,0.0,-0.006619001738727093,-0.013087477535009384,-0.005859862081706524,0.04357344708002545,-0.0024449233905335516,0.25885545375193686,0.0005641641328111291,-0.028106268495321274,0.010881250724196434,0.004952628257009294,0.03668087353434737,-0.0001291929299442637
520,1623510926.50755,0.0,-0.006654500495642424,-0.013208087533712387,-0.0058527239598333836,0.04364484468419991,-0.0020923749749021114,0.25885488658639993,0.026130512356758118,-0.02597573772072792,-0.004032452125102282,0.005762674226306877,0.038246627334989666,-7.036414541709028e-05
521,1623510926.5328338,0.0,-0.006700083147734404,-0.01330618653446436,-0.005936220288276672,0.04379257004732476,-0.001309170641089319,0.2588660515055098,0.026130512356758118,-0.041954707354307175,-0.009358773939311504,0.006968699887856941,0.03509539996462016,4.4575544886776066e-05
522,1623510926.5425835,0.0,-0.006789883598685265,-0.013484211638569832,-0.005970647558569908,0.043814927893603736,-0.0009992454310051163,0.2588698976983029,-0.005827422719448805,-0.021714679896831512,-0.010424038395285606,0.0033975543936997895,0.03198869140105522,0.0002684171249922004
523,1623510926.5528357,0.0,-0.006845577619969845,-0.013562190346419811,-0.006025001872330904,0.043846717352179314,-0.00069838509123233,0.2588609256851387,-0.019675860181450844,-0.006800977513194084,-0.005097716581076384,0.002442370149838231,0.03029878099578797,-0.00016626899861131315
524,1623510926.5628862,0.0,-0.006857718341052532,-0.013644266873598099,-0.006075048353523016,0.04386640462655728,-0.0003885697379218678,0.25885908412989295,-0.018610596656799316,-0.020649414509534836,-0.014685096219182014,0.0027446192510994886,0.030957072879794777,-0.00054849620680719
525,1623510926.5726435,0.0,-0.00689675472676754,-0.013665134087204933,-0.006129808723926544,0.04390570488901903,-0.00013351702659215176,0.2588621028536891,-0.009023215621709824,-0.00040939077734947205,0.0023591346107423306,0.0030077175674843933,0.029414096193954492,-0.0001517076249000617
526,1623510926.582857,0.0,-0.006856750696897507,-0.0137402368709445,-0.0061991410329937935,0.043943632858628595,0.00017591254312909754,0.25886005226748965,0.01867366023361683,-0.03662838414311409,-0.008293509483337402,0.003970826690394959,0.028629210068399056,-0.00010436512500516843
527,1623510926.5930614,0.0,-0.006908421404659748,-0.013944525271654129,-0.006289933808147907,0.04394984025007311,0.0004779536223391348,0.25885840937965043,-0.006892687175422907,-0.023845210671424866,-0.010424038395285606,0.0022514465585104274,0.03063381681894897,-4.030313235717523e-05
528,1623510926.6030319,0.0,-0.006938393227756023,-0.014196639880537987,-0.006334348116070032,0.043936956930038566,0.0007744002423091048,0.25886554023979547,0.0016294285887852311,-0.03236732631921768,-0.006162981037050486,-0.0002939122983433417,0.031534936940511384,0.00040084839730347184
529,1623510926.6128561,0.0,-0.007023078855127096,-0.014284742996096611,-0.006345661822706461,0.043957167093728676,0.0009471703786161911,0.2588714486676048,-0.001566364779137075,-0.011062035337090492,0.007685456890612841,5.115471819154142e-05,0.026399856132776227,0.0006139175514292952
530,1623510926.6231067,0.0,-0.007092284504324198,-0.014327394776046276,-0.006397890392690897,0.043976695202701005,0.0011917307661622537,0.25887196982420846,0.02186945453286171,-0.029171530157327652,0.0012938702711835504,0.001970710907570954,0.021838858354747512,0.0001369872515519918
531,1623510926.6486564,0.0,-0.00748872896656394,-0.014647459611296654,-0.006331699900329113,0.044008464055020326,0.0018987060200241906,0.2588676400883568,-0.0005011003231629729,-0.017453622072935104,0.0023591346107423306,-0.0009800378969786689,0.02773144155900985,0.0003451095251907517
532,1623510926.658687,0.0,-0.0076526314951479435,-0.014649821445345879,-0.006307018920779228,0.04406787961988662,0.002185715527136714,0.2588631486159724,-0.009023215621709824,0.002786402590572834,0.0023591346107423306,0.00018611025871352512,0.03058133082528242,0.00022700489274954944
533,1623510926.668478,0.0,-0.007693932857364416,-0.014701846055686474,-0.0062958369962871075,0.04410851646071768,0.002397916219914094,0.2588628166934825,-0.003696893807500601,-0.006800977513194084,-0.0008366586407646537,0.004450135953388897,0.025417956368385654,-0.00019807836423808161
534,1623510926.6789284,0.0,-0.007742722053080797,-0.015010920353233814,-0.0062793768011033535,0.04408323499177232,0.0027033134529327735,0.2588716943020985,0.008021015673875809,-0.021714679896831512,0.010881250724196434,0.0010204768314943853,0.02563805328643137,0.0005653944242364863
535,1623510926.6886,0.0,-0.007854954339563847,-0.015092730522155762,-0.0062989783473312855,0.044115722183128134,0.0029334875285411885,0.2588628594497044,0.019738923758268356,-0.02277994528412819,-0.005097716581076384,0.0007063346026115358,0.0280112049462672,-3.4105605387012045e-05
536,1623510926.698257,0.0,-0.007980136200785637,-0.015096317045390606,-0.006312874145805836,0.044147091688568736,0.0031407330118838617,0.25885882003579985,0.00908628012984991,-0.017453622072935104,-0.0019019230967387557,0.003099455205719042,0.022784499639049747,-0.0006473972999182492
537,1623510926.7083957,0.0,-0.008044159039855003,-0.015364131890237331,-0.006293590646237135,0.04413479328118434,0.003413257138788775,0.2588564089008014,-0.016480065882205963,-0.00040939077734947205,-0.0019019230967387557,0.0007802205564941565,0.023603301765098915,-0.000291213353803979
538,1623510926.7185657,0.0,-0.008127403445541859,-0.015465506352484226,-0.006302273832261562,0.044153197112861385,0.003620394108893199,0.2588416837691979,-0.007957951165735722,0.01983063295483589,-0.0019019230967387557,6.723793752680893e-05,0.024772547651287374,-0.0006652497819221836
539,1623510926.728483,0.0,-0.00815051794052124,-0.015483439899981022,-0.00636295834556222,0.04417581676602122,0.003783576617469725,0.2588407609169796,-0.011153744533658028,0.008112724870443344,-0.0029671876691281796,0.0027024316047541725,0.019477491407940264,-0.001061869714644453
540,1623510926.7385795,0.0,-0.008211126551032066,-0.01559657882899046,-0.006367126014083624,0.04418919090756179,0.0039965060316686785,0.2588283422878797,0.022934718057513237,-0.038758911192417145,0.00022860581520944834,0.00254014677838273,0.01941926431767585,-0.0009230001904177558
541,1623510926.762944,0.0,-0.008397419936954975,-0.015551254153251648,-0.006453453563153744,0.04429870081634697,0.004399955082063117,0.25881130571633465,0.005890486296266317,0.01663484051823616,-0.007228245493024588,0.0026857290374373097,0.02109002581742303,-0.0006508629657701473
542,1623510926.7727911,0.0,-0.00851433165371418,-0.015356306917965412,-0.0065149269066751,0.0443904159531693,0.004525404334014153,0.2588090048125609,0.0037599573843181133,0.023026425391435623,-0.0029671876691281796,0.006804831853023308,0.01715430107850435,-0.0003299156886830603
543,1623510926.7825763,0.0,-0.008554095402359962,-0.015468618832528591,-0.006579152308404446,0.04441671158422967,0.004644264799388544,0.25882439506930927,0.0037599573843181133,-0.00467044860124588,-0.008293509483337402,0.006669038248545684,0.012786699538842596,0.00038066384642453555
544,1623510926.792949,0.0,-0.008702647872269154,-0.01571495458483696,-0.0066153318621218204,0.044411059172237595,0.00477894467887488,0.2588412298205883,0.05276212468743324,-0.05154208466410637,-0.0008366586407646537,0.002186409638853156,0.013718052973360284,0.001305338044397031
545,1623510926.8024564,0.0,-0.00883137434720993,-0.01578320376574993,-0.006628491450101137,0.044432271226557796,0.004892664757986075,0.2588489933850478,0.012282073497772217,-0.003605184145271778,0.006620192434638739,0.0008461801104359004,0.013057745183334904,0.0013067554928915825
546,1623510926.8136263,0.0,-0.008896460756659508,-0.01571561209857464,-0.006670727860182524,0.04449774195620172,0.005020774562148479,0.25885453345959963,-0.0005011003231629729,0.013439047150313854,-0.0019019230967387557,0.003535176915449762,0.01151726631747496,0.0009490245844854732
547,1623510926.822502,0.0,-0.00891150999814272,-0.015429867431521416,-0.006690410431474447,0.04462221523636691,0.005118710651492692,0.25886062073387606,-0.033524297177791595,0.03474433347582817,-0.005097716581076384,0.009147212449960019,0.011177012392920864,0.0005828407606070409
548,1623510926.832569,0.0,-0.008864769712090492,-0.015471069142222404,-0.0067156832665205,0.044674992127073765,0.005162753068835034,0.2588910051627683,0.0005641641328111291,0.009177989326417446,-0.004032452125102282,0.009533166872206135,0.00822568768859053,0.0015638425722330914
549,1623510926.8430636,0.0,-0.008965998888015747,-0.015560497529804707,-0.006730768829584122,0.04469971597668051,0.005228143575034837,0.2589458185114606,0.010151544585824013,-0.02277994528412819,0.007685456890612841,0.004716712687290982,0.006123623911335133,0.00396735449517636
550,1623510926.8527417,0.0,-0.00915071927011013,-0.015539395622909069,-0.006750204600393772,0.04476600511700338,0.0053182571787813784,0.2589569544501661,-0.009023215621709824,0.014504311606287956,0.0023591346107423306,0.004483655261102142,0.007362748312534982,0.0037812248274586182
551,1623510926.8773878,0.0,-0.00948280468583107,-0.015235429629683495,-0.006641796324402094,0.04497501168575122,0.005481517083685612,0.2590450185665161,-0.004762158263474703,-0.008931506425142288,0.009815986268222332,0.009948491902866253,0.010172468204459285,0.002489769051695829
552,1623510926.8872535,0.0,-0.009523383341729641,-0.015135390684008598,-0.006575954612344503,0.04506835048493012,0.005570992145061203,0.2590587736834402,-0.015414802357554436,0.029418013989925385,-0.0019019230967387557,0.011044826304117863,0.010231272545531023,0.0028448780308300134
553,1623510926.8976386,0.0,-0.009492313489317894,-0.014970042742788792,-0.006484148092567921,0.0451633331005659,0.005617779176730488,0.2590653713772332,-0.018610596656799316,0.032613806426525116,0.020468629896640778,0.009097903666442501,0.00687604499851373,0.0013806789073758817
554,1623510926.9071474,0.0,-0.009426841512322426,-0.015010236762464046,-0.006403270643204451,0.04520550572421212,0.005668865040174623,0.25909363068221725,0.034652628004550934,-0.019584152847528458,0.013011779636144638,0.00803217135347211,0.005666510931344023,0.0013495949658511332
555,1623510926.9174385,0.0,-0.009401990100741386,-0.01498247031122446,-0.006313343066722155,0.045277050291762065,0.005701746097746846,0.25912460647608215,0.02932630479335785,-0.012127299793064594,0.007685456890612841,0.006244211176386869,0.004829234669730534,0.002878346232548876
556,1623510926.9275682,0.0,-0.009388360194861889,-0.014936580322682858,-0.006204306613653898,0.04536359709670944,0.005723856274776798,0.25915386732415024,-0.007957951165735722,0.023026425391435623,0.015142307616770267,0.007058282937467615,0.0022916221928814128,0.003227627922650592
557,1623510926.937361,0.0,-0.009461896494030952,-0.01473045814782381,-0.006142803467810154,0.045485489253144044,0.005737657764093844,0.25919042114553503,-0.016480065882205963,0.0379401296377182,0.00875072181224823,0.009684001763835272,0.001750269929939864,0.0033496703239352327
558,1623510926.9476519,0.0,-0.00946307647973299,-0.014543372206389904,-0.0061057438142597675,0.04559152358616946,0.0057339558133642846,0.25921169746650274,-0.011153744533658028,0.032613806426525116,0.01620757207274437,0.011900259841534576,0.0011921523330031486,0.0029742572873812786
559,1623510926.9573853,0.0,-0.00947892852127552,-0.014454827643930912,-0.006031363736838102,0.04566631740305066,0.005770712953673804,0.25922124398542634,0.034652628004550934,-0.02597573772072792,0.01620757207274437,0.010557334411738895,0.002421836248873715,0.001471025333307716
560,1623510926.9678562,0.0,-0.009577631019055843,-0.01436644233763218,-0.005989030469208956,0.045748541806103805,0.0058007577932812845,0.25924899452233596,-0.009023215621709824,0.00065587367862463,0.00022860581520944834,0.008385048058829295,0.0033747153204196243,0.001724626413662553
561,1623510926.9935617,0.0,-0.009747132658958435,-0.013995044864714146,-0.005953883286565542,0.0460012103012508,0.00585916958961899,0.2592821929147893,0.02186945453286171,-0.00040939077734947205,0.00875072181224823,0.01192294066616014,0.003568812579448588,0.00157694821845237
562,1623510927.0030322,0.0,-0.009754250757396221,-0.014081793837249279,-0.0059654503129422665,0.04603992356978274,0.005872428148600874,0.25930511095162123,0.0005641641328111291,-0.007866241969168186,-0.0029671876691281796,0.010784922646187202,0.002870132596100061,0.0011788908937430615
563,1623510927.0131674,0.0,-0.009755623526871204,-0.014148443937301636,-0.006004870869219303,0.04609806133143129,0.0058693960498702735,0.25933561977387215,0.008021015673875809,-0.02597573772072792,-0.009358773939311504,0.005208284846169438,0.000654119246274368,0.0024426822893763704
564,1623510927.0231977,0.0,-0.009777959436178207,-0.014138931408524513,-0.0060545410960912704,0.04618959163720952,0.005872410585923055,0.2593627265255104,-0.022871654480695724,0.00598219595849514,-0.0019019230967387557,0.006985534647807567,-0.00013745457450809256,0.0029671083169745768
565,1623510927.0330064,0.0,-0.009748020209372044,-0.014064797200262547,-0.006105877459049225,0.04629225699121082,0.0058860542875621424,0.2593989934548045,-0.005827422719448805,0.003851667046546936,-0.0008366586407646537,0.009573285628363034,0.0004854585369495652,0.003267411480982421
566,1623510927.0431218,0.0,-0.009777246974408627,-0.01393966656178236,-0.006182325538247824,0.046423889690455605,0.00589850220371909,0.2594105855251714,-0.011153744533658028,-0.008931506425142288,-0.004032452125102282,0.012064898757844767,0.001238356703026653,0.002526757782393052
567,1623510927.0530019,0.0,-0.009789328090846539,-0.013945401646196842,-0.006213620770722628,0.0464937659694569,0.005917013169584637,0.2594147983402316,0.0037599573843181133,-0.027041003108024597,-0.007228245493024588,0.011057121772447229,0.0019800199626879484,0.0009614106844910156
568,1623510927.063156,0.0,-0.00979096069931984,-0.014079494401812553,-0.00624573789536953,0.04657171497090047,0.005928438808663908,0.2594280243018159,0.00908628012984991,-0.024910472333431244,-0.0019019230967387557,0.007599536180665237,0.0014760154432211239,0.0009001284137801666
569,1623510927.0733116,0.0,-0.009810584597289562,-0.01429359707981348,-0.006312308833003044,0.046608598416941996,0.005945214193061578,0.2594403893598908,-0.02819797582924366,-0.002539919689297676,0.0012938702711835504,0.005230899839369869,0.001116595321405882,0.0012267575001040803
570,1623510927.0833726,0.0,-0.00973979290574789,-0.014370468445122242,-0.0063140178099274635,0.04667125784973042,0.005932735859795764,0.2594460869517608,-0.022871654480695724,-0.02597573772072792,-0.006162981037050486,0.0048451285246414654,0.0005131738624187762,0.0008157946460812918
571,1623510927.1100934,0.0,-0.00972735695540905,-0.01449266355484724,-0.006362073123455048,0.04683060854015744,0.005925700253807842,0.2594605164552277,0.013347337953746319,-0.020649414509534836,0.0023591346107423306,0.0056291807201165,-0.000997342349839222,0.0006548911166086655
572,1623510927.1196985,0.0,-0.009685782715678215,-0.014537980780005455,-0.006352487485855818,0.04690512216139952,0.005914132844846508,0.2594650523935905,0.020804189145565033,-0.02597573772072792,0.004489663522690535,0.006110181368577589,-0.0012777118991269452,0.0007840322541707434
573,1623510927.1295266,0.0,-0.009733790531754494,-0.014609618112444878,-0.006361982319504023,0.046963243428347116,0.005922083114221127,0.2594796964530211,-0.001566364779137075,-0.003605184145271778,-0.005097716581076384,0.006577544742720263,-0.0005550828745166531,0.0008917030514898784
574,1623510927.13947,0.0,-0.009658697992563248,-0.014685509726405144,-0.006396090611815453,0.047039902837430904,0.005895236537151037,0.25950243907512666,-0.02500218152999878,-0.017453622072935104,-0.0029671876691281796,0.006738003713213732,-0.0012537761980744415,0.0016460732583262953
575,1623510927.1495993,0.0,-0.009670051746070385,-0.01478203572332859,-0.006415144540369511,0.047100127940994226,0.0058826037882316815,0.2595304326385689,-0.015414802357554436,0.015569576062262058,-0.007228245493024588,0.006956588613398191,-0.0019105157674689994,0.0025266868418320513
576,1623510927.1595664,0.0,-0.009683927521109581,-0.014883681200444698,-0.006421443074941635,0.04716279249722553,0.005893985689971494,0.25953675315996744,0.01867366023361683,-0.008931506425142288,0.007685456890612841,0.006648666874484973,6.847850432400593e-05,0.0018355617268180832
577,1623510927.169675,0.0,-0.00972668081521988,-0.015011905692517757,-0.006449976935982704,0.0472105388746344,0.0059121679002440905,0.25954811545938505,0.02186945453286171,-0.03236732631921768,-0.008293509483337402,0.006015485650664082,0.001821090739724971,0.0008641283535346822
578,1623510927.1796455,0.0,-0.009775019250810146,-0.015148473903536797,-0.006437748670578003,0.0472485073388802,0.005915316121971999,0.25956384404204424,-0.01221900898963213,-0.002539919689297676,0.006620192434638739,0.00407051830633095,0.0011107608093485627,0.0014488618593894449
579,1623510927.1895528,0.0,-0.009843001142144203,-0.015282075852155685,-0.006413688417524099,0.04728437293282025,0.005921323739655662,0.25958737396675174,0.0026946929283440113,-0.023845210671424866,0.010881250724196434,0.003557664707300641,7.063308419585591e-05,0.0022557508685146807
580,1623510927.199536,0.0,-0.009822756052017212,-0.015391211025416851,-0.006382389925420284,0.047341257627366636,0.005897310801428558,0.2596230979999764,-0.009023215621709824,0.00065587367862463,0.0012938702711835504,0.0047328758979103495,-0.0006471979543483577,0.0031382591537568614
581,1623510927.2249446,0.0,-0.009964809753000736,-0.015399130061268806,-0.006260188762098551,0.04750014576413815,0.005903524934347329,0.2596558385899247,-0.009023215621709824,-0.014257828705012798,0.00022860581520944834,0.0066365262466766654,-0.00017024316279400147,0.0026862567462464467
582,1623510927.2347724,0.0,-0.009877699427306652,-0.015484707430005074,-0.006218683440238237,0.04754706096165393,0.005913923870103498,0.2596628862166849,0.028261039406061172,0.00065587367862463,0.0023591346107423306,0.0054429176546858535,0.0010048334111230546,0.0014811415003925432
583,1623510927.2452939,0.0,-0.00974088255316019,-0.01547145564109087,-0.006213515531271696,0.04763286576384056,0.0058634245921277625,0.25967743778762664,0.03571789339184761,0.00065587367862463,0.006620192434638739,0.005895022012814396,-0.0010389878205602267,0.0010563268137419718
584,1623510927.2549398,0.0,-0.009724489413201809,-0.015498680993914604,-0.006214356515556574,0.04769257548809072,0.005851022560746072,0.259705196307944,0.02932630479335785,-0.024910472333431244,-0.008293509483337402,0.007641717007436216,-0.001840036784671074,0.0014916528302185898
585,1623510927.2654505,0.0,-0.009881659410893917,-0.01544385589659214,-0.0061700656078755856,0.04777577539630043,0.005874580951108217,0.2597287465043685,-0.013284273445606232,-0.011062035337090492,0.01620757207274437,0.007495945731694692,-0.0002013688218877236,0.002597100400529139
586,1623510927.2749412,0.0,-0.009926186874508858,-0.015372873283922672,-0.006114281713962555,0.04785573210690374,0.005864732256446514,0.259752892846585,-0.01221900898963213,0.03048327937722206,0.007685456890612841,0.00790849466261299,-0.00037328080226671257,0.0027996676940129756
587,1623510927.2848825,0.0,-0.009933710098266602,-0.015339596197009087,-0.006031468510627747,0.04793346630415538,0.005845936548039138,0.2597743076601826,-0.013284273445606232,0.014504311606287956,0.004489663522690535,0.0084144242697199,-0.001175323278825833,0.0025406074804265027
588,1623510927.294979,0.0,-0.009881077334284782,-0.015280075371265411,-0.005905201192945242,0.04802641478175934,0.005875331944825077,0.25979017218325134,-0.027132712304592133,0.00598219595849514,0.015142307616770267,0.008758622072069356,0.00039608311514408435,0.002162172919782755
589,1623510927.3049667,0.0,-0.009893447160720825,-0.015152170322835445,-0.005786181893199682,0.048106079030025665,0.005900704987523514,0.25979501700080754,0.020804189145565033,0.013439047150313854,0.017272837460041046,0.008820440455386918,0.0033023239127594555,0.0011285349035280035
590,1623510927.315447,0.0,-0.009862003847956657,-0.015111468732357025,-0.005721888970583677,0.048195188269560235,0.005913134351884473,0.2598077651068533,0.020804189145565033,-0.013192563317716122,0.006620192434638739,0.009594122580798208,0.0020158508861893502,0.0008428924074988709
591,1623510927.3411617,0.0,-0.009895633906126022,-0.015014814212918282,-0.005645093508064747,0.04847551241361809,0.005856807149650055,0.2599421505403231,0.02932630479335785,0.014504311606287956,0.006620192434638739,0.01109763986089787,0.00037540524261468907,0.0026970906949809487
592,1623510927.3510802,0.0,-0.009925601072609425,-0.014766016975045204,-0.00571186700835824,0.04865234427289892,0.005817538288892921,0.2599858265660929,0.010151544585824013,0.013439047150313854,-0.005097716581076384,0.01488233856276074,-0.0016556663787382659,0.004230374647835418
593,1623510927.361544,0.0,-0.009999623522162437,-0.014678360894322395,-0.005646515637636185,0.048768126006698775,0.005841396538545873,0.26001655746205443,0.0016294285887852311,-0.003605184145271778,0.011946515180170536,0.015545219714241113,-0.001361198546091336,0.0038362276222192893
594,1623510927.3712542,0.0,-0.010073434561491013,-0.01463976688683033,-0.005567666608840227,0.04886362868160821,0.005872568404840579,0.2600362000494957,-0.002631629351526499,0.003851667046546936,0.0194033645093441,0.011003449119819807,0.0018210681702377877,0.0026349656900656925
595,1623510927.3813255,0.0,-0.00998960342258215,-0.014594733715057373,-0.005490900948643684,0.0489623016434203,0.005852098565411745,0.2600620650658385,0.006955750752240419,0.009177989326417446,0.00875072181224823,0.009546273739593276,0.0007332323469487863,0.0023432728800525833
596,1623510927.3911672,0.0,-0.009951450861990452,-0.014419864863157272,-0.005423977505415678,0.04909951566426839,0.005877273315565618,0.26008115840846097,0.02186945453286171,0.014504311606287956,0.006620192434638739,0.011621639303233603,0.0005434713362369139,0.0023753782363594854
597,1623510927.4011831,0.0,-0.009970407001674175,-0.014172350987792015,-0.0053695691749453545,0.04927058521365264,0.005872780537082081,0.26013522321021265,-0.01221900898963213,0.029418013989925385,0.006620192434638739,0.01505592689662788,0.0011767980048720248,0.003391575836611119
598,1623510927.4112236,0.0,-0.010058112442493439,-0.013949989341199398,-0.0053159985691308975,0.049438298637099365,0.0058771875775845,0.2602028434825036,-0.021806389093399048,0.018765367567539215,0.0012938702711835504,0.01737744273764161,-0.0002459988992539423,0.005790756555689891
599,1623510927.421091,0.0,-0.010134455747902393,-0.013698544353246689,-0.005257540848106146,0.04961709679865431,0.005901012609447989,0.26023715557358507,-0.006892687175422907,0.025156956166028976,0.010881250724196434,0.017747931850096745,0.0005766033938924874,0.005912953204020002
600,1623510927.4312108,0.0,-0.010199639946222305,-0.013575478456914425,-0.005233230534940958,0.04975338539585906,0.005928481003566667,0.2602381272246534,-0.02500218152999878,0.021961163729429245,0.010881250724196434,0.016218305428394593,0.0021736146853762297,0.0024318731266851547
601,1623510927.4571893,0.0,-0.010227622464299202,-0.013610169291496277,-0.005123690236359835,0.050055392818057924,0.005885987905429574,0.2603626807226362,-0.02074112370610237,0.026222221553325653,0.00875072181224823,0.011906268717153879,0.0012081755339258112,0.002611154578470013
602,1623510927.4675374,0.0,-0.010282624512910843,-0.01338780764490366,-0.005094089079648256,0.050231430982335186,0.005913473102802526,0.26037997229490906,-0.026067446917295456,0.01663484051823616,0.018338100984692574,0.01356274385309833,0.000256950596208471,0.003637348418198153
603,1623510927.4772027,0.0,-0.010305854491889477,-0.013246430084109306,-0.005032601300626993,0.05038700107447082,0.005911660393525531,0.2604262599517001,-0.001566364779137075,0.003851667046546936,0.0023591346107423306,0.01731882286729739,0.0010277533630986292,0.0030824072691921643
604,1623510927.4875412,0.0,-0.010350991040468216,-0.013221895322203636,-0.004892800934612751,0.050520272646051266,0.005935369510509707,0.26045265148142027,0.010151544585824013,-0.008931506425142288,0.013011779636144638,0.015291830221105427,0.0014151921345790471,0.0036386958346138532
605,1623510927.4972656,0.0,-0.010373148135840893,-0.013231287710368633,-0.004766436293721199,0.05064158414807328,0.005933714449557537,0.26049216558619104,0.0016294285887852311,0.002786402590572834,0.01407704409211874,0.013015035619373914,0.0010832170303494623,0.003240570665551567
606,1623510927.5070302,0.0,-0.010316754691302776,-0.013135408982634544,-0.0046486034989356995,0.050807933438984196,0.0059220985521826475,0.26055412836534264,0.013347337953746319,0.015569576062262058,0.011946515180170536,0.014003575095397186,-0.0004771062907343577,0.005084014735005597
607,1623510927.5173664,0.0,-0.01024751178920269,-0.012863395735621452,-0.004579794593155384,0.051022180668974335,0.005948647873020914,0.2605870903956885,0.0037599573843181133,0.017700105905532837,-0.0029671876691281796,0.01875287117915775,0.0007825061310825755,0.005269485994824446
608,1623510927.5270572,0.0,-0.010168424807488918,-0.01251936238259077,-0.004515103995800018,0.05122695738913288,0.005983457781782241,0.26056643330399465,-0.004762158263474703,0.014504311606287956,0.00875072181224823,0.022210044162421436,0.0027178890714367105,0.0010768532970728047
609,1623510927.5370007,0.0,-0.010149069130420685,-0.01264956220984459,-0.004526648670434952,0.051318920876983205,0.006017863121808402,0.26057526947995185,-0.02500218152999878,-0.03023679554462433,0.004489663522690535,0.016820293255660954,0.0029100658524755167,-0.0006171541204388496
610,1623510927.5471745,0.0,-0.01020774058997631,-0.012997005134820938,-0.004556015133857727,0.05137475687993235,0.006021654927249993,0.2606059348330265,0.011216809041798115,-0.03769364580512047,-0.007228245493024588,0.008223675972922529,0.0026414026653281434,0.0015563894070646873
611,1623510927.5749943,0.0,-0.010489895939826965,-0.012857658788561821,-0.004731735214591026,0.05176020692995396,0.006094501049178823,0.26064990480760314,-0.02074112370610237,0.017700105905532837,-0.013619831763207912,0.010153265133332447,0.004133143140192307,0.0020362794633552814
612,1623510927.5849261,0.0,-0.010326429270207882,-0.01283210702240467,-0.004820298403501511,0.05190181665763837,0.006098714726518087,0.26066403182858855,0.01441260240972042,-0.020649414509534836,-0.007228245493024588,0.015346366644574108,0.004465892348131373,0.001471193780077146
613,1623510927.5948656,0.0,-0.010180331766605377,-0.01281525008380413,-0.00491182878613472,0.05204487852657138,0.006113745510147296,0.2606762841483035,0.034652628004550934,-0.029171530157327652,-0.013619831763207912,0.015040078192188513,0.0022423069091298095,0.0009924809150937174
614,1623510927.604864,0.0,-0.010050802491605282,-0.012882706709206104,-0.0049982089549303055,0.05217208668263139,0.006103176479198079,0.2607017094914965,-0.022871654480695724,0.008112724870443344,-0.008293509483337402,0.013900843919871689,-0.00033122097236258337,0.002022601564790001
615,1623510927.6149154,0.0,-0.009956334717571735,-0.012891777791082859,-0.005135334096848965,0.05231023128072896,0.006170131733648068,0.26069166406701705,0.02932630479335785,-0.012127299793064594,-0.018946155905723572,0.013497577831997731,0.002157920889500558,0.001048182621344396
616,1623510927.624932,0.0,-0.009944229386746883,-0.012901805341243744,-0.005288452375680208,0.052452163566376185,0.006166687567179377,0.2607112616574686,-0.001566364779137075,0.002786402590572834,-0.018946155905723572,0.014045475032304527,0.003623024422112685,0.0002783069439263767
617,1623510927.6348495,0.0,-0.009980112314224243,-0.013049793429672718,-0.0054701403714716434,0.052571995893028474,0.006213756339824787,0.26073157892825816,0.0037599573843181133,-0.024910472333431244,-0.014685096219182014,0.013440720609032472,0.0019141894160216685,0.0022354831905884486
618,1623510927.6450357,0.0,-0.010038102976977825,-0.013183959759771824,-0.0056541734375059605,0.05270433562939913,0.006199282102182978,0.260778356486681,-0.010088480077683926,-0.028106268495321274,-0.024272477254271507,0.013354726148342391,0.0014984392144710686,0.0030579590687214043
619,1623510927.6551147,0.0,-0.010068132542073727,-0.013342312537133694,-0.005866950377821922,0.05284944253588433,0.006196699125547718,0.2607978502222591,-0.003696893807500601,-0.006800977513194084,-0.0200114194303751,0.013501556131417205,-0.0008201400996811879,0.0031141495646057208
620,1623510927.6651247,0.0,-0.010009891353547573,-0.01356896199285984,-0.006046950351446867,0.052918834348818715,0.006184533327060114,0.260841772989367,0.012282073497772217,-0.023845210671424866,-0.014685096219182014,0.010944874269792916,-0.0002983118274174527,0.0031023378138856717
621,1623510927.6922512,0.0,-0.0100348936393857,-0.013576092198491096,-0.006442963145673275,0.05339010336379366,0.0062322233402394706,0.26093666666915655,-0.022871654480695724,0.017700105905532837,-0.011489302851259708,0.011706541856841023,-0.0013582265775512062,0.004196593954804992
622,1623510927.7019618,0.0,-0.01008691731840372,-0.013775127939879894,-0.006524081341922283,0.05347479110124553,0.0062366596231901855,0.2609641898192848,-0.006892687175422907,-0.03236732631921768,0.0034243990667164326,0.01384775076535906,-0.0011396062847637087,0.0038153505313935085
623,1623510927.7121701,0.0,-0.010221710428595543,-0.013995160348713398,-0.006561209447681904,0.05356372805038132,0.0062753140930440696,0.2609595451386377,0.0026946929283440113,-0.05793367326259613,-0.009358773939311504,0.010028926458159984,0.0018874741057667323,0.001437169147951801
624,1623510927.722117,0.0,-0.010250437073409557,-0.014321766793727875,-0.006584374699741602,0.05363122197324473,0.006266394782555786,0.2609803962799158,0.0016294285887852311,-0.017453622072935104,-0.011489302851259708,0.007972784809065186,0.0017822462566272526,0.0010509785402097118
625,1623510927.7329078,0.0,-0.01029693428426981,-0.014531871303915977,-0.006575543899089098,0.053782861939367224,0.006240909227379528,0.26103660193501127,-0.01221900898963213,-0.005735713057219982,0.0023591346107423306,0.010122658156141828,-0.0015734972696041204,0.0035464629263978614
626,1623510927.742023,0.0,-0.010246220044791698,-0.014484147541224957,-0.006526656914502382,0.05396328003401276,0.006205180352143604,0.2610649934134882,0.013347337953746319,0.021961163729429245,0.009815986268222332,0.01605219305958432,-0.0032705862738528816,0.0044730672358112705
627,1623510927.7522554,0.0,-0.010232299566268921,-0.014367685653269291,-0.006444430444389582,0.054141360614782946,0.006243514331411001,0.26106091262180364,0.02932630479335785,0.00598219595849514,0.015142307616770267,0.01885547353108997,-6.683806268962046e-05,0.001828443992108663
628,1623510927.7620425,0.0,-0.010178430937230587,-0.014478225260972977,-0.006359952501952648,0.054289892241096455,0.006200052312432085,0.2611129340180791,0.011216809041798115,-0.03449785336852074,0.007685456890612841,0.01708773267604016,-7.61863523480155e-05,0.0019811149202453
629,1623510927.7720468,0.0,-0.0102067356929183,-0.014689043164253235,-0.006246648728847504,0.054417200507233504,0.006185342603543517,0.2611682657052231,-0.01221900898963213,-0.00467044860124588,0.015142307616770267,0.013374258337680595,-0.0034793410683238084,0.005088035737772446
630,1623510927.782585,0.0,-0.010267574340105057,-0.014699961990118027,-0.006090638227760792,0.054605123927238736,0.006209422970723959,0.26117851293996985,-0.01221900898963213,0.014504311606287956,0.013011779636144638,0.014141840832167015,-0.0006342825718679338,0.003966205397151478
631,1623510927.8092299,0.0,-0.01029465813189745,-0.014878510497510433,-0.0058038304559886456,0.05499864798588276,0.00621846848422461,0.2612068733735195,0.0016294285887852311,-0.03023679554462433,0.004489663522690535,0.014987499039871502,0.0016261388288632574,0.0021763082730476327
632,1623510927.8189683,0.0,-0.01031812746077776,-0.015060430392622948,-0.005724835675209761,0.05515349124182241,0.006207315662537745,0.2612538315548377,-0.027132712304592133,-0.005735713057219982,0.005554927978664637,0.0137994836173494,-0.0005185828072607844,0.00408165804805045
633,1623510927.8292205,0.0,-0.010315225459635258,-0.015052098780870438,-0.005696812644600868,0.05532495797314181,0.0062059477785199185,0.26127817214872445,0.00908628012984991,0.010243253782391548,-0.0008366586407646537,0.016463795873753143,-0.0004998788350190665,0.0039842731796450965
634,1623510927.839242,0.0,-0.01041705347597599,-0.014950498938560486,-0.005634480621665716,0.05550381316708648,0.006235918898481095,0.2613010278104636,-0.022871654480695724,0.032613806426525116,0.004489663522690535,0.01795975921667627,0.0013051146350782762,0.0023261222466820822
635,1623510927.8496475,0.0,-0.010494569316506386,-0.014955882914364338,-0.005600068252533674,0.05569653065475789,0.006237180077352168,0.26132570681712647,0.01867366023361683,-0.02597573772072792,0.015142307616770267,0.01954147537652749,0.0019516113553868677,0.002068635525042223
636,1623510927.8590548,0.0,-0.010612145997583866,-0.015062771737575531,-0.005523007363080978,0.05586304441023116,0.00623147156815565,0.2613676745817097,-0.027132712304592133,0.01130851823836565,0.00875072181224823,0.018603314993033398,0.00021390572474663108,0.0031981135720049324
637,1623510927.8690042,0.0,-0.010714911855757236,-0.015194608829915524,-0.005441576708108187,0.0560096681764171,0.006263082150055221,0.2613809097545119,0.03252209722995758,-0.02597573772072792,0.004489663522690535,0.016617644710105094,0.0013027183068740292,0.0031600575730217906
638,1623510927.8789227,0.0,-0.010752235539257526,-0.01521738525480032,-0.005334671586751938,0.05617562345856868,0.006270076306749493,0.2614057819801884,0.004825221840292215,0.013439047150313854,0.01620757207274437,0.015816586682511114,0.002322894323649347,0.0021457898544158657
639,1623510927.8889973,0.0,-0.010824933648109436,-0.015272917225956917,-0.005233834497630596,0.05632656572646502,0.006317272562058024,0.26142604549481596,0.015477865934371948,-0.01851888746023178,0.011946515180170536,0.01614954967242612,0.002521707103949123,0.002382221866763016
640,1623510927.8990073,0.0,-0.01085432805120945,-0.015278001315891743,-0.005105496384203434,0.05651409623164559,0.006334200167352325,0.26142575647919064,0.0016294285887852311,-0.007866241969168186,0.01620757207274437,0.016920940969363092,0.0030459170869442257,0.0014193484234778409
641,1623510927.9287362,0.0,-0.011089114472270012,-0.015721237286925316,-0.0049591874703764915,0.05696878107654649,0.0064003725741396955,0.2615032463617126,0.0016294285887852311,0.01130851823836565,0.0034243990667164326,0.012289210043829563,0.004699268373759538,0.0024788680330057556
642,1623510927.9386897,0.0,-0.011089579202234745,-0.015722665935754776,-0.004981078207492828,0.05716094848823133,0.006384293450531986,0.2615261157344548,0.0005641641328111291,0.002786402590572834,0.0034243990667164326,0.01308032775628109,0.003123298496118978,0.003623578134824458
643,1623510927.9496007,0.0,-0.011107397265732288,-0.01579597219824791,-0.0049937572330236435,0.05733936169304144,0.006388944890933869,0.26153088062784535,0.012282073497772217,-0.045150499790906906,0.00875072181224823,0.019431312985011284,-0.00032462659122242855,0.0015389348745397334
644,1623510927.9588478,0.0,-0.011217501014471054,-0.016022441908717155,-0.004991800524294376,0.057493085891773134,0.006403752424851507,0.2615715492030085,0.03252209722995758,-0.04834629222750664,-0.004032452125102282,0.01676667847609322,0.0020761136907543557,0.0022944393603759046
645,1623510927.9687724,0.0,-0.01126482617110014,-0.01625935547053814,-0.004984317347407341,0.05765419981011742,0.006453676873354894,0.2615780290122689,0.006955750752240419,-0.041954707354307175,-0.0029671876691281796,0.016187581031986684,0.0037340198059069305,0.002597481124686242
646,1623510927.9787977,0.0,-0.011312686838209629,-0.016340969130396843,-0.004984570667147636,0.05782739027807622,0.006457941946714653,0.2616053430363475,-0.009023215621709824,-0.03449785336852074,-0.0019019230967387557,0.017071794119532815,0.002726583912127287,0.0015717947250958313
647,1623510927.9888415,0.0,-0.011409668251872063,-0.016529178246855736,-0.0049584293738007545,0.05797533313035962,0.006512982994788981,0.26163648421240393,-0.0612211748957634,0.010243253782391548,0.017272837460041046,0.015277387621555632,0.0012945224885554175,0.0029355800543475947
648,1623510927.9990318,0.0,-0.011457784101366997,-0.01667974516749382,-0.004963771440088749,0.058140992538461764,0.00651516486066743,0.26167550392236577,-0.040981147438287735,0.008112724870443344,0.00875072181224823,0.014965925031359325,0.002025237111479552,0.003486127659992886
649,1623510928.0088158,0.0,-0.011589497327804565,-0.016814328730106354,-0.0049950312823057175,0.05834719151802444,0.006504789887306635,0.2617549711928709,-0.013284273445606232,-0.028106268495321274,-0.0029671876691281796,0.019016164397242106,0.0005075959073436308,0.005826954211284743
650,1623510928.018614,0.0,-0.011673225089907646,-0.016804514452815056,-0.004965013824403286,0.05856053877331792,0.006504060362369911,0.2618034601588078,-0.026067446917295456,-0.003605184145271778,0.007685456890612841,0.021004279007328677,-0.0005962980376992705,0.006804523594015185
651,1623510928.0484474,0.0,-0.011466124095022678,-0.016887972131371498,-0.004779689945280552,0.059197474139604384,0.00657883008993064,0.26192798347483026,0.023999981582164764,0.009177989326417446,0.007685456890612841,0.020882050033295362,-0.0008809092378494346,0.005995202615139054
652,1623510928.058747,0.0,-0.011334167793393135,-0.01691722683608532,-0.0047783637419342995,0.05941135584300504,0.00654254025256433,0.26199914298308624,0.020804189145565033,-0.001474655233323574,0.0034243990667164326,0.02170590497019943,-0.0023497858991940452,0.006937879972551536
653,1623510928.0682745,0.0,-0.011312579736113548,-0.016826918348670006,-0.004768958315253258,0.059637845753787125,0.006602610026733277,0.26203796297452353,0.03678315505385399,-0.012127299793064594,-0.004032452125102282,0.02348228834510911,0.0013074685123552494,0.005431568324594849
654,1623510928.0782552,0.0,-0.011443251743912697,-0.016664011403918266,-0.004843960516154766,0.059901541363756076,0.006666101145518591,0.2620632126188484,-0.015414802357554436,0.01663484051823616,-0.01255456730723381,0.024782416332339813,0.00592011812670818,0.0035422329325301514
655,1623510928.0885305,0.0,-0.011440075002610683,-0.01655750907957554,-0.004911163821816444,0.060170501946245174,0.006590560209017077,0.26217617903691026,-0.010088480077683926,0.023026425391435623,-0.01255456730723381,0.026311912938551035,9.33988139125382e-05,0.006643131160395558
656,1623510928.098429,0.0,-0.011446259915828705,-0.016577502712607384,-0.004963305778801441,0.06040399943443176,0.006592827300072761,0.2622475613010293,-0.01754533126950264,0.03048327937722206,-0.0019019230967387557,0.025715354734240393,-0.00451671122887066,0.009412850160176203
657,1623510928.1085978,0.0,-0.011348806321620941,-0.01647411473095417,-0.005031030625104904,0.06064658179592449,0.006638014172051239,0.2622693580407777,0.0037599573843181133,0.01663484051823616,-0.005097716581076384,0.02484259264094366,0.0015167336196829926,0.0055249051911846645
658,1623510928.1185555,0.0,-0.011271828785538673,-0.016256950795650482,-0.005139636807143688,0.06093397156662015,0.006591528054993592,0.26231496131219534,0.03252209722995758,0.014504311606287956,-0.0029671876691281796,0.02720430030751557,0.0010890387298528033,0.0034832831169880588
659,1623510928.1284218,0.0,-0.011151783168315887,-0.016170520335435867,-0.00523795373737812,0.06119273926691448,0.0066419344379851225,0.2623536389794343,0.010151544585824013,0.01130851823836565,-0.011489302851259708,0.028323670583093145,-0.00031383210867958904,0.004490288788220667
660,1623510928.13855,0.0,-0.01114144828170538,-0.01596156880259514,-0.00534477923065424,0.06150597505881029,0.006660702277067922,0.26243348269257516,0.0026946929283440113,0.025156956166028976,-0.010424038395285606,0.029253360424107214,0.0033772750673767486,0.006110454689226365
661,1623510928.1682315,0.0,-0.011028996668756008,-0.01483010035008192,-0.00563367223367095,0.06253778416517392,0.006666282050728875,0.26258181484132537,-0.013284273445606232,0.04326644912362099,-0.0008366586407646537,0.04144850688296073,0.0018827626056712853,0.003234424044800173
662,1623510928.1780024,0.0,-0.010886101052165031,-0.014746717177331448,-0.005689388141036034,0.06280298297035569,0.006612049110041124,0.2626531143465998,0.037848420441150665,-0.016388356685638428,-0.007228245493024588,0.04031629127533778,-0.0014692886575075395,0.00174725266931614
663,1623510928.1880407,0.0,-0.010946737602353096,-0.01480951625853777,-0.005744267255067825,0.06303804105090038,0.006670935520571908,0.2626893059924752,-0.013284273445606232,-0.001474655233323574,-0.0019019230967387557,0.027113440849233107,9.616514976023709e-05,0.005327315823578398
664,1623510928.1980608,0.0,-0.010936804115772247,-0.014683954417705536,-0.005791595205664635,0.0633274760304148,0.0066370834770478615,0.2627460958422274,0.019738923758268356,-0.00040939077734947205,-0.01575036160647869,0.026876919539540245,0.0028077773249698917,0.004684526572328729
665,1623510928.2079432,0.0,-0.011091198772192001,-0.014443567954003811,-0.005811333190649748,0.06366196260395125,0.006622123779301214,0.26284089052570125,-0.033524297177791595,0.0379401296377182,-0.0008366586407646537,0.03029220106179715,-0.001810822631114259,0.006964768086368395
666,1623510928.2183518,0.0,-0.011032375507056713,-0.014088328927755356,-0.005786429159343243,0.06405169233946834,0.006612036575776532,0.26292606986467354,-0.003696893807500601,0.04859277233481407,0.015142307616770267,0.03532061234018475,-0.0023250958957195104,0.00922647153985639
667,1623510928.2283359,0.0,-0.011035489849746227,-0.013615207746624947,-0.00569979939609766,0.06447298110981031,0.0066735881749469955,0.26296215010877944,-0.005827422719448805,0.06457174569368362,0.0012938702711835504,0.039636650502984955,0.001291584857532362,0.007062313961324787
668,1623510928.2381103,0.0,-0.010991370305418968,-0.01329726167023182,-0.005624346435070038,0.06481316430714165,0.006737253110146224,0.26297280602820683,-0.0005011003231629729,0.01663484051823616,0.009815986268222332,0.039527131480003565,0.006257132616503748,0.0031052949872951282
669,1623510928.2487512,0.0,-0.011129088699817657,-0.013279790058732033,-0.005482417531311512,0.06508726985539352,0.006804051872206562,0.26298859267440533,-0.054829586297273636,-0.017453622072935104,0.01407704409211874,0.03287408814225201,0.006825344310313422,0.0012182882393804535
670,1623510928.258038,0.0,-0.011193609796464443,-0.013609395362436771,-0.005383363924920559,0.06526810678483652,0.006809677990109661,0.263026992674115,-0.05376432463526726,-0.029171530157327652,0.01620757207274437,0.023008082761515863,0.003370410447019152,0.002757636169868888
671,1623510928.286224,0.0,-0.011614613234996796,-0.013612480834126472,-0.005186467431485653,0.06609120522720557,0.006911220204836005,0.26309900811659465,-0.022871654480695724,0.01983063295483589,-0.0008366586407646537,0.02373665135890746,0.006031319729000385,0.00358926896027558
672,1623510928.296081,0.0,-0.011605584062635899,-0.013448541052639484,-0.00513499416410923,0.06641440493230669,0.006874389251335079,0.2631402785096847,-0.029263239353895187,0.015569576062262058,0.0023591346107423306,0.03165960745575996,0.004018382852953047,0.0035879761614288877
673,1623510928.3060899,0.0,-0.011636908166110516,-0.013393281027674675,-0.005084341391921043,0.06675369315716015,0.0069270362311348865,0.2631566431422994,0.008021015673875809,-0.001474655233323574,-0.0019019230967387557,0.034186334180025715,0.000704989357977191,0.00318889629623095
674,1623510928.3166132,0.0,-0.011484883725643158,-0.013375544920563698,-0.00507502444088459,0.05760591415477696,0.006770748472874011,0.26500353120134146,0.0687410831451416,-0.020649414509534836,-0.005097716581076384,0.028197511645494062,0.003407682091271694,0.0024724808523993594
675,1623510928.3261378,0.0,-0.012639587745070457,-0.011922982521355152,-0.005251827649772167,0.0587579527894747,0.005404483474719085,0.2666076410150092,-0.22207610309123993,0.4033258259296417,0.018338100984692574,0.014298303073009493,-0.0011443047145669794,0.010966209496022433
676,1623510928.3362699,0.0,-0.013570440001785755,-0.007518051192164421,-0.004696019925177097,0.06103011440908228,0.002733748356613802,0.2688412957619173,-0.21674978733062744,0.6153134703636169,-0.006162981037050486,0.1022849139921071,-0.12740417155134842,0.12112678635213216
677,1623510928.346198,0.0,-0.017633872106671333,0.0010809871600940824,-0.005873111076653004,0.06394445719769365,0.006219419095523704,0.26777189788104017,-0.02819797582924366,0.8464758396148682,-0.07433990389108658,0.2531752848952599,0.003941802998978577,0.07007297225087383
678,1623510928.356213,0.0,-0.02411692775785923,0.012404517270624638,-0.005424667149782181,0.06712233055533101,0.010545534199945847,0.2660964566422914,-0.4681521952152252,1.2992132902145386,0.021533895283937454,0.3068057049673782,0.3778186096526243,-0.12034145938098299
679,1623510928.366184,0.0,-0.026763593778014183,0.017689652740955353,-0.0026274770498275757,0.06862285717994837,0.0048269573862934345,0.2661666674877388,-0.5278069972991943,0.4778943359851837,0.6255388259887695,0.2536777132057653,0.010359626977443458,-0.09785751954433648
680,1623510928.3761497,0.0,-0.031289804726839066,0.021256305277347565,0.0030260905623435974,0.06969696917787149,0.0009087470435077682,0.265807066713103,-1.091331958770752,0.6973388195037842,0.5019681453704834,0.14363708754132473,-0.5003672537530803,-0.018969527133185345
681,1623510928.4051344,0.0,-0.04056539013981819,0.02285938896238804,0.011592527851462364,0.07153473957750534,0.010780562433708257,0.2624792764322651,-0.12194125354290009,0.1540539562702179,0.005554927978664637,0.10349260772610389,-0.05889275526888018,-0.061895441224410756
682,1623510928.414513,0.0,-0.040274642407894135,0.021607469767332077,0.01252967119216919,0.0719597374020301,0.011154622019843075,0.2623422639448817,-0.4681521952152252,0.023026425391435623,0.1259298175573349,0.07518242450413694,0.1600696182827091,-0.054257617335277585
683,1623510928.4248123,0.0,-0.04049886018037796,0.021631252020597458,0.011952977627515793,0.0727241233770448,0.008601834435697814,0.26240782726781514,-0.18372657895088196,-0.2262454628944397,-0.0594262033700943,0.06448794344299932,-0.07498229998497515,-0.008223407128438755
684,1623510928.435053,0.0,-0.03519534319639206,0.016715507954359055,0.014473473653197289,0.07237314053183164,0.006085419947189391,0.2628418322968621,-0.044176943600177765,-0.6406333446502686,0.36028799414634705,0.03165521238348401,-0.28156176901904884,0.0280179550602322
685,1623510928.4446328,0.0,-0.026437221094965935,0.007230381015688181,0.01871056854724884,0.07089297302666366,0.013887693666095602,0.2630787596079307,0.3041645288467407,-0.5181279182434082,0.1397782564163208,-0.08553394739859202,0.1635381941723137,0.03714201742371652
686,1623510928.4542184,0.0,-0.014673739671707153,0.010188702493906021,0.013720683753490448,0.07230441783878261,0.01665186520052704,0.26465951565622553,1.1041780710220337,1.5026787519454956,-0.9659662842750549,-0.024114804895938095,0.5709719117197004,0.08990408320816182
687,1623510928.464907,0.0,-0.014836445450782776,0.024240100756287575,0.013352615758776665,0.07687544781207356,0.016316822248201954,0.26470685951547757,-0.2891877591609955,2.8630213737487793,0.21328149735927582,0.259573632197844,0.17732394138814564,0.10265366264538896
688,1623510928.4746356,0.0,-0.011786846444010735,0.03963315486907959,0.01998158171772957,0.08136650373637591,0.01947880527588955,0.26324891147171997,0.4351920783519745,1.3450195789337158,0.7107599973678589,0.45697040780893655,0.11981173659485722,-0.05223115221144178
689,1623510928.4845858,0.0,-0.011342761106789112,0.045257579535245895,0.02574256807565689,0.08354827503574877,0.021035994022837595,0.2648816499497424,-0.09530963748693466,-0.04834629222750664,0.3943764567375183,0.3827549395216181,0.23376242192758198,-0.01267098669200934
690,1623510928.4946578,0.0,-0.013431446626782417,0.0481501966714859,0.030935518443584442,0.08505702081391314,0.022634507905945712,0.26818895081861305,-0.41488897800445557,0.11250864714384079,0.4593575596809387,0.20410228790862087,0.1886066594089492,0.22486470755982463
691,1623510928.5249162,0.0,-0.01785852015018463,0.035826846957206726,0.04190077260136604,0.08428820666162232,0.0249086185945954,0.27613815314807966,-0.46282586455345154,-0.18150435388088226,0.18238882720470428,-0.08654736541718487,0.2125293623659568,0.3186346560959402
692,1623510928.5347621,0.0,-0.02364218980073929,0.03975244238972664,0.044434674084186554,0.08596531238323157,0.02720678036009392,0.2769449467510613,-0.9358032941818237,0.6504671573638916,0.2186078280210495,-0.09799818216398762,0.23645049463106568,0.19817211593053907
693,1623510928.544767,0.0,-0.0295215155929327,0.045941516757011414,0.04750059172511101,0.08814276800213969,0.029144443811010924,0.27779714736957106,-0.3296678066253662,0.2595151364803314,0.43805229663848877,0.18884388730995816,0.22098484348613867,0.08418867953462059
694,1623510928.554824,0.0,-0.03581985458731651,0.048501722514629364,0.05037953332066536,0.0893074424758416,0.030379179619674998,0.27922294449451535,-0.9421948790550232,0.102921262383461,0.09716767072677612,0.18035838265753823,0.16154159418967667,0.1090518774184164
695,1623510928.5650074,0.0,-0.041085418313741684,0.04559081420302391,0.05220896378159523,0.08929406744759807,0.03057988413366483,0.28129156414605816,-0.4777395725250244,-0.6065448522567749,0.13871298730373383,0.07054477249580499,0.08939417811159737,0.16637380501546467
696,1623510928.5747242,0.0,-0.04782448709011078,0.04223885014653206,0.053402822464704514,0.08905235598480929,0.03200863826983151,0.282751364156199,-0.7206198573112488,-0.09521792083978653,0.027925480157136917,-0.01435136255468437,0.08685250839630555,0.1788120746181634
697,1623510928.5847597,0.0,-0.05483512580394745,0.044981151819229126,0.054171960800886154,0.09044573508865908,0.03342938422291314,0.2834121866730346,-0.458564817905426,0.26271092891693115,0.12806034088134766,0.04314771152034089,0.14133786946417065,0.11980491216227149
698,1623510928.5947661,0.0,-0.06050097197294235,0.04858683794736862,0.05560727044939995,0.09190704862728502,0.03434800017740835,0.2838723609702854,-0.47667431831359863,0.25312355160713196,0.17067092657089233,0.13828125695717985,0.1252754784516943,0.060800249626549785
699,1623510928.6048517,0.0,-0.06565677374601364,0.05100362002849579,0.057072874158620834,0.09302326387111062,0.03528781802009769,0.2843632120683953,-0.38399630784988403,0.025156956166028976,0.07373185455799103,0.135101883305012,0.10308865543220776,0.0437138563311076
700,1623510928.6147058,0.0,-0.06981945037841797,0.05202865228056908,0.056562092155218124,0.09376252988225833,0.03604796729549431,0.28500587353244994,-0.3935836851596832,-0.03023679554462433,-0.07647043466567993,0.10067311098483145,0.09504860976356415,0.05361467669646469
701,1623510928.6459267,0.0,-0.07716750353574753,0.05255759507417679,0.05397959426045418,0.09532990430765462,0.03809444431851367,0.2862282594232619,-0.044176943600177765,-0.10693583637475967,-0.09777572005987167,0.06923824561975435,0.13923667350467872,0.039601410050610214
702,1623510928.656003,0.0,-0.07855217903852463,0.052359554916620255,0.05306423828005791,0.09560587050207472,0.03856479623127384,0.28628864448222047,-0.03139377012848854,-0.07604316622018814,-0.09138413518667221,0.0432231113040523,0.12382525984430702,0.008645783474598117
703,1623510928.6656585,0.0,-0.07951439917087555,0.052319929003715515,0.052178192883729935,0.09011220811796453,0.041146303846768,0.2864702419469709,-0.023936918005347252,-0.03023679554462433,-0.08073148876428604,0.027866850157936572,0.044464896253784365,0.00502299865584176
704,1623510928.6759286,0.0,-0.07965237647294998,0.05264578387141228,0.05134012922644615,0.09116636204574538,0.03942707760332692,0.2882274458930153,0.013347337953746319,0.10398653149604797,-0.09564518928527832,0.020753729539054164,0.03329810688919439,-0.00038882533770307967
705,1623510928.6858137,0.0,-0.0809939056634903,0.05641406401991844,0.049717675894498825,0.09342787273109132,0.03628447562387849,0.2908402917967191,-0.3158193826675415,0.7548630833625793,-0.07114411145448685,0.06136085554611129,-0.06454101521541662,0.06275063585728186
706,1623510928.6956477,0.0,-0.08022451400756836,0.06408592313528061,0.048650361597537994,0.09635607593794776,0.035510667649533784,0.2912400514783897,0.05702317878603935,1.1447498798370361,-0.0828620195388794,0.23459951085093417,-0.20375082837406985,0.15264840860237253
707,1623510928.705647,0.0,-0.07944237440824509,0.06978783756494522,0.049407366663217545,0.09771216557802942,0.041517108753369475,0.2896786255438354,0.4543668329715729,0.863520085811615,-0.10523257404565811,0.2240365423432513,0.21518025191517998,-0.03062528660962564
708,1623510928.7158575,0.0,-0.07422412186861038,0.07053178548812866,0.047262296080589294,0.09834596882378109,0.04139998124298981,0.28789914254465465,1.3055130243301392,-0.7482250332832336,-0.23306430876255035,0.1275965549800139,0.33611459586171233,-0.1813308708648242
709,1623510928.7257001,0.0,-0.06787370145320892,0.06764847785234451,0.041203003376722336,0.09915148692874415,0.03252863825956734,0.2904565960995884,1.325753092765808,-0.5905659198760986,-0.7838060259819031,0.090917179233828,-0.3759849185360903,0.009646051437003065
710,1623510928.7359507,0.0,-0.061313413083553314,0.06361746788024902,0.03535951301455498,0.09897764349747126,0.03150025473858584,0.2908828394715104,0.1475706696510315,0.4683069586753845,-0.4205508530139923,0.04770193328581928,-0.5716040695180625,0.16491807899429028
711,1623510928.7680066,0.0,-0.03197373077273369,0.06502372771501541,0.02062809094786644,0.10097470873987814,0.040196282846710826,0.2857806041417271,1.234140396118164,-0.34555506706237793,-0.2735443711280823,0.1008160818984303,-0.5407451403650684,0.13286303875439753
712,1623510928.7770338,0.0,-0.020000366494059563,0.06790745258331299,0.016000596806406975,0.10203991479556904,0.039853391437327995,0.2852550324126518,1.358776330947876,0.3202351927757263,-0.27993595600128174,0.16537474560654106,-0.4855086887931058,0.10056329733998272
713,1623510928.7871013,0.0,-0.010303028859198093,0.06229151785373688,0.014988517388701439,0.10047223662374503,0.043915880880540256,0.283671745281347,-0.4404553174972534,0.49067750573158264,0.013011779636144638,-0.00502836889203501,0.11009067476981768,-0.07132212763828392
714,1623510928.7971923,0.0,-0.003774508833885193,0.05057930201292038,0.012922622263431549,0.09853922413577493,0.04274650157272153,0.2859206947277271,-0.1815960556268692,-1.3490341901779175,-0.548382580280304,-0.1626641379095241,0.20903459917728762,-0.00847427295984641
715,1623510928.806837,0.0,0.0005453181802295148,0.04988556727766991,0.005630208179354668,0.10022291358018189,0.033463402973305835,0.2907978443460756,2.3792996406555176,-0.8973620533943176,-0.9510525465011597,-0.024739531923406333,-0.4233384730188778,0.33288316673182405
716,1623510928.817492,0.0,-0.006306218449026346,0.059346213936805725,0.002831367775797844,0.10308480499226816,0.038495435158796394,0.2915106986070487,0.9816727042198181,1.8840434551239014,-0.022141948342323303,0.19543999683295551,-0.30363528127637696,0.33699277084182205
717,1623510928.8272033,0.0,-0.00179855537135154,0.07590927183628082,0.0019034314900636673,0.107509225151907,0.043795869908286614,0.28836499452639197,-0.040981147438287735,0.8581937551498413,0.11101610958576202,0.3926952432911135,0.44351543483355776,-0.08414436605365824
718,1623510928.8370667,0.0,-0.0013638706877827644,0.08265403658151627,0.00046214740723371506,0.10912442606937003,0.045759369251447767,0.2878140767225552,0.10709060728549957,0.1487276256084442,-0.3331991732120514,0.34310714512334145,0.4225934939605652,-0.21124063326982465
719,1623510928.8472586,0.0,-0.00011996956163784489,0.08208426088094711,-0.01062205620110035,0.10920771675093309,0.040757531584951046,0.2912781873229724,-0.21142345666885376,0.362845778465271,-1.657322883605957,0.09052458504820896,-0.09348109619719425,0.11699723087957721
720,1623510928.8574638,0.0,-0.003661055350676179,0.07882773131132126,-0.02118268609046936,0.10873271873518334,0.037668189484060505,0.29547443855275357,0.7569019198417664,-0.9346463084220886,-0.34917813539505005,-0.0035780798627599256,-0.40871482039333173,0.379432353243576
721,1623510928.8880196,0.0,-0.016360916197299957,0.055857300758361816,-0.032918982207775116,0.10248224230245102,0.03945156618102918,0.29928305474694805,-0.5842660069465637,-0.09947898238897324,-1.2418696880340576,-0.3416779869942392,-0.06545303338866691,0.3480917139861551
722,1623510928.8981283,0.0,-0.021307630464434624,0.06244436651468277,-0.045792970806360245,0.1044932975241627,0.03984627841619266,0.2998408553320606,-0.16029076278209686,0.2094476968050003,-0.9691620469093323,-0.2519637413646638,0.14802448648982683,0.15880383150797064
723,1623510928.908473,0.0,-0.023756498470902443,0.06759899854660034,-0.047711651772260666,0.10609286735062068,0.03947716007892276,0.30052606058775466,-0.05056852847337723,0.09439914673566818,0.17173618078231812,0.1692608641205321,0.02252125236953688,0.05999006932637315
724,1623510928.9187992,0.0,-0.02375703863799572,0.06587740778923035,-0.04444263130426407,0.10564946210194337,0.03776557190631252,0.301349286440173,-0.07826540619134903,-0.3040097653865814,0.4977070987224579,0.08044439811177527,-0.09654205038460871,0.07139924050371259
725,1623510928.92821,0.0,-0.026058824732899666,0.06688322871923447,-0.041804239153862,0.10609295483291556,0.03837889063486462,0.3015235378315112,0.0005641641328111291,0.06883279979228973,-0.011489302851259708,0.008504317607538859,-0.05976664527766455,0.05354466174015602
726,1623510928.938276,0.0,-0.02732044644653797,0.06395583599805832,-0.045668162405490875,0.10526054197017479,0.03876892015733732,0.30164233168536486,-0.016480065882205963,-0.3551424741744995,-0.5398604869842529,-0.012941636176530444,0.051998775671186465,0.017836094992327505
727,1623510928.948424,0.0,-0.02934511937201023,0.061865512281656265,-0.04908780753612518,0.10466103226672743,0.03870778652625649,0.3017445661670034,-0.21568451821804047,-0.013192563317716122,-0.1616915911436081,-0.07492831013795241,0.02011659495069558,0.011140459127712901
728,1623510928.958108,0.0,-0.029487501829862595,0.060893721878528595,-0.04897523671388626,0.10436534969350626,0.038068167421226096,0.30174825770731617,0.17633280158042908,-0.34448981285095215,0.0982329398393631,-0.04798391019170688,-0.03472262708062263,0.0054318716639553755
729,1623510928.9681504,0.0,-0.029440028592944145,0.0609515905380249,-0.0473879836499691,0.10444358263010581,0.03817712670452424,0.30174990631465043,-0.016480065882205963,-0.15593799948692322,0.16534459590911865,-0.012837899380795562,-0.03685607522178257,-0.0003009525583876778
730,1623510928.9782588,0.0,-0.028706088662147522,0.05963994190096855,-0.04450905695557594,0.10411692484025656,0.037959897788662815,0.3016827454742665,0.03678315505385399,-0.15380747616291046,0.40183329582214355,-0.01342788975102026,-0.006197625903797974,-0.002776360954723134
731,1623510929.0073833,0.0,-0.027706291526556015,0.05455489829182625,-0.03606602922081947,0.10276140473079994,0.037277148632866505,0.30137317827814974,-0.13898546993732452,-0.15593799948692322,0.2878499925136566,-0.07992736225039701,-0.020755723066999902,-0.002063747078979606
732,1623510929.017014,0.0,-0.026793764904141426,0.05323556065559387,-0.03343572840094566,0.09978788447837185,0.0356394185010047,0.2990637838506479,0.24131393432617188,-0.1570032685995102,0.24097837507724762,-0.08634857764142716,-0.027989288635969986,-0.0018206145596384672
733,1623510929.0273495,0.0,-0.026345010846853256,0.051688991487026215,-0.030933143571019173,0.09963227379976582,0.03509256187642869,0.2999283272508101,0.04743580147624016,-0.1793738305568695,0.21967308223247528,-0.07916586778539868,-0.02966992473367103,-0.0011685544347618752
734,1623510929.0372455,0.0,-0.02671102248132229,0.051030393689870834,-0.028895359486341476,0.09988302176738413,0.033365848218209176,0.3019496895295547,-0.022871654480695724,-0.016388356685638428,0.2686752378940582,-0.057839400302942795,-0.057749870112041884,0.04121174128747343
735,1623510929.0472374,0.0,-0.030018214136362076,0.05400572344660759,-0.0276113823056221,0.10084919530972059,0.03279857375752995,0.3026000049194546,-0.34564676880836487,0.24886249005794525,0.1312561333179474,0.042902589901857795,-0.12701078855095183,0.1259732823297341
736,1623510929.0572226,0.0,-0.03106222115457058,0.054514218121767044,-0.02411383017897606,0.10091315814537377,0.03450201507552844,0.3022924915806775,-1.2298163175582886,0.7378188967704773,0.20156359672546387,0.03730405488542958,0.001302860878700737,0.03554282770962191
737,1623510929.0673823,0.0,-0.02896505407989025,0.05134662613272667,-0.01883496716618538,0.09963005893988437,0.03336561251452448,0.3012718697598895,-1.1264857053756714,-0.13569797575473785,0.5701450705528259,-0.035859148764863014,0.03861530898933967,-0.06892713920375744
738,1623510929.0772219,0.0,-0.028515007346868515,0.05037929490208626,-0.015350805595517159,0.09922462406161948,0.026460768746570218,0.30117280575728844,0.5012384653091431,-1.2691394090652466,0.6947810053825378,-0.04961535757850684,-0.32376757157803104,-0.06632865305192104
739,1623510929.0871613,0.0,-0.03209448605775833,0.05129823461174965,-0.011241781525313854,0.09941109759820238,0.027839401492509033,0.3016560093371807,-1.3853449821472168,1.8723255395889282,0.18771515786647797,-0.07153179224753385,-0.3604329933524751,0.01492113590877025
740,1623510929.0972073,0.0,-0.026916950941085815,0.04529418423771858,-0.01020703837275505,0.09776880346454034,0.03319143280617054,0.3003449588762149,-0.6641608476638794,0.26164567470550537,0.10355926305055618,-0.09055562969715099,0.2511356943944519,-0.033797117291394035
741,1623510929.1293612,0.0,-0.015315288677811623,0.02628745324909687,0.0018237754702568054,0.09276561548875924,0.02212526559847086,0.3023149608142731,-2.3856282234191895,0.9998739361763,0.24417416751384735,-0.48589380540919735,-0.1391199117248216,-0.022908789878590564
742,1623510929.139102,0.0,-0.006227436475455761,0.02443697303533554,0.002530023455619812,0.09284414113276085,0.02066976675170848,0.30239161408362514,-1.1350078582763672,0.7751031517982483,0.2846542000770569,-0.3920030018133252,-0.4656436277501586,0.04854187181231432
743,1623510929.1493058,0.0,-0.0037422168534249067,0.020432019606232643,0.007293127477169037,0.0923805497122114,0.03052345043513284,0.30092202595758294,3.784383535385132,-1.6686135530471802,0.2665446996688843,0.02413258495835315,0.4580269696567019,-0.038038943127576774
744,1623510929.158803,0.0,-0.0012982187326997519,0.015553677454590797,0.010053396224975586,0.09212991824025184,0.03254388523850793,0.2994684133314037,4.671748638153076,-3.1887459754943848,1.061232089996338,0.028267768105413815,0.7275676420321936,-0.1536525097258787
745,1623510929.1691315,0.0,-0.006787168327718973,0.007272872608155012,0.015535803511738777,0.0872750589652026,0.03266580581634443,0.2978905034814381,-3.0972249507904053,-1.4449080228805542,-0.276740163564682,-0.2381427872647065,0.07679878904457081,-0.1684098050155229
746,1623510929.1790287,0.0,0.016697775572538376,0.0062807174399495125,0.008983345702290535,0.0865837963616304,0.030185838766387772,0.29591149131260713,-2.581636905670166,0.08268123865127563,-0.11801574379205704,-0.3048682463845604,-0.11038890686720824,-0.16947531924139714
747,1623510929.1891353,0.0,0.007573230192065239,0.011754777282476425,0.007814822718501091,0.08747818195174972,0.035279329219745706,0.2963555494417275,0.07193688303232193,0.3990647792816162,-0.04025144502520561,-0.02553225093133769,0.21248087744706726,-0.09154414780354524
748,1623510929.1991754,0.0,0.01042547170072794,0.011295964941382408,0.01070660725235939,0.08700425774333452,0.03220320381742098,0.298094272496169,0.8570367693901062,0.15298868715763092,0.4881197214126587,0.024133843691084553,0.16057795717666082,0.08791801150886651
749,1623510929.2093182,0.0,0.009276680648326874,0.0069490778259932995,0.017493754625320435,0.08539912937894309,0.029999065392591867,0.3004164131310396,-0.23592454195022583,-0.5628690123558044,0.8204822540283203,-0.08494439965744324,-0.28141357152080676,0.20485975215513252
750,1623510929.2195399,0.0,0.009108695201575756,0.0026041187811642885,0.025810401886701584,0.08378750216564035,0.029864061247099824,0.3014459031820035,-0.5512428283691406,-0.1420895755290985,0.7927853465080261,-0.16540686887628026,-0.18485330031095426,0.18820294742799681
751,1623510929.2509103,0.0,0.00011968705803155899,-0.002197268884629011,0.03442486748099327,0.08081480377539593,0.030700755828860095,0.30146180300042635,-0.2977098822593689,-0.02277994528412819,0.028990745544433594,-0.18464986725063817,0.06162604391181675,0.07922357746209834
752,1623510929.260935,0.0,0.0008214593981392682,-0.003322102129459381,0.03534788638353348,0.07988525028115046,0.028971495152048422,0.30161116060144366,0.31268665194511414,-0.3572729825973511,0.07799291610717773,-0.1389423258106553,0.018216647486306203,0.028569448295065837
753,1623510929.2708075,0.0,-0.0009173568687401712,-0.006020169239491224,0.0355716235935688,0.078473361102369,0.027871962803432473,0.30152235701259356,-0.28492671251296997,-0.332771897315979,-0.06688304990530014,-0.11546487049778315,-0.1429162163489587,0.005388718277907171
754,1623510929.280859,0.0,-0.0007682362338528037,-0.008964276872575283,0.034298375248909,0.07677530959214848,0.027337340394296597,0.30137489434779474,0.03997894749045372,-0.20707069337368011,-0.13505998253822327,-0.1564071503541061,-0.09548285070307136,-0.012241551142622847
755,1623510929.2912688,0.0,-0.001837421441450715,-0.009738961234688759,0.03300114721059799,0.07576297078048588,0.026883258223632314,0.30115625285098024,-0.1592254936695099,-0.052607350051403046,-0.13719050586223602,-0.1414324784908463,-0.050632275986741165,-0.019173362765190063
756,1623510929.3007112,0.0,-0.0018823433201760054,-0.010568831115961075,0.03163188323378563,0.07466992269643158,0.025889342760823282,0.30094138404992593,-0.13365915417671204,-0.017453622072935104,-0.16808317601680756,-0.11196620361290972,-0.07272472273203805,-0.02276557954374049
757,1623510929.3107219,0.0,-0.002390155801549554,-0.011766105890274048,0.02991310879588127,0.07335056005945093,0.02522532062356972,0.3006476183654314,-0.17094340920448303,-0.04834629222750664,-0.1574305295944214,-0.12107381778875828,-0.08457034176648583,-0.026509107899745303
758,1623510929.3207262,0.0,-0.0033146748319268227,-0.013244150206446648,0.02837379276752472,0.07200834424471866,0.02452118529432678,0.3003541696228125,0.04210947826504707,-0.19748331606388092,-0.1425168216228485,-0.13216839656321105,-0.06827273980357461,-0.029447798266883797
759,1623510929.3306732,0.0,-0.003927773330360651,-0.015277177095413208,0.026865366846323013,0.07047113527956475,0.023701469110843705,0.2999282061019334,-0.08252646774053574,-0.1101316288113594,-0.13505998253822327,-0.14691641981715625,-0.07519853912762063,-0.03522289587266592
760,1623510929.3406217,0.0,-0.005209026392549276,-0.016491854563355446,0.02560899779200554,0.06912622035921284,0.02309779674236409,0.2996045839733783,-0.036720093339681625,-0.10267477482557297,-0.12227680534124374,-0.148613540934525,-0.07150376345106486,-0.039003727141291564
761,1623510929.3697262,0.0,-0.006621188018471003,-0.01750284619629383,0.023152384907007217,0.06402842919867106,0.02216587149717124,0.2965030648299331,-0.05696011707186699,0.012373782694339752,-0.046643029898405075,-0.18534856683863468,-0.016947007554454625,-0.085719588952296
762,1623510929.3797388,0.0,-0.007310302462428808,-0.018123414367437363,0.02296813204884529,0.06320927493593205,0.022001423714276894,0.2968855944915174,-0.06761276721954346,-0.05899893864989281,0.04070865362882614,-0.177551649599848,-0.017389923150180293,-0.08261656337339195
763,1623510929.389657,0.0,-0.008017809130251408,-0.019774891436100006,0.022410757839679718,0.062072910318951485,0.020322431963306936,0.29826004086249197,-0.05376432463526726,-0.10906635969877243,-0.13079892098903656,-0.16431522403711535,-0.02773376323169152,-0.06143836680921927
764,1623510929.3997502,0.0,-0.012416251935064793,-0.0215747132897377,0.021268673241138458,0.0610772573617624,0.018859560337660494,0.2984518964949917,1.0796769857406616,-0.49682262539863586,-0.09138413518667221,-0.10941162277965852,-0.12795268220737088,0.06761178024687184
765,1623510929.409544,0.0,-0.015008357353508472,-0.025195233523845673,0.01954996958374977,0.05953855992089282,0.020235951982106815,0.29798924360601486,-1.4844145774841309,-0.37325194478034973,-0.1339947134256363,-0.12581764321946387,-0.03648638591752024,-0.001159171548205401
766,1623510929.4194849,0.0,-0.017272846773266792,-0.024788472801446915,0.01800122857093811,0.058993441262276486,0.01936479942646152,0.2969884185108115,-0.1581602394580841,0.23607932031154633,-0.4216161370277405,-0.11264760861334414,0.030919110016028054,-0.07481420231122478
767,1623510929.4299734,0.0,-0.01744765229523182,-0.027613356709480286,0.015633737668395042,0.057881963591913124,0.012913006683832218,0.2962854903185882,-0.11341913789510727,-0.4030793607234955,0.11634243279695511,-0.08007810425173695,-0.2801751768340674,-0.09123169312601793
768,1623510929.4395359,0.0,-0.017131831496953964,-0.029255932196974754,0.012590879574418068,0.05672373052880548,0.012639684350025174,0.29638541194159396,-0.7802746891975403,-1.0955013036727905,-0.2405211627483368,-0.09326999230783753,-0.3907836225731271,-0.039342779129455115
769,1623510929.4495838,0.0,-0.016374068334698677,-0.03034314140677452,0.009176729246973991,0.055687334669286374,0.016465896956886675,0.2950675669930551,-0.1070275530219078,0.9892212748527527,-0.41948559880256653,-0.12579476275087811,0.1011879721153807,-0.055491317300694135
770,1623510929.459769,0.0,-0.014379965141415596,-0.028309643268585205,0.004708088934421539,0.05578978696863365,0.01634078864548101,0.29359155655739,-0.06335170567035675,0.27336356043815613,-0.35450446605682373,-0.06515125893588006,0.2229949035630129,-0.13798510502130193
771,1623510929.4891317,0.0,-0.010857980698347092,-0.025392670184373856,0.0034058038145303726,0.053613099994548295,0.007305928100729969,0.296186774533299,-1.203184723854065,0.16577185690402985,0.0012938702711835504,-0.02558897676089444,-0.1268681338732729,-0.06915392467260202
772,1623510929.4991584,0.0,-0.019729189574718475,-0.02733348309993744,0.004479466006159782,0.05167132866173432,0.009856647617420666,0.29615210542327786,-0.9049106240272522,-0.5255847573280334,0.5254039764404297,-0.11386425679197278,-0.0668490823447516,0.010702706953445294
773,1623510929.5092185,0.0,-0.016430381685495377,-0.028364580124616623,0.0030589159578084946,0.05071894039949136,0.014963917100024024,0.2948683811567049,-1.132877230644226,0.9199790954589844,-0.6581048369407654,-0.17386486427456418,0.34651652822324064,-0.05781020383784259
774,1623510929.5195248,0.0,-0.02495155669748783,-0.028951367363333702,0.002478528767824173,0.0479055546510089,0.012437305959810734,0.29922542913068706,-0.4415205717086792,0.5322228074073792,-0.1244073361158371,-0.21588410032215893,0.24628089037649228,0.10116784033301986
775,1623510929.5292308,0.0,-0.024721946567296982,-0.031071823090314865,0.00017741229385137558,0.04644450830962803,0.0069916731942847865,0.3017357123337232,0.5044342279434204,-0.5362374186515808,-0.19791057705879211,-0.20534463471190822,-0.3459213005545741,0.34575681799683394
776,1623510929.5391877,0.0,-0.03109767846763134,-0.027964703738689423,-0.0016922922804951668,0.04642905527681637,0.010238707716052384,0.30105793919280077,-0.6439208388328552,0.25312355160713196,-0.12547260522842407,-0.07777818900545924,-0.22606062029359258,0.15496992359992942
777,1623510929.54912,0.0,-0.03195544704794884,-0.028072502464056015,-0.004249694757163525,0.04553919966683548,0.01354988747906452,0.2989199049930077,-0.13152863085269928,0.2275571972131729,-0.3321339190006256,-0.05220130615583598,0.30015506670567615,-0.12242194198883165
778,1623510929.559194,0.0,-0.034180354326963425,-0.026972228661179543,-0.0050146738067269325,0.04483262659465104,0.013822514699677019,0.29843184872461676,-0.01754533126950264,-0.1612643301486969,-0.0871230736374855,-0.08066977950338923,0.23464816244579087,-0.15031490332527575
779,1623510929.5692132,0.0,-0.032544542104005814,-0.028536653146147728,-0.005076826550066471,0.043184885882767754,0.010488018872897048,0.2995351747335372,0.25196656584739685,-0.024910472333431244,0.00022860581520944834,-0.11608290732071139,-0.12040082109068631,0.01141469896460947
780,1623510929.5791702,0.0,-0.03300709277391434,-0.02819068171083927,-0.005736490711569786,0.04209908446397108,0.009815056622306709,0.30026143272004824,-0.15602970123291016,0.33195310831069946,-0.12547260522842407,-0.14801473376127558,-0.22121510061146815,0.09394398525824338
781,1623510929.6091905,0.0,-0.03115236386656761,-0.024209288880228996,-0.007046039681881666,0.040104894749359604,0.010633873493651108,0.2995298406921805,0.0825895220041275,0.14766237139701843,-0.008293509483337402,-0.05671170737723337,-0.07097263523908598,0.04158927818307942
782,1623510929.6191418,0.0,-0.03050515428185463,-0.02422851137816906,-0.007274887524545193,0.03908067458028365,0.010232089340835783,0.29945573723501556,0.17420227825641632,0.025156956166028976,-0.0029671876691281796,-0.04215733293211031,-0.03761528162693866,-0.0052960671486282865
783,1623510929.6290145,0.0,-0.02960549294948578,-0.02351820096373558,-0.007509211078286171,0.038259891976159977,0.009472255438052288,0.2995115295892071,0.0964379608631134,0.14766237139701843,-0.008293509483337402,-0.09592413134689314,-0.05683313510211802,-0.0021582255161693574
784,1623510929.63931,0.0,-0.02927357144653797,-0.02283952571451664,-0.0074678389355540276,0.037440826350981615,0.008933374756322936,0.2995268259408983,-0.007957951165735722,0.1636413335800171,0.00875072181224823,-0.08661336767455735,-0.06786140855594786,0.0028799370137901005
785,1623510929.6495042,0.0,-0.029059413820505142,-0.02159123867750168,-0.007448991760611534,0.03665161821786486,0.008514042172392405,0.29944582832353983,0.020804189145565033,0.18388135731220245,0.009815986268222332,-0.07970698196524403,-0.0498449021803837,-0.0023231884544127708
786,1623510929.6588986,0.0,-0.029039718210697174,-0.020431021228432655,-0.007340704556554556,0.03601284177026411,0.008106659417455836,0.2993410873148233,-0.036720093339681625,0.19772979617118835,0.013011779636144638,-0.0727987423852702,-0.04111684103759931,-0.008105551518501742
787,1623510929.6693127,0.0,-0.028869345784187317,-0.01927429437637329,-0.007216375786811113,0.03530058940386923,0.007569772980543815,0.2993119749493507,-0.026067446917295456,0.1444665640592575,0.02686021663248539,-0.06816250718523238,-0.047010846640016875,-0.006983048503450746
788,1623510929.6791148,0.0,-0.028869254514575005,-0.018054476007819176,-0.007073168642818928,0.034647644947055835,0.007155756682848985,0.2992618703819057,0.048501063138246536,0.11890023201704025,0.018338100984692574,-0.06859421780358056,-0.048224585180724686,-0.004094994154198474
789,1623510929.6891212,0.0,-0.02845858410000801,-0.016990339383482933,-0.006924767512828112,0.03394838069259777,0.006559542128616917,0.29917602348449185,0.04637053608894348,0.1444665640592575,0.028990745544433594,-0.0715300147700855,-0.04972583759743031,-0.006834886331197593
790,1623510929.6992903,0.0,-0.028319071978330612,-0.016073912382125854,-0.006778639741241932,0.033197205765014615,0.0060124472962566,0.2991645234184204,0.05063159391283989,0.12422655522823334,0.01620757207274437,-0.07241762825838352,-0.05624003317159413,-0.005752467134475283
791,1623510929.7305868,0.0,-0.027664970606565475,-0.011770236305892467,-0.006418776698410511,0.0324227237379747,0.002126401068077405,0.30805650446806765,0.05702317878603935,-0.045150499790906906,0.03112127259373665,-0.056176361884854246,-0.06085801546842018,-0.002324315447649749
792,1623510929.7403743,0.0,-0.026714520528912544,-0.014071187004446983,-0.004217732697725296,0.031176078438561648,0.0009869525275507385,0.30927421139776917,-0.16668234765529633,-0.09734845161437988,0.29104578495025635,-0.06242584790316233,-0.062008091749776575,0.02351035675043323
793,1623510929.7504923,0.0,-0.026045886799693108,-0.01742076501250267,-0.004430179484188557,0.02998135860893248,0.00019287182763604027,0.30939844785044557,0.7302703261375427,-0.42864570021629333,-0.04131670668721199,-0.11303901159295422,-0.08790606405402909,0.06189629085314293
794,1623510929.7607038,0.0,-0.02220763824880123,-0.01980619877576828,-0.00465886015444994,0.02899982587393881,0.0010192165760517652,0.30947011824489334,-0.013284273445606232,-0.06112946197390556,-0.3193507492542267,-0.11649651390861833,-0.013615224571864244,0.015543965244587567
795,1623510929.7706304,0.0,-0.01664341799914837,-0.023825543001294136,-0.006034445017576218,0.027607486295527763,-0.0015485288160237837,0.30917670481195436,0.2626192271709442,0.7985389232635498,-0.17767055332660675,-0.12786639472882858,-0.07855690712069788,-0.015101241389048694
796,1623510929.7805674,0.0,-0.007015785668045282,-0.028068287298083305,-0.006032445468008518,0.02584497761485425,-0.005754314979886807,0.3094129895644823,1.8072526454925537,-0.4669952392578125,0.4465743899345398,-0.12721127072023555,-0.32054241208831885,-0.0027123321616431472
797,1623510929.7904832,0.0,-0.005201264284551144,-0.02320554107427597,-0.0008253250271081924,0.027493806933743918,-0.0006282421209530681,0.30784362741680765,1.827492594718933,-0.4520815312862396,0.3624185025691986,-0.0003085129648663727,-0.0026948838298545548,-0.05292886541357113
798,1623510929.8004897,0.0,0.006405229214578867,-0.02659456990659237,0.006329262629151344,0.02625184994569075,0.0003896329799128462,0.30573822500263126,0.4991079270839691,-0.14635062217712402,0.9728150367736816,0.010894638343337003,0.28848467389380494,-0.179715022331979
799,1623510929.8104472,0.0,0.01555815152823925,-0.03350655362010002,0.013216406106948853,0.023608491205088393,-0.010584519490500294,0.307097047326177,1.5846123695373535,-0.9602126479148865,0.8950507640838623,-0.16840701286661672,-0.34496723689116143,-0.07063275913099522
800,1623510929.8206122,0.0,0.02021166682243347,-0.03843299299478531,0.020105700939893723,0.021623700205079054,-0.014816829997636533,0.30867277650407166,0.20402967929840088,0.18814241886138916,0.2942415773868561,-0.24654666193161445,-0.7882797068880721,0.13630349768741573
801,1623510929.854018,0.0,0.04057471454143524,-0.04987338185310364,0.027375075966119766,0.019682874245530897,-0.0033609269647969092,0.3045014054368216,0.6727460622787476,-0.8409030437469482,0.6937157511711121,-0.2715312978661496,-0.5385131598936667,0.10313935744547642
802,1623510929.8636386,0.0,0.04701140522956848,-0.05569763854146004,0.03340747207403183,0.01828716638951545,-0.004447318648003032,0.30574750585069654,1.375820517539978,-1.4800617694854736,0.6500399112701416,-0.21435564968287685,-0.2910526975902644,0.0617781078386714
803,1623510929.8737807,0.0,0.04028882458806038,-0.053303785622119904,0.03293829411268234,0.017685960177957056,-0.004310014379165596,0.3076720355394857,0.32653510570526123,0.7431451678276062,-0.6932585835456848,-0.12240503926045047,-0.05086934840422544,0.15963967952217967
804,1623510929.8837845,0.0,0.041358135640621185,-0.05058300495147705,0.031007688492536545,0.01787228959913539,-0.00879229478277889,0.30883680661547547,-0.9389990568161011,0.07309386134147644,0.4934460520744324,-0.01629037718594662,-0.20292940782742955,0.17406945849849553
805,1623510929.893899,0.0,0.03631436824798584,-0.04062773287296295,0.03433162346482277,0.019901131084244374,-0.009125751449915162,0.3110737481645955,-0.5480470061302185,0.6131829023361206,0.20369412004947662,0.12524064290275444,-0.23087335344091733,0.16822295801203918
806,1623510929.9037957,0.0,0.03708275407552719,-0.0435667522251606,0.03874057158827782,0.018127638435103,-0.010159980374223158,0.31143281744524354,0.016543131321668625,-0.4254499077796936,0.6713451743125916,0.04102346297793104,-0.07843882924619716,0.14481737584154888
807,1623510929.91353,0.0,0.03362499549984932,-0.0448492057621479,0.0426354743540287,0.016847085108768357,-0.008244995871698961,0.31026268729311546,-0.6620303392410278,-0.16978643834590912,0.3315258324146271,-0.1362985197144213,0.01804232769476477,-0.018986606737081295
808,1623510929.9237907,0.0,0.032472506165504456,-0.049676962196826935,0.044768642634153366,0.014722199060991894,-0.0074367054166694715,0.30909919780682404,0.07726319879293442,-0.5511510968208313,-0.0594262033700943,-0.17365023556598833,0.1429039716532678,-0.11560929594711923
809,1623510929.9336998,0.0,0.028238840401172638,-0.04976186528801918,0.043249186128377914,0.014014038217517063,-0.007533523367106866,0.3091347249006883,-0.2657519578933716,0.12316128611564636,-0.21388955414295197,-0.15781236319329822,0.05979718141263088,-0.06944092532973874
810,1623510929.9438932,0.0,0.024539107456803322,-0.04792676493525505,0.04090259224176407,0.013888614815122342,-0.008374520848555084,0.3096196596066026,-0.2753393352031708,0.3021257221698761,-0.21602007746696472,-0.05532254903410179,-0.039117607452187765,0.01810162765965874
811,1623510929.9761217,0.0,0.013955997303128242,-0.04431973025202751,0.03896334767341614,0.012024504946125763,-0.006185950536173414,0.3087539785731228,-0.10596228390932083,-0.18256962299346924,0.009815986268222332,-0.003453487062892438,0.09725573708754603,0.011689766905189667
812,1623510929.9862156,0.0,0.013377360999584198,-0.04667812958359718,0.03827691823244095,0.010524543739121733,-0.006390031812110432,0.30849362374933986,-0.1443118005990982,-0.028106268495321274,-0.10523257404565811,-0.07235863090936064,0.14518896930219846,-0.030617413172630798
813,1623510929.9962933,0.0,0.011537310667335987,-0.04604179412126541,0.037199340760707855,0.009931559787035409,-0.006477568145910391,0.30856598150270664,-0.04524220898747444,0.12848760187625885,-0.09777572005987167,-0.10618870418406601,-0.006481979668510121,-0.013536860325701946
814,1623510930.0057964,0.0,0.0122078787535429,-0.04518039524555206,0.03610982373356819,0.009523785635485588,-0.006356883703320715,0.30840195741733933,-0.04843800142407417,0.003851667046546936,-0.138255774974823,-0.05322257771638555,0.00030744552938581063,-0.004940500430974943
815,1623510930.015968,0.0,0.01101810671389103,-0.04296411573886871,0.035026758909225464,0.009264175276865863,-0.005579923459638272,0.30817875129339106,0.0964379608631134,0.10931285470724106,-0.0967104583978653,-0.03417875293066197,0.038831772925022726,-0.01785464933782322
816,1623510930.0259385,0.0,0.011170567013323307,-0.04142124205827713,0.0341930016875267,0.008890131722729604,-0.005767927008943394,0.3080801656578476,0.015477865934371948,0.19346873462200165,-0.08499255031347275,-0.030230948237858733,0.032657051828715915,-0.017374483684316402
817,1623510930.0360444,0.0,0.010541393421590328,-0.040202315896749496,0.03336912766098976,0.008344181899199558,-0.00526695687120244,0.3080744256775825,-0.06761276721954346,0.13381393253803253,-0.03812091425061226,-0.04091588938897208,0.014938334818813662,-0.006643656191361162
818,1623510930.04616,0.0,0.009893088601529598,-0.03846730291843414,0.03274611011147499,0.00798431956199458,-0.004719342873847884,0.3080217997966719,-0.11128860712051392,0.20092558860778809,-0.049838822335004807,-0.0421588009559891,0.04980444072629068,-0.0023797024600796493
819,1623510930.0559046,0.0,0.009431120939552784,-0.03638802096247673,0.032170459628105164,0.0078154129495688,-0.0045491284688776515,0.30802890248785664,-0.11128860712051392,0.24992775917053223,-0.0455777682363987,-0.032767922979714696,0.039494021568178515,-0.001225570201249293
820,1623510930.0661416,0.0,0.009343624114990234,-0.03407740592956543,0.031758084893226624,0.007637335056149171,-0.004187936282130676,0.3080025521704512,-0.08465699851512909,0.3447362780570984,-0.024272477254271507,-0.02166523253728608,0.026876398954782527,0.00024730387967138883
821,1623510930.1017144,0.0,0.0013286882312968373,-0.03181251138448715,0.03379829227924347,0.003207462522204295,-0.011995171976720814,0.322268957243634,-0.3765394389629364,-0.4435594081878662,0.30915528535842896,-0.012691560044666029,0.028022426504704726,0.025208226627052965
822,1623510930.111799,0.0,-0.0015953402034938335,-0.03371553122997284,0.033964741975069046,0.002237215100290013,-0.01216473065361029,0.32214393738164515,-1.185075283050537,-0.43184149265289307,-0.18725793063640594,-0.06081609106530019,-0.008466063353817202,0.04142225900119616
823,1623510930.121641,0.0,-0.005408373661339283,-0.034976087510585785,0.03157426044344902,0.0016734611290591256,-0.012461568236085768,0.3216438528800114,-0.1869223713874817,-0.2645949721336365,-0.415224552154541,-0.08387001740760489,-0.000452517680709946,-0.033356839796289235
824,1623510930.1316285,0.0,-0.011128921993076801,-0.03588429465889931,0.02781951054930687,0.0016043151424708427,-0.01264622696184245,0.3205092966889597,-0.17946553230285645,-0.008931506425142288,-0.415224552154541,-0.038237177140108575,0.0016174148788231798,-0.08694917466011877
825,1623510930.1415033,0.0,-0.01086125336587429,-0.03732966631650925,0.023382551968097687,0.0013193646282409974,-0.011957764007178545,0.3192327119105911,-0.36482155323028564,-0.20174437761306763,-0.5047067403793335,-0.026590120090256,0.005976243723057646,-0.1187604979310666
826,1623510930.151721,0.0,-0.010149741545319557,-0.03924243524670601,0.021187584847211838,0.0005820534482967182,-0.009932394254967974,0.3178350062844537,0.4224088788032532,0.15085816383361816,-0.3086980879306793,-0.054577407578535776,0.13005774927856756,-0.13594655321284793
827,1623510930.1615734,0.0,-0.010885758325457573,-0.035346876829862595,0.018855225294828415,0.0019663270417922124,-0.011431846682326108,0.3177339545441871,0.3734067380428314,0.06883279979228973,0.0034243990667164326,0.03270639071445572,0.08299673787713419,-0.08946997027626123
828,1623510930.1714125,0.0,-0.013347920961678028,-0.03103892132639885,0.017611932009458542,0.003112176540981601,-0.015477994796965183,0.3185708487241844,-0.32860255241394043,0.45339325070381165,-0.09990625083446503,0.12035229461509085,-0.2825688367554806,0.033786590426787375
829,1623510930.181614,0.0,-0.0143199497833848,-0.028596952557563782,0.016731608659029007,0.002756540685120726,-0.009605516192985997,0.3180603116482069,-0.5363290905952454,0.6174439787864685,-0.006162981037050486,0.04029642833554149,-0.043361260174107824,0.03695515565298358
830,1623510930.1912177,0.0,-0.014353537000715733,-0.028248993679881096,0.017493002116680145,0.0017679829160541088,-0.007190631651971424,0.3165889120198391,-0.2369898110628128,-0.3785782754421234,0.24097837507724762,-0.05733623276599279,0.40651182704694994,-0.084796934241132
831,1623510930.2225466,0.0,-0.017059294506907463,-0.029881685972213745,0.011523362249135971,0.0015820616922420996,-0.013465242784033438,0.32059827758848364,0.11880851536989212,0.013439047150313854,-0.021076682955026627,-0.056763462062175904,0.1514334912205945,0.028805755895662682
832,1623510930.2320561,0.0,-0.01449314970523119,-0.031174689531326294,0.009971501305699348,0.00063268659970191,-0.01463136036311101,0.32261010983127153,-0.06335170567035675,0.21051296591758728,-0.2991107106208801,-0.06630259406902166,-0.10208300604465467,0.22838887405516264
833,1623510930.241905,0.0,-0.01629054732620716,-0.032744742929935455,0.0085616335272789,-0.00021015914764863433,-0.011977965863682077,0.3217834349306559,-0.38719210028648376,-0.10800109803676605,-0.09777572005987167,-0.08596845424292548,0.044723956514830784,0.09020755114870814
834,1623510930.251946,0.0,-0.01920846290886402,-0.031051376834511757,0.007008980959653854,-1.7811602556417477e-05,-0.008607676622454652,0.31956605259723947,-0.6812050938606262,0.3479320704936981,-0.22347693145275116,-0.034627795648647604,0.2814351436610157,-0.13396920647806962
835,1623510930.2625058,0.0,-0.022186335176229477,-0.02669007144868374,0.0037977155297994614,0.0008372257889673468,-0.007833164494674992,0.3186811190613299,-0.4638911485671997,0.6249008178710938,-0.3640918433666229,0.03919508627297411,0.22510206157896104,-0.16350316615975624
836,1623510930.2720718,0.0,-0.025715544819831848,-0.021331006661057472,0.000888558104634285,0.0018421686053805598,-0.008943538407009989,0.3194938554173884,-0.3818657696247101,0.5173091292381287,-0.31189388036727905,0.09430370644970416,0.011596842087185564,-0.02306910317028778
837,1623510930.282382,0.0,-0.029421236366033554,-0.01937926560640335,-0.0015976708382368088,0.0016691262661945733,-0.010394731372678968,0.32112211680274294,-0.5768091678619385,0.2051866501569748,-0.12547260522842407,0.060647800579479515,-0.12634705389624332,0.11001893272538799
838,1623510930.2920744,0.0,-0.029935739934444427,-0.02360009215772152,-0.00023561343550682068,-9.410360145430813e-05,-0.010221022949602282,0.3213358517439794,0.1102863997220993,-0.7397029399871826,0.24310889840126038,-0.07328280747723766,-0.08129283100104776,0.10376573746056052
839,1623510930.3021972,0.0,-0.02965959534049034,-0.03063260391354561,0.002722563222050667,-0.0025393746233263563,-0.008882892083972388,0.32045084357527226,-0.10383175313472748,-0.3466203510761261,0.11847296357154846,-0.20737356808432422,0.05696372271087673,-0.014539760746317758
840,1623510930.312045,0.0,-0.030046110972762108,-0.03208022192120552,0.002029009163379669,-0.003188477134234858,-0.006955521956781542,0.31953958558083784,0.22320443391799927,0.18068556487560272,-0.16488738358020782,-0.17536488918734222,0.16753402717309931,-0.09004263087761466
841,1623510930.3440723,0.0,-0.03075135126709938,-0.015957996249198914,-0.005245352163910866,5.598929034950073e-05,-0.007292874933293232,0.3205844606766492,-0.16455182433128357,0.21690455079078674,0.04177391901612282,0.20108260864186123,0.13345667133283687,-0.030368024437501105
842,1623510930.354546,0.0,-0.031084343791007996,-0.015073642134666443,-0.004508772864937782,-0.00015337004654582265,-0.007349573361337666,0.32062442084368864,0.08791584521532059,0.11890023201704025,0.00875072181224823,0.24202866161935682,0.03399614383632298,0.02110219021075515
843,1623510930.3642397,0.0,-0.033671826124191284,-0.015029394999146461,-0.0041881827637553215,-0.0005019193808397417,-0.007226885618141013,0.32044538275817436,-0.42021527886390686,0.00598219595849514,0.16001828014850616,-0.022680698842902736,0.0007795561318871326,-0.007711416168757127
844,1623510930.3740604,0.0,-0.03289040923118591,-0.017681023105978966,-0.0025985315442085266,-0.0016477822244177417,-0.007405337664529249,0.32032531503146,0.14650540053844452,-0.2720518410205841,0.14830036461353302,-0.07003454040808846,-0.012321796393869868,-0.015585906135286468
845,1623510930.384065,0.0,-0.03204895928502083,-0.018963171169161797,-0.0016057491302490234,-0.0024239598826620405,-0.006945384649385461,0.3205434133263114,0.05702317878603935,0.20199085772037506,-0.04131670668721199,-0.10127275511186463,0.011265775572833344,0.0010035126808676039
846,1623510930.3942547,0.0,-0.030921490862965584,-0.014227360486984253,-0.0028697457164525986,-0.0013813655786981752,-0.00647881326785843,0.3207330468700694,0.5864596366882324,0.6824251413345337,-0.14997367560863495,-0.00549116399901247,0.05349100317633617,0.0190812758288456
847,1623510930.4042125,0.0,-0.030905792489647865,-0.007184626068919897,-0.004620247520506382,0.00040563806273681904,-0.006287936787967803,0.32081508114975177,-0.04204641282558441,0.7921473383903503,-0.011489302851259708,0.13014042875816528,0.03726330443284543,0.014480819306484398
848,1623510930.4138746,0.0,-0.030349254608154297,-0.004098228644579649,-0.0038907770067453384,0.001041572463358547,-0.007028331442554429,0.3208952678821795,-0.33712467551231384,0.05285383015871048,0.2186078280210495,0.13507101124461754,-0.038357085872100904,0.013547767584588135
849,1623510930.423768,0.0,-0.030034581199288368,-0.005227291025221348,4.967581480741501e-05,0.0017360345737269661,-0.013730710114115502,0.33108400671158944,-0.016480065882205963,-0.29335713386535645,0.41142067313194275,0.05136131325218973,-0.050719085401085155,0.004228388904210238
850,1623510930.4339788,0.0,-0.03032662346959114,-0.0075430115684866905,0.0017667468637228012,0.00038956885070542957,-0.012982881615499237,0.3322055456944405,-0.005827422719448805,-0.17724329233169556,-0.16275684535503387,0.049464880783930104,-0.05471359869497777,0.005808611005046138
851,1623510930.4671082,0.0,-0.02847319282591343,-0.0007637407979927957,-0.006401831284165382,-0.0003161417535002542,-0.01305867953892044,0.3357736534929764,0.3552972376346588,0.03474433347582817,-0.010424038395285606,0.05509683318874214,-0.056761531653348886,0.0209509752654342
852,1623510930.4770713,0.0,-0.023582324385643005,-0.0015228857519105077,-0.003794252872467041,-0.0010123814993174413,-0.012895017114388618,0.33537209412825353,0.6333312392234802,0.09439914673566818,0.35070058703422546,0.04532840122835873,-0.01430881942723061,0.01095207531788205
853,1623510930.4875183,0.0,-0.02306053228676319,0.004308096133172512,-0.00030466821044683456,0.0003826859696221818,-0.012419818900694699,0.3346948046304271,0.06128424033522606,0.9988086819648743,0.3954417109489441,0.02483932824030152,0.03938271580290347,-0.05439057820031327
854,1623510930.4969192,0.0,-0.01798401027917862,0.006730974651873112,0.0052983444184064865,0.0008905822181332346,-0.015563800782664797,0.33502712794859246,0.7558366656303406,-0.008931506425142288,0.7757411003112793,0.09786497547044229,-0.12149349985304131,-0.02694485469596059
855,1623510930.5070174,0.0,-0.01650850661098957,0.008925258181989193,0.013030339032411575,0.00130947731302343,-0.014669565045534225,0.3351897870105227,-0.018610596656799316,0.28082042932510376,0.6116904020309448,0.054718549842027155,-0.1704080916324929,0.035554029516726565
856,1623510930.517046,0.0,-0.013923575170338154,0.0069475481286644936,0.015953581780195236,0.0005262243686985357,-0.009805354827710291,0.33363538203729337,-0.05056852847337723,-0.14102430641651154,0.07586238533258438,-0.017751908450047163,0.23740658642698761,-0.05936668378196373
857,1623510930.5268948,0.0,-0.011555512435734272,0.0011074929498136044,0.01719486713409424,-0.0014013127254506041,-0.01424045112385515,0.33503269591592466,0.14011381566524506,-0.7407681941986084,0.15256142616271973,-0.12518741326490618,0.1289693620717451,-0.03829849135143691
858,1623510930.5370908,0.0,-0.01268487237393856,0.001250242698006332,0.01938074454665184,-0.001089634188060365,-0.020530084719800182,0.33800344741254534,-0.4681521952152252,-0.46912574768066406,0.2558920681476593,-0.09023034547519691,-0.490757510617491,0.19587490579266825
859,1623510930.5469346,0.0,-0.011681395582854748,0.005028324667364359,0.021048493683338165,0.0003930460774024813,-0.014047177827774954,0.33694241761419197,-0.36908259987831116,0.8283663392066956,0.08225397020578384,0.06370890755401382,-0.12223915630977128,0.13714524520450566
860,1623510930.5569887,0.0,-0.014676433987915516,0.013383826240897179,0.02099371701478958,0.0028979158469940036,-0.005772918349901152,0.3345809479771431,-0.07293909043073654,1.0478107929229736,-0.03705565258860588,0.18771081137117177,0.7154498668886052,-0.1533660404663186
861,1623510930.5894818,0.0,-0.01580885984003544,0.027027666568756104,0.03229261562228203,0.0059313500403340436,-0.00953905708215326,0.3374006787054654,-0.19650974869728088,-0.6544817686080933,0.9887940287590027,0.2841551630604157,0.496604362015465,-0.08465962270524863
862,1623510930.5998106,0.0,-0.019875163212418556,0.024224134162068367,0.036775726824998856,0.005061726493172776,-0.008837348299007577,0.33737004811813326,-0.599179744720459,-0.5362374186515808,-0.212824285030365,0.10618588191519811,0.04791486269407478,0.06850773066208768
863,1623510930.6097214,0.0,-0.026002658531069756,0.021545419469475746,0.03431830555200577,0.00436354813539204,-0.005603211395014171,0.3358585371327004,-0.1911834329366684,-0.48830050230026245,-0.1659526526927948,-0.08021720288984846,0.18420607201215597,-0.05972427404292628
864,1623510930.619772,0.0,-0.02998938038945198,0.01838996447622776,0.03464958816766739,0.003625019943862412,-0.003877407539353929,0.33543871891653737,-0.35203835368156433,-0.38603511452674866,0.039643388241529465,-0.07326301193841865,0.28655063032219336,-0.11181873080541212
865,1623510930.6296809,0.0,-0.03317447006702423,0.014677977189421654,0.033756073564291,0.002870482391850497,-0.0048353459841998445,0.3364144260054171,-0.062286440283060074,-0.4542120397090912,-0.18086634576320648,-0.07829927065929906,0.07287032736811933,0.007868878375286404
866,1623510930.639635,0.0,-0.03398391231894493,0.0156596377491951,0.031101103872060776,0.003418558884979217,-0.00495160560749984,0.3373908444408766,0.005890486296266317,0.29040780663490295,-0.287392795085907,-0.025017425834772372,-0.06089463476579854,0.097021072237894
867,1623510930.6496408,0.0,-0.03538431599736214,0.019187983125448227,0.0296899676322937,0.004579588261979267,-0.003592925277549161,0.33743500996564946,0.034652628004550934,0.2051866501569748,-0.04770829528570175,0.07645006162822149,0.045350973565283614,0.060562700466697615
868,1623510930.6594133,0.0,-0.03483770415186882,0.020487356930971146,0.03017273172736168,0.005011415764257489,-0.002900032601161402,0.3371505275360542,0.14437487721443176,-0.03343259170651436,0.20582464337348938,0.08895140462165407,0.1045885792446299,-0.008062766739259113
869,1623510930.6700125,0.0,-0.034234609454870224,0.01823578029870987,0.03064873442053795,0.0044079753060428314,-0.0022554849193605897,0.33736783346449106,0.2445097267627716,-0.38177406787872314,-0.19151899218559265,0.003070700271019731,0.06993396197700995,-0.0068913982490768745
870,1623510930.6795967,0.0,-0.032832540571689606,0.013827107846736908,0.02839794009923935,0.0033550907643675743,-0.0026398326169675274,0.33759460129985824,0.1060253456234932,-0.4680604934692383,-0.1893884688615799,-0.07864947531084165,0.02198236467650321,0.020725213503401698
871,1623510930.7150903,0.0,-0.03336876258254051,0.008459595963358879,0.025422822684049606,0.002228646109858172,-0.002321664878688297,0.337834171349182,-0.062286440283060074,-0.03023679554462433,-0.05623041093349457,-0.11572095555814094,-0.015421720986625427,0.015131931005094376
872,1623510930.7252555,0.0,-0.03391724452376366,0.007428775541484356,0.02483474835753441,0.0020040006328421664,-0.0023120755169112606,0.33786737949735995,0.02186945453286171,-0.16446012258529663,-0.05090408772230148,-0.07263989922625322,4.448450557112454e-05,0.004389484125118281
873,1623510930.7349756,0.0,-0.03429180383682251,0.0054968795739114285,0.024394940584897995,0.0015168905466226013,-0.0023647178175324607,0.33789821686105487,-0.02500218152999878,-0.20600543916225433,-0.05090408772230148,-0.03619148234885625,-0.0008528150707456058,0.0036569487248068514
874,1623510930.745389,0.0,-0.03430790454149246,0.0033270814456045628,0.024086765944957733,0.0009211121870352848,-0.002581999502234124,0.337953076350116,-0.022871654480695724,-0.15806853771209717,-0.046643029898405075,-0.05992937798838578,-0.012683341392882368,0.004130771732803064
875,1623510930.7549493,0.0,-0.03438930585980415,0.0016873286804184318,0.023837696760892868,0.0004398225053252533,-0.0027683547103344794,0.3380334339993691,0.045305270701646805,-0.14635062217712402,-0.029598798602819443,-0.06040601525279741,-0.019036632110986162,0.006612776711052899
876,1623510930.7650764,0.0,-0.0344567708671093,0.0007499174098484218,0.023632772266864777,0.0001468786375629083,-0.0028861013675690883,0.3380777135321894,0.03252209722995758,-0.08882633596658707,-0.022141948342323303,-0.04087096338446631,-0.015146343517103925,0.006585467711081265
877,1623510930.774781,0.0,-0.03444413095712662,-0.00016247452003881335,0.02352340891957283,0.0012362621399329282,-0.002874862588262389,0.34195154360245383,0.02506524696946144,-0.07604316622018814,-0.017880890518426895,-0.03187858176799525,-0.01934347073696207,0.005915686826263111
878,1623510930.7852507,0.0,-0.034231022000312805,-0.0016298023983836174,0.023649688810110092,0.0010916143591233884,-0.0026664234310544987,0.34317608187928894,0.07406740635633469,-0.17830856144428253,0.03431706875562668,-0.02732391259889805,-0.021888555361912324,0.007222930044316252
879,1623510930.7951014,0.0,-0.03392143175005913,-0.004127246793359518,0.023432139307260513,0.0005075077295884078,-0.004426313267907753,0.3456648484514139,0.03678315505385399,-0.07071684300899506,-0.07007884234189987,-0.026340589495969693,-0.0370386419142898,0.039283204829184376
880,1623510930.8051455,0.0,-0.03533021733164787,-0.005911285523325205,0.023156363517045975,1.966534133920894e-05,-0.004659839080371625,0.34602629597376555,0.1795285940170288,-0.4254499077796936,-0.046643029898405075,-0.04355429215601594,-0.08862308582077348,0.13649296377711176
881,1623510930.839234,0.0,-0.03510911762714386,-0.015646426007151604,0.015028068795800209,-0.002218421905049686,-0.002762304198935542,0.3445987270163363,0.13478748500347137,0.1721634417772293,-0.4333340525627136,-0.17463729515122928,-0.015329531128450547,0.013635599004895632
882,1623510930.8492785,0.0,-0.03247085586190224,-0.01659480668604374,0.010832276195287704,-0.0021628740526162815,-0.0034998873176806666,0.34458416062492425,-0.03991588577628136,0.4182395339012146,-0.5036414861679077,-0.11327565712307272,-0.019602840481618027,-0.011194538832983715
883,1623510930.8599572,0.0,-0.029139932245016098,-0.016265377402305603,0.0069655124098062515,-0.0019528258965532674,-0.005321257545295277,0.34491459671563424,0.36275407671928406,0.058180153369903564,-0.3470476269721985,0.01671146184354296,-0.13332464887021658,0.015715786201505422
884,1623510930.8700447,0.0,-0.02654947340488434,-0.015137829817831516,0.003938958048820496,-0.0018498845473001874,-0.0029272174049656263,0.34477618427633827,0.10282954573631287,0.3117130994796753,-0.2714138329029083,0.02894149923058149,-0.02680490368123409,0.017056070803529656
885,1623510930.8796299,0.0,-0.023914368823170662,-0.012567606754601002,0.001544823870062828,-0.001570925214009325,-0.00040380355929418854,0.34457943344852426,0.34890565276145935,0.25844985246658325,-0.18725793063640594,0.01574173004864323,0.25045523143440346,-0.013863224238143384
886,1623510930.8891401,0.0,-0.023369863629341125,-0.012506697326898575,0.0005140509456396103,-0.0016226166403437992,-0.005101306561782204,0.34612580009884075,-0.08678752183914185,0.39693424105644226,-0.07966622710227966,0.009962657787014892,-0.026545997885900327,0.050016079067134
887,1623510930.8994365,0.0,-0.02288743667304516,-0.015202376991510391,0.00020462088286876678,-0.0025642881994995537,-0.007674258602229908,0.3483297748080527,-0.1858571171760559,0.27336356043815613,-0.12547260522842407,-0.04546633609239045,-0.38370634259256087,0.19096182408516435
888,1623510930.909502,0.0,-0.02183639444410801,-0.018980098888278008,-0.0010524960234761238,-0.0038129087679200924,0.0008399621500538162,0.34663723269448177,0.01867366023361683,-0.07178210467100143,-0.1893884688615799,-0.10287924896473778,0.17916402003865706,0.06742148118429116
889,1623510930.919825,0.0,-0.0235158521682024,-0.022786134853959084,-0.0023414287716150284,-0.00465590986691105,0.003723074269943831,0.3468548997784918,-1.0125024318695068,-0.03769364580512047,-0.25117382407188416,-0.08388026510747346,0.6140764863526258,-0.11185473043342195
890,1623510930.9291508,0.0,-0.022916678339242935,-0.026614177972078323,-0.0048108575865626335,-0.005867384217851809,-0.000747829173033912,0.3511085919471357,0.23918341100215912,-1.2542256116867065,-0.11588521301746368,-0.0846394435840832,-0.0029548262115836076,0.1894260705627316
891,1623510930.964006,0.0,-0.03198777139186859,-0.012620054185390472,-0.01648285798728466,-0.0027110333574530687,0.004737657826572567,0.3499493280464552,-0.3637562692165375,1.6145315170288086,0.13445192575454712,0.13014761205072908,-0.1002795023185809,0.24191880851998537
892,1623510930.9742181,0.0,-0.036583174020051956,-0.002192904008552432,-0.015350611880421638,-0.00010185974817705085,0.00625667591738583,0.3504757344899434,-0.13259388506412506,0.7527325749397278,0.186649888753891,0.34347970121207,0.2183098473527971,0.02595185817810644
893,1623510930.9843822,0.0,-0.03739561513066292,-0.0033699553459882736,-0.010895119979977608,-0.0007485793901111856,0.005786326047919808,0.35121581622652875,-0.10915807634592056,-0.5468900799751282,0.64045250415802,0.13746399132039325,0.06522056026387456,0.05798779809660213
894,1623510930.9941196,0.0,-0.03875123709440231,-0.013402722775936127,-0.0032252026721835136,-0.0038989864724002163,0.004991431365087416,0.35211141562296705,-0.5981144309043884,-0.9655389785766602,0.31341633200645447,-0.16004891990941988,-0.06169773325868552,0.0826347960736066
895,1623510931.0041661,0.0,-0.040625594556331635,-0.02184269391000271,-0.007589159533381462,-0.006425455301627449,0.006519170440620205,0.3520651813812588,-0.14218126237392426,-0.8206630349159241,-0.7518481016159058,-0.2881301529640125,0.016955462318054705,0.05295878057061705
896,1623510931.0140595,0.0,-0.03622572496533394,-0.02698720060288906,-0.014465199783444405,-0.007823375579438359,0.00749032803597699,0.35153319512610737,1.0743507146835327,0.018765367567539215,-0.7475870251655579,-0.21890988459052318,0.13384017761172382,-0.022647664389335458
897,1623510931.023929,0.0,-0.041548192501068115,-0.019469434395432472,-0.019452808424830437,-0.00571857287385065,0.009471025641926582,0.3508596601063004,-1.185075283050537,1.1767078638076782,0.12060349434614182,0.00749629903128256,0.1356044519330135,-0.06296583528773507
898,1623510931.0340033,0.0,-0.04498545825481415,-0.006582014728337526,-0.017537426203489304,-0.0021942116730205713,0.01029883243185397,0.3508456652477719,0.7675545811653137,0.8603242635726929,0.4923807680606842,0.27132038145886883,0.15364948951043714,-0.04400999237542743
899,1623510931.0440211,0.0,-0.042911842465400696,-0.0030471005011349916,-0.012752864509820938,-0.0014767466570468762,0.008718882751233746,0.35149874121102354,-0.4191500246524811,0.2850814759731293,0.44444388151168823,0.2344225144297075,-0.02098027240882039,0.028778550303217652
900,1623510931.054804,0.0,-0.04691542312502861,-0.002867358271032572,-0.007561410777270794,-0.00168387277503549,0.009598551280956658,0.3516191408494304,0.06661055982112885,-0.4669952392578125,0.6532357335090637,0.05316721097111773,-0.04525082824428121,0.04368790139383171
901,1623510931.0898216,0.0,-0.041756968945264816,-0.01069020014256239,-0.016666965559124947,-0.0037626689572526073,0.00989572930503578,0.35083654637447337,-0.7877315282821655,0.8773685097694397,-0.46422672271728516,-0.12976493893741942,-0.023163332647924046,0.007976888223048597
902,1623510931.0997932,0.0,-0.04601268842816353,-0.004340949468314648,-0.01837523654103279,-0.0019891054545342554,0.01138736914154212,0.35074955834105176,0.2540971040725708,0.5183743834495544,0.1397782564163208,-0.02756758658744789,0.02603140947135303,-0.006059321105762533
903,1623510931.1098864,0.0,-0.04258137196302414,-0.0034648303408175707,-0.013869879767298698,-0.0018971939721389441,0.010701490028426332,0.35069000873140344,0.20189915597438812,-0.2731170952320099,0.5839934945106506,0.11679526197724857,0.057293294182049065,-0.008483122591900047
904,1623510931.1197,0.0,-0.043396349996328354,-0.00450671324506402,-0.00842297077178955,-0.0023861266546753163,0.010364861935278608,0.3506610588985203,-0.13152863085269928,0.03474433347582817,0.445509135723114,-0.01274435197390957,-0.05248105979701391,-0.004034695971730462
905,1623510931.1297605,0.0,-0.04199022427201271,-0.004020663443952799,-0.006215209141373634,-0.0024895904892298787,0.007971172524064915,0.3584464281003853,-0.05056852847337723,0.20625190436840057,-0.025337740778923035,-0.031561148147069756,-0.05066853547712786,-0.0007534303064500245
906,1623510931.139697,0.0,-0.04318603128194809,-0.0027295048348605633,-0.007881746627390385,-0.0019312356966993682,0.008690302363289812,0.3598530056790429,-0.06335170567035675,0.23927511274814606,-0.1616915911436081,-0.03274154568711759,-0.05558686047351893,0.002715307207811209
907,1623510931.1498058,0.0,-0.041581206023693085,-0.001690008444711566,-0.008380349725484848,-0.001345851641688739,0.007794046095682933,0.3621854133563083,0.10282954573631287,0.2744288444519043,-0.1148199513554573,0.0020763234228859963,-0.04288785739257373,0.08976144814692492
908,1623510931.159926,0.0,-0.04271242767572403,0.0012528859078884125,-0.009910030290484428,-0.00028056749559525473,0.0075002600752358956,0.3628803679760572,0.5204132199287415,0.23394878208637238,-0.12334206700325012,0.07524470760418653,-0.06746925086878693,0.15389265385918333
909,1623510931.1697083,0.0,-0.04052326828241348,0.0034916528966277838,-0.010337349958717823,0.00018812578873826646,0.00907241948320911,0.3622448817005045,1.103112816810608,0.21264348924160004,-0.10629783570766449,0.06722402633214244,0.03401322840700226,0.02379671326206755
910,1623510931.1795776,0.0,-0.03892574459314346,0.005143702961504459,-0.009254548698663712,0.00014126396136747432,0.008952047119778539,0.3619178083060596,0.3084256052970886,0.13381393253803253,0.28039315342903137,0.025698298795474462,0.0935290363301262,-0.05261844542617473
911,1623510931.2140465,0.0,-0.03166339918971062,0.010993754491209984,0.0037034116685390472,0.0006030868850337295,-0.0013865901878171716,0.3633560742353843,-0.23059821128845215,0.30851730704307556,0.25482678413391113,0.08508143077893845,-0.17705319963035276,-0.01071276861892791
912,1623510931.2239623,0.0,-0.03150966390967369,0.01277836598455906,0.005398949608206749,0.0008967750183717649,0.0016583566177225673,0.36281391549393427,0.07832846790552139,0.26271092891693115,0.10036347061395645,0.08673832394797136,-0.06893502926175628,-0.009428353740589342
913,1623510931.2340155,0.0,-0.03152896836400032,0.015293433330953121,0.006384594365954399,0.0015228667364902138,0.007691071490019866,0.36102483939327407,-0.30836251378059387,0.1306181252002716,0.10782031714916229,0.04384143006168119,0.445203359082675,-0.1083414747396905
914,1623510931.2439945,0.0,-0.03284576162695885,0.015070630237460136,0.0076987165957689285,0.0010166928680893639,0.0024720733462873373,0.36211573453301943,-0.30410146713256836,-0.024910472333431244,0.07799291610717773,0.01672694762197854,0.1403561768404138,-0.05243164349528363
915,1623510931.253914,0.0,-0.031719569116830826,0.015618400648236275,0.008972113952040672,0.0005541447100585739,-0.0019487751433030498,0.36396851813611697,-0.3957142233848572,0.29466885328292847,0.10462452471256256,-0.04429947102986099,-0.4933453525011009,0.13851169184688705
916,1623510931.2638397,0.0,-0.03278117626905441,0.016044920310378075,0.010049751028418541,0.001160646063139592,0.003982318215149938,0.36346389795670897,0.02186945453286171,0.13807497918605804,0.0566876195371151,-0.00021614133838194772,-0.04682971675887316,0.10122358969399975
917,1623510931.2738876,0.0,-0.033082958310842514,0.019459128379821777,0.010555766522884369,0.0022468206475557487,0.007051970211548686,0.36496826529854715,0.8336009979248047,0.24353615939617157,0.05455709248781204,0.073916681978617,0.5294644648870024,0.001442175977711195
918,1623510931.2839613,0.0,-0.029831426218152046,0.01470731757581234,0.01532677561044693,0.0008727444066187889,0.003384134524836893,0.3671997359806481,0.15076646208763123,-0.3040097653865814,0.4508354663848877,-0.0065831934629113084,0.06041350997543349,0.1552646231276225
919,1623510931.2941322,0.0,-0.026723114773631096,0.011526248417794704,0.013998497277498245,0.00016517744969446468,0.00259755287727937,0.36724691040488555,-0.6130281686782837,0.37456369400024414,-0.21815060079097748,-0.10863198504924267,-0.2688262985939558,0.1444928096460994
920,1623510931.3038492,0.0,-0.029268143698573112,0.014563391916453838,0.01087048090994358,0.0011486242991601836,0.005511795903876661,0.36680412738891005,-0.11874546110630035,0.15192341804504395,-0.43652984499931335,-0.006022015054555168,0.07450099697485481,-0.012749342750993868
921,1623510931.3402421,0.0,-0.03307001292705536,0.007098199333995581,0.019707705825567245,-0.0001260533396149205,0.004963172556996652,0.36888290860865064,-0.04950326308608055,-0.4126667380332947,-0.18086634576320648,-0.047790572536461906,0.2005398130191195,-0.009974684411567025
922,1623510931.3502238,0.0,-0.03335963189601898,0.005034510511904955,0.0186023972928524,-0.0005534040507357008,0.004988108748178087,0.3690489313987639,0.13478748500347137,-0.1431548297405243,0.0012938702711835504,-0.12175039871252596,0.05474351866484381,0.022891030647439074
923,1623510931.3600755,0.0,-0.03387276828289032,0.007036034949123859,0.018502116203308105,8.419862184374377e-05,0.005033436254440457,0.369221167826597,0.05063159391283989,0.19879505038261414,0.07799291610717773,0.0003041059282232035,0.0039443571985672676,0.016106548088075143
924,1623510931.369937,0.0,-0.033420536667108536,0.008338051848113537,0.019369713962078094,0.0005393005554198485,0.004985491145925246,0.36935265930755934,0.11454745382070541,0.09972546994686127,0.07160133123397827,0.05338713850498441,-0.0010842810481731231,0.014898138051645728
925,1623510931.379997,0.0,-0.03393280506134033,0.008539419621229172,0.02049596607685089,0.0006171933455686313,0.005017082300196006,0.3692812185558414,0.09430743008852005,-0.0781736895442009,0.13871298730373383,0.032753964124682296,0.001663174362084115,0.0035302122042990803
926,1623510931.3901517,0.0,-0.033900488168001175,0.007078791968524456,0.021131455898284912,0.00024182388620930945,0.004834277834026859,0.36917915447096994,0.08152426034212112,-0.26566025614738464,-0.05836093798279762,-0.009615301742504022,-0.006471794148612582,-0.00885386231810601
927,1623510931.400113,0.0,-0.03367096558213234,0.00440190127119422,0.020117532461881638,-0.0004647028475849094,0.004546058413439656,0.36913655653956223,0.03891368582844734,-0.17830856144428253,-0.10736310482025146,-0.05331524622618238,-0.02405499252791643,-0.008463629316659537
928,1623510931.4101684,0.0,-0.03357553109526634,0.0032216410618275404,0.019341547042131424,-0.0007834073552176399,0.004183834426844134,0.3691508651719254,0.09111163765192032,-0.07497789710760117,-0.07860095798969269,-0.054841308179017986,-0.03283110855159999,-0.002802090640348426
929,1623510931.420083,0.0,-0.03350667282938957,0.0029599189292639494,0.018382109701633453,-0.0008269147414447856,0.003704564490343995,0.3691594334904794,0.02506524696946144,-0.03556311875581741,-0.09777572005987167,-0.02136257880196851,-0.04290983050154708,0.000696205877543865
930,1623510931.4300652,0.0,-0.033581364899873734,0.00319460011087358,0.017463255673646927,-0.0007430628460661989,0.0032819066323563975,0.3691701428887837,0.026130512356758118,0.010243253782391548,-0.09351466596126556,0.0005460175462397372,-0.0453831381821553,0.0012435638624216704
931,1623510931.4641533,0.0,-0.03454665467143059,-0.0008856276399455965,0.014964358881115913,-0.001800354247066073,0.001715480048967065,0.36921762332362845,-0.02500218152999878,-0.046215761452913284,-0.05196935310959816,-0.056818448188665854,-0.03324096026234738,0.0017096374827366998
932,1623510931.474297,0.0,-0.034913819283246994,-0.001263001118786633,0.014673275873064995,-0.0019195537151436085,0.0011993837841026284,0.3692676068302473,-0.014349537901580334,0.004916931502521038,-0.014685096219182014,-0.06968735516751956,-0.03909692983907981,0.003409450545659565
933,1623510931.4843092,0.0,-0.03518826141953468,-0.0012004675809293985,0.014554550871253014,-0.0013529380656416845,-0.0006180895573844047,0.37601402945817886,0.04317474365234375,-0.011062035337090492,0.009815986268222332,-0.06762770706866958,-0.040870793439999005,0.006168586321865538
934,1623510931.4942029,0.0,-0.034709684550762177,-0.0022826918866485357,0.014869283884763718,-0.0013232724800928547,0.00029552364889937066,0.37795961708060377,0.412821501493454,-0.2645949721336365,-0.01575036160647869,-0.06324381289810234,-0.04354963733080305,0.007789825844928087
935,1623510931.504277,0.0,-0.036117687821388245,-0.003030777908861637,0.014988070353865623,-0.0012085185970738127,-0.0014157900167013349,0.37971875141587047,0.08685058355331421,0.008112724870443344,0.009815986268222332,-0.015536764214240313,-0.06741344623900258,0.12913178423422442
936,1623510931.514155,0.0,-0.03358723595738411,-0.006463457364588976,0.014608949422836304,-0.001796019498904733,-0.0023274636484550415,0.37982681947553676,0.48419421911239624,-0.3743172287940979,-0.10310204327106476,-0.02796968387739843,-0.12373185566363316,0.09717890257080329
937,1623510931.5244482,0.0,-0.03392014652490616,-0.00995725765824318,0.013717101886868477,-0.0029510184344401363,-0.0018556638317054897,0.37945620752466663,0.5065647959709167,-0.19961385428905487,-0.2724791169166565,-0.08310655492880821,0.0020204081077320243,-0.007638404178457047
938,1623510931.534249,0.0,-0.03345688432455063,-0.009501843713223934,0.01016196794807911,-0.0025984849678115235,-0.0029887112992357245,0.37891459385762427,0.21574759483337402,-0.37644773721694946,-0.21069374680519104,-0.03534114492010517,-0.009595604028190253,-0.04877884310048765
939,1623510931.5441365,0.0,-0.03158385679125786,-0.008746511302888393,0.007311595603823662,-0.0018281397479716077,-0.006388935639763144,0.37954814411755955,0.20935599505901337,-0.5767174959182739,-0.08499255031347275,0.05360005871398184,-0.23225947959892376,-0.0019685433052487674
940,1623510931.5545523,0.0,-0.026930171996355057,-0.011988962069153786,0.00557703897356987,-0.0029745894640720444,-0.004176421805973302,0.3790133363686194,-0.2881225049495697,0.35964998602867126,-0.18725793063640594,-0.021016689003048594,-0.12066627709423351,0.015283390411871229
941,1623510931.5959008,0.0,-0.0057702455669641495,0.0015720137162134051,-0.002807704731822014,0.0015025553062829322,-0.000567248509734164,0.37914546520138265,0.9390621781349182,-0.002539919689297676,-0.07114411145448685,0.1237590273027644,-0.08866341995258889,0.004837657599872194
942,1623510931.6058965,0.0,-0.00013874452270101756,0.0021772023756057024,-0.0037399670109152794,0.001253954863276882,-0.001294347609451435,0.38010482834617065,0.27966344356536865,0.05711488798260689,-0.014685096219182014,0.16665278522566238,-0.17446180579049664,0.06470036909431738
943,1623510931.6155367,0.0,0.004446189384907484,0.0034903185442090034,-0.004567695781588554,0.0008790321161274983,0.0011172594351114007,0.38030819900214197,0.2668802738189697,0.08481176942586899,-0.03385985642671585,-0.023257616931621494,0.05400156980112924,0.06379102851818196
944,1623510931.625838,0.0,0.010070285759866238,0.002125840401276946,-0.005873043090105057,0.0005563718300063136,0.0003405023761554743,0.38174858762590186,-0.047372736036777496,-0.3881656527519226,0.09290661662817001,-0.03769668769529802,0.10651461204938531,0.07441857114906465
945,1623510931.6362908,0.0,0.004409310407936573,-0.00352024519816041,-0.0034837964922189713,-0.0010012429905341194,0.00045325916152034323,0.3835142492348814,-0.5384596586227417,-0.9815179705619812,0.05881815031170845,-0.08362224366299965,-0.02023647682993731,0.16610928107432785
946,1623510931.6456778,0.0,-0.002091645263135433,-0.007123980671167374,-0.004821407608687878,-0.001973462011835826,0.0009132270462209949,0.38464983135521996,-0.9389990568161011,0.503460705280304,-0.1840621381998062,-0.1393090080043576,0.008542647652934722,0.15590183417851716
947,1623510931.6555638,0.0,-0.006215628702193499,-0.0018297579372301698,-0.008721758611500263,-0.00045654628694793975,0.0010293125389605404,0.385763178875399,-0.35949522256851196,0.9434149265289307,-0.6591700911521912,-0.004034327198652041,0.021448778215716297,0.11879111659599366
948,1623510931.66577,0.0,-0.006501876749098301,0.0051648300141096115,-0.013363040052354336,0.0015329291188819066,0.0008614668013249491,0.3863928808460018,-0.17200867831707,0.9050654172897339,0.2377825826406479,0.17543621777494978,0.006106554906023745,0.09447447565429744
949,1623510931.6757221,0.0,-0.00916660763323307,0.01529406663030386,-0.011230234988033772,0.004435265992848068,0.0026265323495116358,0.3865295637383389,-0.3254067599773407,0.602530300617218,0.43379122018814087,0.2603286797094693,0.07339907629678404,0.04294311154769282
950,1623510931.6857462,0.0,-0.008829064667224884,0.013222712092101574,-0.0029135961085557938,0.0039195092286073915,0.003570927319769192,0.38654961235082064,0.22533497214317322,-0.6331765055656433,1.4244872331619263,0.14716671034140974,0.13334150396073957,0.010507957151067499
951,1623510931.724725,0.0,-0.019659344106912613,-0.002013648394495249,-0.015733802691102028,0.00021442007008913577,0.004978529433300259,0.38737883174094045,-0.5586996674537659,1.4025439023971558,0.04923076927661896,-0.25165242624076894,0.1794828773978238,0.00201403990902905
952,1623510931.7318304,0.0,-0.02313692681491375,0.00324205681681633,-0.013853692449629307,0.001829771546567105,0.00516362052761455,0.38735033638249144,0.1987033635377884,0.2190350890159607,0.32726478576660156,-0.09432413088973544,0.19941462616106864,0.0002582050308775997
953,1623510931.7416685,0.0,-0.023746205493807793,0.004558177199214697,-0.00791482999920845,0.0023551662649558894,0.005115086005581963,0.3874005907362907,-0.002631629351526499,0.4043911099433899,0.5925156474113464,0.18566601179452957,0.061759363860178995,0.0037401161850230164
954,1623510931.751647,0.0,-0.025115637108683586,0.007271448150277138,-0.007007022388279438,0.0031101535224333787,0.005472817016105656,0.3872014663332664,0.21894338726997375,0.1348791867494583,-0.34385183453559875,0.07610698959613708,0.012598338891276567,-0.00649237400286987
955,1623510931.762119,0.0,-0.02493920363485813,0.007731499150395393,-0.010090816766023636,0.003320825319488109,0.006096362208155626,0.3867593486456124,-0.002631629351526499,-0.045150499790906906,-0.11801574379205704,0.055682121487645606,0.04938797772283613,-0.030760721956970265
956,1623510931.7725646,0.0,-0.026142477989196777,0.0057564047165215015,-0.009028073400259018,0.0027961096074268638,0.0063827805459165735,0.38652120767892756,-0.021806389093399048,-0.49682262539863586,0.21115097403526306,-0.005083088444539019,0.046848037643471896,-0.038845420244202636
957,1623510931.7818406,0.0,-0.025052325800061226,0.000527225318364799,-0.009182848036289215,0.0014107859789894636,0.005873086409928764,0.38664286622372057,0.06021897494792938,-0.4158625304698944,-0.18832319974899292,-0.0941534508911077,-0.015114428621274894,-0.009319360699401822
958,1623510931.791541,0.0,-0.025710927322506905,0.0003630380961112678,-0.011132696643471718,0.0014254398267611254,0.005989528778994939,0.3865716928177661,0.0410442128777504,0.23820984363555908,-0.17340949177742004,-0.08868770555294149,-0.027739360642493452,0.005000604519954167
959,1623510931.8017151,0.0,-0.025877680629491806,0.003907250240445137,-0.011957250535488129,0.0024857429056570138,0.0060260860277861275,0.38629976731896726,-0.02074112370610237,0.38415107131004333,0.018338100984692574,0.039717608183341996,0.003875659266917838,-0.015534415232768817
960,1623510931.8117564,0.0,-0.026422297582030296,0.007350914180278778,-0.01089608296751976,0.0034959264307512644,0.00616875016252217,0.38615113697874726,0.07939372956752777,0.213708758354187,0.1813235729932785,0.10710433596430405,0.010969661827480204,-0.02298814079907726
961,1623510931.8502245,0.0,-0.026533005759119987,-0.000714815512765199,-0.005574335344135761,0.001457335913183616,6.973445127443634e-05,0.39667668699857983,-0.32434147596359253,0.22010034322738647,-0.028533535078167915,0.06368566631798499,-0.014469978363543294,0.01721893627718714
962,1623510931.86011,0.0,-0.02782205119729042,0.001176152378320694,-0.005738125182688236,0.0015745875286505562,-0.0008397605298324645,0.397232070238087,-0.1070275530219078,0.2414056360721588,0.032186537981033325,-0.03693770682907662,-0.11275187320000206,0.11538526246029199
963,1623510931.8701038,0.0,-0.03185976296663284,0.003030119463801384,-0.004982876591384411,0.0021000628937112714,0.002268406566813194,0.39686162427061045,-0.35523414611816406,0.18388135731220245,0.03431706875562668,0.023983697377720013,0.07624233955705051,0.02565174071634793
964,1623510931.8800197,0.0,-0.03197426721453667,0.0024184014182537794,-0.0019406592473387718,0.002068271799399002,0.0015841391752839246,0.3964693592717725,-0.12833282351493835,0.15511921048164368,0.24097837507724762,0.017129394857027653,0.1528562928736565,-0.03988677884764038
965,1623510931.88999,0.0,-0.031769078224897385,0.0035298431757837534,0.00046960823237895966,0.0017003759076421598,-0.00714750477849449,0.39739786349757344,-0.6758787631988525,1.0488760471343994,0.09184135496616364,-0.01434905435308135,-0.40354779072335545,0.01662110603609755
966,1623510931.9001403,0.0,-0.03206256031990051,0.008139531128108501,0.0016543325036764145,0.0030836027992252324,-0.006068222321412506,0.39756652480654575,0.7313355803489685,-0.3050750195980072,0.2186078280210495,0.07767647554113344,-0.4266173163435445,0.06757039597391382
967,1623510931.91,0.0,-0.029894452542066574,0.008610504679381847,0.0041626691818237305,0.002954362627210508,0.0019055570018707696,0.3950928869227748,0.4309310019016266,0.7175788283348083,0.19623726606369019,0.07638389491681132,0.38687150227109707,-0.08276416376147237
968,1623510931.9204109,0.0,-0.02797485888004303,0.005639970768243074,0.009185738861560822,0.0016599390007845938,-0.0001126583923235086,0.3943493388286021,0.17633280158042908,-0.4989531636238098,0.4689449667930603,-0.053474847239411656,0.36590900651220915,-0.17522354003273516
969,1623510931.9299383,0.0,-0.02475898340344429,0.002469336614012718,0.011402612552046776,0.00014277388266999147,-0.008799621282923026,0.3967188917730028,0.5768722295761108,-0.5202584266662598,0.13764771819114685,-0.1335165537288222,-0.4556185073590744,0.046307438014431025
970,1623510931.940384,0.0,-0.02562805451452732,0.0008275060681626201,0.012044070288538933,7.456994468112155e-05,-0.00689522404680383,0.39855771513985133,-0.1304633617401123,0.2850814759731293,0.1770625114440918,-0.10788910220408829,-0.47007153100453,0.22087561084521481
971,1623510931.9784212,0.0,-0.011053989641368389,-0.0051745278760790825,0.021931353956460953,-0.00012806522135769965,0.0008634761630866364,0.40008142406583835,0.27966344356536865,-0.5000184178352356,0.46255338191986084,-0.052894943629293305,-0.08742490627973859,0.23797428269859788
972,1623510931.9889672,0.0,-0.00675205746665597,-0.006211019121110439,0.023424677550792694,-0.0004077714080786138,-0.0004929218463571236,0.4004702751903614,-0.005827422719448805,0.19879505038261414,0.15469194948673248,-0.07015398080612763,-0.22109635529464047,0.1998696427616989
973,1623510931.9987335,0.0,-0.005687207914888859,-0.0038545792922377586,0.023912981152534485,0.00017946351818124567,0.0013116949130073594,0.3988792429421259,0.13691802322864532,0.214774027466774,-0.0594262033700943,-0.0003838902202658721,-0.021372443265428556,-0.030137203605454483
974,1623510932.0084138,0.0,-0.006782128009945154,-0.0008463268168270588,0.02483590692281723,0.0009546906121572149,0.002496198246516486,0.39875014888136256,-0.2881225049495697,0.4054563641548157,0.2558920681476593,0.06650684143426235,0.16493890920481166,-0.10445215713192092
975,1623510932.0182061,0.0,-0.006894272286444902,-0.00017409000429324806,0.027539357542991638,0.0011365645469463559,0.0011834809181636638,0.4001053206693084,0.15928857028484344,-0.04301996901631355,0.2708057761192322,0.05446603496927022,0.026585753483934983,0.0436121765440616
976,1623510932.0285723,0.0,-0.008178336545825005,-0.0014358903281390667,0.03040306642651558,0.0007296920785266753,0.0003400143421570731,0.40125956292776477,-0.2007708102464676,-0.15593799948692322,0.29104578495025635,-0.0020102046517435877,-0.11441983169970169,0.13212015130017202
977,1623510932.038249,0.0,-0.009941267780959606,-0.0036037834361195564,0.03178685903549194,5.772700201835124e-06,0.0013107160543950683,0.40136884778647786,-0.22101083397865295,-0.28057393431663513,-0.027468271553516388,-0.05264292797164043,-0.024662370670154237,0.07978124592438786
978,1623510932.0482502,0.0,-0.011243213899433613,-0.006341391708701849,0.030551083385944366,-0.0008449046933257862,0.0021297919064886747,0.4010825346186475,-0.1581602394580841,-0.17191697657108307,-0.14464735984802246,-0.08010067991076265,0.08523317058270424,-0.002054809033895938
979,1623510932.0583413,0.0,-0.01275053434073925,-0.0056142378598451614,0.02883666381239891,-0.0007023241598455368,0.002016970460756863,0.4010301152633619,-0.03565482795238495,0.17642450332641602,-0.1989758461713791,-0.04507743395030175,0.050775667429178835,-0.02056514104326492
980,1623510932.068702,0.0,-0.013459413312375546,-0.0025121644139289856,0.02698296308517456,0.00015616262789445307,0.001060275771897802,0.40122802065144625,-0.079330675303936,0.4097174108028412,-0.14890842139720917,0.03916363423045364,-0.051965802675728014,0.0030278035322046245
981,1623510932.1028872,0.0,-0.015351208858191967,-0.005207092501223087,0.024339839816093445,-0.0006567160650116713,0.0011115028705320426,0.4008388457621987,-0.026067446917295456,-0.16978643834590912,-0.16808317601680756,0.005769702016766559,-0.0369904945877047,0.0036586449981918547
982,1623510932.112777,0.0,-0.015330636873841286,-0.005897097289562225,0.023165881633758545,-0.000868757440300405,0.0009355616744550418,0.4008022486600733,0.06767582148313522,0.023026425391435623,-0.09777572005987167,-0.05039722529306399,0.010381077482615046,-0.009079728180300034
983,1623510932.1237488,0.0,-0.015156044624745846,-0.004596990067511797,0.022330597043037415,-0.0005154144095582888,0.0005373227104456743,0.40082701932143283,0.08578531444072723,0.18814241886138916,-0.0690135806798935,0.0014221302731041647,-0.024739237736082942,-0.0012372268509338693
984,1623510932.1328547,0.0,-0.015266894362866879,-0.002867039991542697,0.02177172526717186,1.007615210279339e-05,0.0002869647051474897,0.4008336701976292,0.016543131321668625,0.13274866342544556,-0.029598798602819443,0.04687676011071255,-0.03235971120075316,0.0019280592976423216
985,1623510932.1428566,0.0,-0.015690352767705917,-0.0024007409811019897,0.02151854708790779,0.0001410160122910925,0.0001670791419757442,0.40084438707790626,0.008021015673875809,-0.04301996901631355,-0.011489302851259708,0.03996779686537386,-0.021732525439195637,0.0012235950880934482
986,1623510932.1529336,0.0,-0.01614687219262123,-0.0034085458610206842,0.02145664393901825,-0.00011565699964605908,-4.4830619989950915e-05,0.4008640312119026,-0.04524220898747444,-0.11119689047336578,-0.01255456730723381,-0.0033467595624308163,-0.017601220070959937,0.0019254943442954657
987,1623510932.1629498,0.0,-0.016415543854236603,-0.003951806575059891,0.021609771996736526,-0.0002686302028950954,-0.00031010170373792917,0.40089059491335804,-0.009023215621709824,-0.003605184145271778,0.017272837460041046,-0.021607718909222886,-0.02308169775776156,0.0025511408065736173
988,1623510932.173171,0.0,-0.01663832552731037,-0.0033446871675550938,0.02185364067554474,-7.941893265888539e-05,-0.0005384045496006004,0.4009175566708661,0.0016294285887852311,0.11996549367904663,0.035382334142923355,-0.0019918415953447876,-0.02365817525704093,0.0031655277452078464
989,1623510932.18363,0.0,-0.016582276672124863,-0.002191330073401332,0.022179313004016876,0.0008670208297027887,-0.0013188127684452822,0.4053895564835202,0.02932630479335785,0.11037811636924744,0.04070865362882614,0.018722129945118952,-0.027604304000717055,0.005041640534622059
990,1623510932.1929662,0.0,-0.016378913074731827,-0.0017508354503661394,0.02276594564318657,0.0012072556600838114,-0.001890107688473891,0.40689783061075613,0.09963375329971313,0.0517885647714138,0.074797123670578,0.02510133883849448,-0.031605750494267504,0.011669040301628977
991,1623510932.2297044,0.0,-0.016457147896289825,-0.0013835011050105095,0.018882986158132553,0.0006245474871883067,-0.006189869111127566,0.40953480545710863,-0.022871654480695724,-0.05580314248800278,-0.42268139123916626,0.01121686373099154,-0.060365240505477244,0.02914729188285938
992,1623510932.2399783,0.0,-0.015574201941490173,-0.00031493004644289613,0.01504066213965416,0.0005567636351776623,-0.006418591998940459,0.4089666142719354,0.3361224830150604,0.3159741461277008,-0.4674225151538849,-0.019605719077082227,-0.07531647108862663,-0.0070974107744902395
993,1623510932.2492547,0.0,-0.010753381997346878,-0.000983853591606021,0.012232696637511253,0.0006003296684104625,-0.004746021039028797,0.40723563581024,0.6599628925323486,0.025156956166028976,-0.28952333331108093,-0.004461929771992502,0.061525557233488126,-0.10930516910856355
994,1623510932.2596028,0.0,-0.0061032734811306,0.0017356479074805975,0.00782414898276329,0.0011337023606683566,-0.006794554611495349,0.40682556968596717,0.6812681555747986,0.1487276256084442,-0.47914040088653564,0.03140368976339434,0.03774791074775919,-0.12311081949648608
995,1623510932.2695003,0.0,-0.0023422474041581154,0.0064224973320961,0.003593800589442253,0.002539787286266526,-0.013118109407936979,0.40829886267684967,0.3925814926624298,0.06031068041920662,-0.3001759946346283,0.10419145145069925,-0.38302092451308345,0.033515562556205004
996,1623510932.2794623,0.0,-0.00025214371271431446,0.014840783551335335,-0.0009314455091953278,0.004227602351138934,-0.00913232603116479,0.4087479069590564,0.13691802322864532,0.7346230745315552,-0.3981803059577942,0.1547968679664088,-0.23381930212034643,0.11572615714190815
997,1623510932.2892213,0.0,0.004596143029630184,0.01692749187350273,-0.0026282817125320435,0.004091763156020611,-0.004791892565458977,0.4066841185528814,0.15289698541164398,0.25844985246658325,-0.09564518928527832,0.0841324917714821,0.3790027872725098,-0.05784298291077202
998,1623510932.2994754,0.0,0.007602803409099579,0.020223263651132584,-0.002241036854684353,0.0045655244081685975,-0.007638545776368855,0.40675383305913143,0.1752675324678421,0.5503323078155518,0.03005601093173027,0.021025080740361784,0.1728852625589392,-0.12023329987893659
999,1623510932.3093593,0.0,0.009544750675559044,0.022840647026896477,-0.002598538063466549,0.005021873350727582,-0.01599688574495671,0.4104283742083707,0.3190782368183136,0.7314273118972778,-0.08818834275007248,0.04215703128170836,-0.5139294421876689,0.15071184483531486
1000,1623510932.3196237,0.0,0.011120995506644249,0.02438943088054657,-0.004308787174522877,0.0049840679196905685,-0.013503186283424007,0.4114827599178161,0.8218830823898315,-0.12078427523374557,-0.2948496639728546,0.0311452675061876,-0.4519793467281721,0.27498654272462847
1001,1623510932.357676,0.0,0.0017390442080795765,0.017586039379239082,-0.01654156483709812,0.0035369895619645764,-0.0065025531300646755,0.4086266319731413,0.4383878707885742,2.1972312927246094,-0.06368725746870041,-0.06660122098328605,0.22246801953893588,0.08826384939555525
1002,1623510932.3678026,0.0,0.0004671230271924287,0.022336086258292198,-0.013728697784245014,0.005133960713032161,-0.007577661914851042,0.4095544953686044,0.20935599505901337,0.01130851823836565,0.3943764567375183,0.07946623561144037,0.17162412215639747,0.0385940126331132
1003,1623510932.3780463,0.0,-0.0017327233217656612,0.019309092313051224,-0.005654407665133476,0.004520994549565838,-0.009724546539329734,0.41065099719528925,-0.3957142233848572,-0.32211926579475403,0.7118252515792847,0.10368450646211866,-0.15189704239510715,0.1030241309796936
1004,1623510932.3877528,0.0,-0.0027028725016862154,0.014183214865624905,-0.007939903996884823,0.0032072759732844625,-0.010282365900884903,0.4113562683085841,-0.3669520616531372,-0.8526209592819214,-0.617624819278717,-0.08175299831297686,-0.16788438735241476,0.10242478125391864
1005,1623510932.3978436,0.0,-0.0059501174837350845,0.008488696999847889,-0.013125435449182987,0.0017556000139274108,-0.008034572686504766,0.411398768123573,-0.42554160952568054,-0.5128015875816345,-0.3193507492542267,-0.14161328888616512,0.0526526557791988,0.04724277498894599
1006,1623510932.407857,0.0,-0.005831859540194273,0.01122081745415926,-0.014974405989050865,0.002691703029376054,-0.008845849108727918,0.41159377825182286,-0.41701948642730713,0.12209602445363998,-0.276740163564682,-0.05083974323950064,0.08691963910686876,0.012475646630689724
1007,1623510932.418143,0.0,-0.007620730437338352,0.014165151864290237,-0.01589694246649742,0.00374773505197009,-0.009313190789510123,0.41187267510242176,0.6386575698852539,0.3340836465358734,-0.08499255031347275,0.08358338046839944,-0.03471257448640454,0.022482376591504004
1008,1623510932.4276886,0.0,-0.009780255146324635,0.01982705295085907,-0.015863675624132156,0.00554706891805308,-0.008994629224253717,0.41190313314267296,-0.4361942708492279,0.3255615234375,0.2516309916973114,0.1458014178543999,-0.01856309249415184,0.017912896927091738
1009,1623510932.4376335,0.0,-0.011184289120137691,0.0185334961861372,-0.010771205648779869,0.005312055960318612,-0.008462588008890201,0.4117523285261898,0.23172655701637268,-0.44142886996269226,0.6766715049743652,0.10026868550815764,0.029972278331773034,-0.0032608111632807676
1010,1623510932.4478245,0.0,-0.010897012427449226,0.01292928121984005,-0.003533618524670601,0.003839406229241671,-0.008658262182322823,0.41164812981341253,-0.16561709344387054,-0.5777827501296997,0.2931763231754303,-0.07073733727707053,0.019177675951690166,-0.014002659602427458
1011,1623510932.4846761,0.0,-0.012122753076255322,0.011555434204638004,-0.012267474085092545,0.0037537389155878204,-0.008811299773545257,0.4115066410567607,-0.062286440283060074,0.13700972497463226,0.12379928678274155,-0.08954867002291347,-0.014033384166160673,-0.008745634901108437
1012,1623510932.4941194,0.0,-0.011338490061461926,0.009889775887131691,-0.00943102315068245,0.0033758914543221413,-0.008813801127484568,0.41145441505276703,0.09963375329971313,-0.34342455863952637,0.3347216248512268,-0.023425281075163226,-0.003947275392989116,-0.004563212399662308
1013,1623510932.5040405,0.0,-0.01145116426050663,0.006645471788942814,-0.005998258478939533,0.0024702906844036865,-0.008839815853672828,0.41139907898217964,-0.0889180526137352,-0.36366456747055054,0.2942415773868561,-0.05546695111841495,-0.004389129171122357,-0.005112208046127691
1014,1623510932.514073,0.0,-0.011457485146820545,0.0033814103808254004,-0.006688232533633709,0.0015303757569928786,-0.008547651167046103,0.4113300355455136,0.07832846790552139,-0.27844342589378357,-0.2447822093963623,-0.09441899235797975,0.012763750802143937,-0.005821693769166967
1015,1623510932.5247083,0.0,-0.012002143077552319,0.0033112657256424427,-0.009244401007890701,0.0014873522079377755,-0.008545272292269597,0.41138754803532485,-0.11448439955711365,0.07628965377807617,-0.24158641695976257,-0.06003307984213818,0.01981721029933244,-0.0013538080353417026
1016,1623510932.5340397,0.0,-0.01183210127055645,0.003952738828957081,-0.010418931022286415,0.0015452825040052909,-0.012673008578041156,0.41391403450543623,-0.01221900898963213,0.040070656687021255,-0.03066406399011612,-0.03290100805365645,0.0018308876378458692,0.004217547666093779
1017,1623510932.544125,0.0,-0.012422287836670876,0.002843777183443308,-0.01017121970653534,0.001541872146077372,-0.013613839045233236,0.41553149451677296,-0.26788246631622314,-0.147415891289711,0.07799291610717773,-0.031226137811556292,0.0032176671020531693,0.009758092860238331
1018,1623510932.5539763,0.0,-0.014012117870151997,0.0006481361924670637,-0.008842987939715385,0.0010764558681912034,-0.015982313196525155,0.41800742482640824,-0.41701948642730713,0.032613806426525116,0.00875072181224823,-0.03448577587085853,-0.07229170622087064,0.09512754935463133
1019,1623510932.5640788,0.0,-0.013304878026247025,-0.0005452257464639843,-0.008920040912926197,0.0008323540341955427,-0.017164620150447313,0.4185946550443037,0.07193688303232193,-0.03023679554462433,-0.02640300616621971,-0.037681141009578846,-0.18165853849186647,0.1562765833687618
1020,1623510932.574726,0.0,-0.01445307582616806,-0.0007575395866297185,-0.009140724316239357,0.0012291460944001686,-0.013180813789284554,0.41766768809690763,0.28925085067749023,-0.0781736895442009,0.12273402512073517,0.010603677342373406,0.13658291548055304,0.0015833842480661396
1021,1623510932.613593,0.0,-0.008098969236016273,-0.0020074695348739624,0.004904193803668022,-0.00038482848336711395,-0.025572281582811246,0.41820392942109197,-0.040981147438287735,-0.3423592746257782,0.5371218919754028,0.0007519055272498463,0.037549186786698004,-0.06165168827902725
1022,1623510932.6233203,0.0,-0.0070588854141533375,-0.0030910917557775974,0.009125437587499619,-0.0008299029308139333,-0.02470822442760147,0.4177603513612044,0.07300214469432831,-0.18789593875408173,0.4039638340473175,-0.045690042537206245,-0.08782249785061892,-0.0417020687404655
1023,1623510932.6334503,0.0,-0.005733390338718891,-0.0051770140416920185,0.013827743008732796,-0.0010013373228528605,-0.018418138805160203,0.4165476121108042,0.05808844417333603,0.18068556487560272,0.45296597480773926,-0.0404826184525618,0.2956524918841072,-0.07497931193869002
1024,1623510932.6437314,0.0,-0.0027497720438987017,-0.006322955247014761,0.017943348735570908,-0.0012337784580879335,-0.02041046343461525,0.4159881605899324,-0.05696011707186699,-0.20067910850048065,0.44018280506134033,-0.024461086694386514,0.3062447892913893,-0.09962763844259248
1025,1623510932.653526,0.0,-0.0026089733000844717,-0.008412493392825127,0.02252524346113205,-0.001478387167986303,-0.0281090880263742,0.4179863682334447,0.36808040738105774,-0.6171975135803223,0.3954417109489441,-0.017615876802231704,-0.41869285483416874,0.061162072796173354
1026,1623510932.6635036,0.0,-0.0011727029923349619,-0.010199007578194141,0.024915184825658798,-0.0018117226781488027,-0.025874893750052808,0.4188972839610315,-0.6407250165939331,0.32236573100090027,0.17812778055667877,-0.03882046041591676,-0.45140876171206645,0.16402462623602204
1027,1623510932.6736476,0.0,-0.002144859405234456,-0.008284654468297958,0.02548406645655632,-0.0010553356709889009,-0.017619927615624177,0.41680929696383995,0.14863592386245728,0.5151786208152771,-0.05090408772230148,0.00796327076749961,0.4730135230603891,-0.0313642413838916
1028,1623510932.683498,0.0,0.005048696883022785,-0.009368483908474445,0.027259845286607742,-0.0010828542981512063,-0.023356429465370997,0.41964641345854836,1.8839516639709473,-0.6811133623123169,0.536056637763977,0.04944801422642524,0.2834114781441826,0.02252932287542338
1029,1623510932.6937535,0.0,0.0020652401726692915,-0.00916200876235962,0.032812781631946564,-0.0011663490877925134,-0.024935821125915858,0.41959770073718183,0.2359876185655594,-0.03769364580512047,0.45296597480773926,-0.004183787330905137,-0.3670190180245024,0.13712992902120885
1030,1623510932.703465,0.0,0.0038433163426816463,-0.012705075554549694,0.036212462931871414,-0.0022838461059500187,-0.023574197841251393,0.4191176900840884,0.4266699552536011,-0.13143692910671234,0.23991310596466064,-0.06360487863820849,-0.08793864200830277,-0.013342729196535822
1031,1623510932.7418103,0.0,-0.0032259952276945114,-0.0011953366920351982,0.03650161623954773,0.00016680048536726194,-0.023439106443708925,0.42103928467167034,-0.2710782587528229,0.2701677680015564,-0.1244073361158371,0.08895708641701668,0.13217497343025839,-0.008612330464736234
1032,1623510932.7510188,0.0,-0.0055472454987466335,3.264671249780804e-05,0.03478740528225899,0.00039302302495745206,-0.024188116711365427,0.42124582266029353,-0.47134798765182495,0.07309386134147644,-0.19578005373477936,0.16523353501687732,0.04290213095020887,0.024728971321237078
1033,1623510932.7610161,0.0,-0.007687040604650974,-0.0025783744640648365,0.03345637023448944,-0.00047135622529474036,-0.025272360942268694,0.4218834105476975,-0.16135603189468384,-0.4201235771179199,-0.12121153622865677,-0.016097288628348683,-0.0840322696279752,0.03770935464051521
1034,1623510932.7708716,0.0,-0.009149981662631035,-0.006956101395189762,0.031038053333759308,-0.0018176586067806255,-0.025624836861752022,0.4223141865823671,-0.1773349940776825,-0.48723524808883667,-0.2916538715362549,-0.10401445295042744,-0.08339109749558467,0.05639267935531925
1035,1623510932.7811394,0.0,-0.00933767855167389,-0.010625691153109074,0.028011415153741837,-0.002911427556821375,-0.025627579655552138,0.4221945601195318,-0.09957069903612137,0.002786402590572834,-0.3417212963104248,-0.13240375745795618,-0.03219488945012162,0.022833432182434745
1036,1623510932.7910051,0.0,-0.009797138161957264,-0.007107537239789963,0.023579977452754974,-0.001975964061639801,-0.025388746987733538,0.4220112516761506,0.0825895220041275,0.43954482674598694,-0.4865972697734833,-0.026465738858244534,0.012940882842996377,-0.01509231100406094
1037,1623510932.8015506,0.0,-0.009705298580229282,-0.0006217194022610784,0.019293028861284256,-0.000161724738407254,-0.02605032662524008,0.4220481531848582,-0.0750696137547493,0.8198442459106445,-0.3193507492542267,0.12764665788269997,-0.017310494948624758,-0.010226678174716427
1038,1623510932.81104,0.0,-0.010105367749929428,0.003769902279600501,0.018125366419553757,0.0010719035215125822,-0.0267990745196936,0.4221751652780137,0.03678315505385399,0.14127077162265778,0.06840553134679794,0.16553887642358975,-0.07522578511996972,0.009393723341424333
1039,1623510932.821166,0.0,-0.01046321727335453,0.0006545165670104325,0.02165205404162407,0.00021611594438711995,-0.0271689158431936,0.42231035389975147,0.08365479111671448,-0.3743172287940979,0.4263343811035156,0.04598214527133804,-0.06599160675777858,0.013664270973197782
1040,1623510932.83127,0.0,-0.009897344745695591,-0.004130912479013205,0.02167767658829689,-0.0011813529908607512,-0.02724696362715639,0.4221294737725885,0.09963375329971313,-0.5554121732711792,-0.34811288118362427,-0.09708040227665987,-0.024768777908856048,-0.0015686123326830517
1041,1623510932.8686829,0.0,-0.010415712371468544,0.007481737062335014,0.01136218011379242,0.0018397822629795668,-0.02935515524892362,0.4213149185129451,0.008021015673875809,0.3447362780570984,0.2420436441898346,0.08240474782459059,-0.01954334038001425,-0.018279539284603775
1042,1623510932.8786292,0.0,-0.010924574919044971,0.008693814277648926,0.014925889670848846,0.0022796529753986786,-0.029901198113121814,0.4212136229539864,-0.021806389093399048,-0.00040939077734947205,0.4263343811035156,0.18236139573610394,-0.04705769966456147,-0.016487644359513633
1043,1623510932.8889556,0.0,-0.011035983450710773,0.007179213222116232,0.019786782562732697,0.0018452909642196758,-0.03504919668608847,0.4267496877241178,-0.0005011003231629729,-0.24861600995063782,0.5435134768486023,0.19505535911880517,-0.054129185110332434,-0.015017672390198857
1044,1623510932.898502,0.0,-0.010989060625433922,0.004435259383171797,0.024308469146490097,0.0006355323515775807,-0.03396392307551355,0.4284976093485899,-0.30410146713256836,-0.07604316622018814,0.33259111642837524,0.1978255930143545,-0.05666985166758478,-0.016152813190959674
1045,1623510932.908664,0.0,-0.010763679631054401,0.004799537360668182,0.02304910495877266,0.00030515058544321183,-0.03441891934156677,0.42897347096990357,0.10282954573631287,0.3543236553668976,-0.26502224802970886,0.042438597799244526,-0.02226273230899388,0.059672218575645815
1046,1623510932.9192307,0.0,-0.008873987942934036,0.008073464967310429,0.020288322120904922,0.001073269878016439,-0.03515468103891811,0.42879328421951857,-0.05269905924797058,0.8518021702766418,-0.32680758833885193,0.011404449812736047,-0.043237595720310724,0.025136957499435075
1047,1623510932.9285126,0.0,-0.00828735250979662,0.011671804822981358,0.018502727150917053,0.002333046555815066,-0.03672343068933401,0.428899997143941,0.6024385690689087,0.09226862341165543,0.0471002422273159,0.11589982752400377,-0.10240802368287151,-0.00542855460328973
1048,1623510932.938529,0.0,-0.002647987101227045,0.013157583773136139,0.01867586001753807,0.0026235165200246685,-0.037319798296590795,0.4284016849772595,0.580068051815033,0.26164567470550537,-0.15530000627040863,0.08350816797527971,-0.1151793273429848,-0.020665102936544194
1049,1623510932.9486997,0.0,0.0023947637528181076,0.017911558970808983,0.01668781414628029,0.0035092769430914716,-0.0375528417931318,0.4275989297995587,0.33079615235328674,0.6824251413345337,-0.4056371748447418,0.051465908784460036,-0.0463329219113402,-0.06359803335328808
1050,1623510932.958612,0.0,0.007712176069617271,0.02402842789888382,0.012785801663994789,0.004795391126172138,-0.037547151274151605,0.42712020387035976,0.23705287277698517,0.7921473383903503,-0.17447476089000702,0.11248364964891513,-0.019337948376270613,-0.06598000148950549
1051,1623510933.0016313,0.0,0.03839239850640297,0.05563856661319733,0.00016647949814796448,0.010696146441154866,-0.0365313657865278,0.427862996125128,0.48419421911239624,0.7122524976730347,-0.3129591643810272,0.5488162711676702,-0.40396970930545484,-0.025742348450608604
1052,1623510933.011643,0.0,0.041521500796079636,0.06181691586971283,-0.0026386920362710953,0.011193365516580192,-0.03608697156021019,0.42842700349654883,0.4032341241836548,0.7932126522064209,-0.3321339190006256,0.4886624208488962,-0.35704317024619603,0.030886189559284103
1053,1623510933.02149,0.0,0.04796217754483223,0.0646515041589737,-0.005751068703830242,0.011109713620089973,-0.03507406718645803,0.4285199089488273,1.1244181394577026,-0.7887051105499268,-0.02640300616621971,0.05881737362681409,0.07782901093905248,0.03585852482684099
1054,1623510933.0311568,0.0,0.04401607811450958,0.061365533620119095,-0.006101733073592186,0.009687491569692543,-0.03384050041728357,0.4299835456900367,-1.438608169555664,-0.6875049471855164,-0.2266727238893509,-0.058348230300160175,0.11919564241008188,0.05517707948584104
1055,1623510933.0411282,0.0,0.04119695723056793,0.052876945585012436,-0.009747810661792755,0.007791202710945168,-0.035101000597928915,0.4324236280415726,-0.6545735001564026,-1.4054932594299316,-0.5419909954071045,-0.1815363202748305,0.00447787633505902,0.19585756317026717
1056,1623510933.0511808,0.0,0.030589614063501358,0.04838383570313454,-0.013645458966493607,0.0070778155443962515,-0.03327402213960181,0.4343971467412755,-1.4354124069213867,0.009177989326417446,-0.2628917396068573,-0.14522170987988298,0.03857518232816155,0.2271431699539039
1057,1623510933.0614386,0.0,0.027977967634797096,0.049339741468429565,-0.017223572358489037,0.007914824045750592,-0.03459299327765806,0.43574743454063325,-0.49371853470802307,0.06244121119379997,-0.415224552154541,-0.0029749815048546588,0.03980502138340069,0.16613559680657392
1058,1623510933.0713887,0.0,0.02474227175116539,0.05602410435676575,-0.020364562049508095,0.010239411673756783,-0.03361601845268127,0.4363756220522427,-0.5629607439041138,0.7708420753479004,-0.2639569938182831,0.1472243346361767,-0.021186705709524408,0.11006900583586257
1059,1623510933.0811548,0.0,0.022947637364268303,0.05895338952541351,-0.019639693200588226,0.011283438970632512,-0.03285442662269464,0.4365602039570063,0.015477865934371948,-0.02597573772072792,0.3858543336391449,0.1802351679764741,0.0857355784022066,0.050493852731393535
1060,1623510933.091782,0.0,0.021015649661421776,0.05574865639209747,-0.013329756446182728,0.01061835685429912,-0.03240850251644931,0.4364903806639712,-0.4915879964828491,-0.3412940204143524,0.5381871461868286,0.03822479009897083,0.05930408099912611,0.0073184363455336176
1061,1623510933.1281059,0.0,0.008849441073834896,0.04722078889608383,-0.01487736962735653,0.009793437387516687,-0.03012101681926279,0.4379023422795047,-0.12407178431749344,-0.26033392548561096,0.18345409631729126,-0.11678893525600317,0.16351550513648416,0.01141303905034445
1062,1623510933.1385493,0.0,0.007332029286772013,0.04723767936229706,-0.013952837325632572,0.010321439643453813,-0.029612252936561813,0.43799045287922334,0.015477865934371948,-0.18683066964149475,0.03431706875562668,-0.0647604931294345,0.17378219383153462,0.020640069935432857
1063,1623510933.1481948,0.0,0.006679205223917961,0.04725026339292526,-0.013514727354049683,0.010853434977630139,-0.0294934532397033,0.43815120458153267,-0.08998332172632217,-0.07178210467100143,0.05242656543850899,0.049014606421606675,0.03426823025267008,0.011616028480597637
1064,1623510933.158326,0.0,0.006359099876135588,0.046683281660079956,-0.013002779334783554,0.011033675305894275,-0.0290472588751381,0.43811213470890487,-0.12300651520490646,-0.15061168372631073,0.0471002422273159,0.0376137745915545,0.021898408799407566,0.007964203679337733
1065,1623510933.1686726,0.0,0.006291985046118498,0.04443240538239479,-0.012456605210900307,0.010697759051421084,-0.02863668360034715,0.4379040718662284,0.12200430780649185,-0.4030793607234955,0.046034976840019226,-0.0032119388356840594,0.04438829552546365,-0.010917253437163514
1066,1623510933.1782858,0.0,0.005551744252443314,0.04147349298000336,-0.012059221044182777,0.010192348421197386,-0.02795994739908443,0.43774325546384196,0.12733063101768494,-0.4478204548358917,0.05988341569900513,-0.04201786857039118,0.06293545783733634,-0.019825913598453072
1067,1623510933.1882524,0.0,0.004635128658264875,0.03843890503048897,-0.011576824821531773,0.009674273721980126,-0.02729515807692632,0.4375947094249103,0.011216809041798115,-0.4574078321456909,0.060948681086301804,-0.05315936339058366,0.06914850506659481,-0.017006261628294703
1068,1623510933.1981301,0.0,0.003882544580847025,0.035781968384981155,-0.011243864893913269,0.009337913754218025,-0.02698745551346285,0.4374914957863988,-0.10489702224731445,-0.34875085949897766,0.032186537981033325,-0.04616061582533538,0.04883615347085111,-0.012758004068637602
1069,1623510933.2086792,0.0,0.003052077256143093,0.033126018941402435,-0.011160509660840034,0.008919275043927345,-0.02668425789158809,0.4373824757020841,-0.09104858338832855,-0.2859002649784088,0.011946515180170536,-0.04187919555832522,0.02992241688560359,-0.01069880691894198
1070,1623510933.2181153,0.0,0.0027089384384453297,0.03003327175974846,-0.01101426500827074,0.008315546552902287,-0.026509493670496938,0.43722261529555373,-0.13792021572589874,-0.3551424741744995,0.009815986268222332,-0.05168629593227351,0.022900267387687086,-0.013630237907148722
1071,1623510933.2577016,0.0,-0.001932424260303378,0.014408904127776623,-0.011510319076478481,0.00699057559055985,-0.03005541302378774,0.44762125367385713,-0.15709497034549713,-0.06752105057239532,-0.1563652604818344,-0.1040364826998867,0.005022465439299467,0.019100071729027054
1072,1623510933.2678387,0.0,-0.0026929688174277544,0.012096251361072063,-0.01151391863822937,0.006666472092561396,-0.030769033339254917,0.4479067809421229,-0.4234110713005066,0.025156956166028976,-0.027468271553516388,-0.1325989037909312,-0.07578705847949149,0.09820957913125834
1073,1623510933.2776792,0.0,-0.004308911040425301,0.010987509042024612,-0.011282883584499359,0.006826811537902225,-0.02930274385523636,0.44747450744416706,0.3137519061565399,-0.5128015875816345,0.17493197321891785,-0.008463357242475161,0.02757996202445914,0.0062310906726947045
1074,1623510933.2877595,0.0,-0.0035452668089419603,0.00796154048293829,-0.008582351729273796,0.006232806777088484,-0.027323748732837702,0.44619007594182203,0.8932557702064514,-0.5117363333702087,0.3166121244430542,-0.016235537559284002,0.19754450226786957,-0.08274667608169406
1075,1623510933.2976289,0.0,-0.0010542671661823988,0.0037076566368341446,-0.005104653537273407,0.0047677604977759,-0.0340546389254318,0.44609894847333653,-0.1592254936695099,0.35006260871887207,0.3123510777950287,-0.1080243630357759,-0.17740264149186666,-0.08096513786983384
1076,1623510933.3079977,0.0,0.0001588649465702474,0.0021368255838751793,-0.0011978782713413239,0.004526490667852587,-0.03658729449160675,0.44668883499289197,-0.15176865458488464,0.11996549367904663,0.3624185025691986,-0.09804912466089345,-0.524204080728268,0.019006556473263467
1077,1623510933.3175237,0.0,0.007539183832705021,-0.0055131311528384686,0.00398763082921505,0.0028441419289254866,-0.029119115505522444,0.44502834732456653,1.2128350734710693,-0.7024186849594116,0.520077645778656,-0.08779651285125037,0.16785514455144512,-0.029607733457664202
1078,1623510933.3276846,0.0,0.009422162547707558,-0.011604505591094494,0.009065838530659676,0.0014345618270450583,-0.027428906718135262,0.443540045779107,0.5076300501823425,-0.9847137331962585,0.5509703159332275,-0.14293308618940098,0.5051541734559738,-0.15583805998537664
1079,1623510933.3378775,0.0,0.016029730439186096,-0.021053887903690338,0.0124464500695467,-0.0012593023708691448,-0.037326830044803874,0.44519916021045525,0.0825895220041275,-0.8590125441551208,0.33791741728782654,-0.20796968814062453,-0.3363679418370096,-0.026870410552224822
1080,1623510933.3475192,0.0,0.01924324221909046,-0.030105195939540863,0.015353415161371231,-0.0031239016132101893,-0.039795751484518346,0.44689352936037646,0.3318614065647125,-1.2041581869125366,0.16427934169769287,-0.23632404782843855,-0.6770830268631031,0.17284131833201324
1081,1623510933.3901873,0.0,0.03029647096991539,-0.051402971148490906,0.02387337014079094,-0.007940683195560988,-0.035650538828625046,0.4451205073458064,-0.5874618291854858,0.9700465202331543,-0.043447237461805344,-0.3618462354430485,-0.3522988921573992,0.09557656342354619
1082,1623510933.4001694,0.0,0.02971666306257248,-0.05033992975950241,0.02392338588833809,-0.007897582075656343,-0.03281703306937424,0.44299169702933705,-0.18053078651428223,0.16683712601661682,-0.08605781197547913,-0.2524352032289971,-0.03544658455241311,-0.12367465905288999
1083,1623510933.4099886,0.0,0.031141309067606926,-0.050491467118263245,0.024969488382339478,-0.008193912674049307,-0.031213975526739865,0.44244832210348795,0.05063159391283989,0.06031068041920662,0.14084351062774658,-0.006811719177005721,0.22512872010194537,-0.15256726408674318
1084,1623510933.4207094,0.0,0.03315635398030281,-0.04901808127760887,0.025996439158916473,-0.00820967657422774,-0.03249370298761707,0.4437810021950975,0.10389481484889984,0.4565890431404114,-0.0455777682363987,-0.017761864496790417,0.05563028427527295,0.017733489270411264
1085,1623510933.4300086,0.0,0.03219856694340706,-0.04130490869283676,0.025191403925418854,-0.006450212952711476,-0.03355048824260434,0.44470757735869954,-0.1815960556268692,0.5311575531959534,-0.12973365187644958,0.08118238075439732,-0.12506122867008507,0.12181012838110121
1086,1623510933.4403481,0.0,0.029356515035033226,-0.03731929138302803,0.025723565369844437,-0.005938202431301755,-0.03183055862933169,0.4445482560563986,-0.4841311573982239,0.6249008178710938,0.09397187829017639,0.12860269827331758,0.002341798529348628,0.05920540352452613
1087,1623510933.45062,0.0,0.02519887126982212,-0.0357789620757103,0.027790527790784836,-0.006131343031188216,-0.030629752873075927,0.444570053346388,0.027195775881409645,-0.407340407371521,0.31448161602020264,0.03852603488533772,0.15257018116760304,-0.007704007430670453
1088,1623510933.4600756,0.0,0.022889798507094383,-0.04179447889328003,0.031455472111701965,-0.008427890509303294,-0.031025730915944058,0.44454994762199646,-0.25722983479499817,-0.6385027766227722,0.3805280029773712,-0.10292513675246863,0.06216309256747506,-0.0017177404402788244
1089,1623510933.4703438,0.0,0.019374417141079903,-0.04578987881541252,0.032419927418231964,-0.009961234670747963,-0.030347762107195725,0.44449736479349594,-0.3861268162727356,-0.08350001275539398,-0.08605781197547913,-0.20066082814054662,0.008073901462237255,-0.002001249611309786
1090,1623510933.4805093,0.0,0.017707545310258865,-0.04706206172704697,0.030518807470798492,-0.010561410329512702,-0.0295670320687798,0.4442874909527722,-0.08678752183914185,0.1913382112979889,-0.2916538715362549,-0.12473551438764595,0.06570002728050625,-0.012744401964759918
1091,1623510933.51876,0.0,0.016960643231868744,-0.03957504406571388,0.023273475468158722,-0.00953496820363995,-0.028410537515421365,0.4436499361553781,-0.02819797582924366,0.01983063295483589,-0.13719050586223602,0.0621340647113016,0.07818430726453986,-0.013860025097791148
1092,1623510933.528621,0.0,0.016484403982758522,-0.03931504860520363,0.02204318717122078,-0.009813429878285783,-0.02819992976879921,0.4436171467685353,0.1379832774400711,0.13274866342544556,-0.11695048213005066,0.082756296814666,0.05146941497592699,-0.006779862089071288
1093,1623510933.5384116,0.0,0.0157864298671484,-0.03771655634045601,0.021073143929243088,-0.009762899450029963,-0.027983290557517755,0.4436096093935647,-0.1070275530219078,0.2840162217617035,-0.07753569632768631,-0.013366419892135417,0.021405102898555465,-0.002756342985688168
1094,1623510933.5481863,0.0,0.015408254228532314,-0.0352119617164135,0.020667653530836105,-0.009348655135631753,-0.027788229287112227,0.44346637039857695,-0.06654749810695648,0.3340836465358734,-0.04770829528570175,0.018452387959582924,0.015397928501181622,-0.0066628456068585475
1095,1623510933.5590754,0.0,0.015233958140015602,-0.031152084469795227,0.020474936813116074,-0.008530663109298078,-0.027044970258642977,0.44327460158027837,-0.09530963748693466,0.8890864253044128,-0.032794591039419174,0.05332337726418096,0.04313477882989285,-0.0157533033033471
1096,1623510933.5686362,0.0,0.01427478902041912,-0.026678621768951416,0.02029932290315628,-0.0076156016411324245,-0.026532217870098053,0.4432010407634137,0.22000864148139954,0.26164567470550537,-0.013619831763207912,0.09160125734916391,0.07441185303914746,-0.014760618582244815
1097,1623510933.5782251,0.0,0.013196921907365322,-0.02300412207841873,0.02079538255929947,-0.0068795484618969435,-0.026274312040189145,0.443168858958519,-0.2007708102464676,0.40119531750679016,0.057752884924411774,0.09207487788637897,0.04207244344649076,-0.0067438044688816435
1098,1623510933.5882502,0.0,0.012910468503832817,-0.02089785411953926,0.021246984601020813,-0.007943499655992517,-0.03472247704991993,0.44550917327590006,-0.021806389093399048,0.24779722094535828,0.03005601093173027,0.08338819502516379,0.02552267669497314,-0.00052073302963715
1099,1623510933.5982876,0.0,0.012135445140302181,-0.01808684691786766,0.02225838229060173,-0.007813985113297436,-0.035375823669258816,0.44724527531150304,-0.1262023001909256,0.37456369400024414,0.1216687560081482,0.08961411526597098,0.027061620300823673,0.00110315516480809
1100,1623510933.6089633,0.0,0.01032034307718277,-0.013178788125514984,0.022321682423353195,-0.007047885868832704,-0.03799530191932049,0.4502385713818504,-0.3435162603855133,0.8837600946426392,0.07160133123397827,0.07826582294529634,-0.045748085991513,0.09177274354124064
1101,1623510933.647529,0.0,0.012512905523180962,-0.00737115228548646,0.0252876877784729,-0.005510333069285417,-0.03650353935002329,0.44982907666691435,0.5896553993225098,0.177489772439003,-0.9446609616279602,0.12752962782108895,-0.05466988734376673,0.1057051951398773
1102,1623510933.6571162,0.0,0.015954798087477684,-0.004840820096433163,0.018008287996053696,-0.005013191163533451,-0.03550985860860764,0.44924776911546344,0.46395421028137207,0.6792293190956116,-0.6453216671943665,0.10179231819840137,0.05373799714429209,-0.01776717324613008
1103,1623510933.6672487,0.0,0.022147415205836296,0.004360945895314217,0.011225193738937378,-0.002696399279022363,-0.03443258400399479,0.44840305726139235,0.5715458989143372,0.5790944695472717,-0.4727488160133362,0.1313758018828509,0.11145936583598338,-0.06726885689148436
1104,1623510933.6771226,0.0,0.02764142118394375,0.012910561636090279,0.009646300226449966,-0.0004316426550694946,-0.038446492990151265,0.4496924606711463,0.4820637106895447,1.6518157720565796,-0.29378440976142883,0.21927079671747446,-0.10091370282255503,0.002021754330671952
1105,1623510933.6874397,0.0,0.029728621244430542,0.02529374696314335,0.007143791764974594,0.0023695211296722724,-0.03790959647118805,0.45091827026651543,0.617352306842804,0.8805643320083618,-0.13186419010162354,0.26603920064735387,-0.20639260067967652,0.12706455736084363
1106,1623510933.6972854,0.0,0.03450310602784157,0.034305598586797714,0.006793137639760971,0.004175157613737282,-0.03084919990041654,0.4496172738738939,0.4820637106895447,0.8581937551498413,0.0012938702711835504,0.2461155220861803,0.2889284555006853,0.028167823097678023
1107,1623510933.7071667,0.0,0.039053309708833694,0.03970186412334442,0.01063891313970089,0.004939543808108224,-0.03241429032756726,0.44990477060042044,0.2679455578327179,0.5972039699554443,0.223934143781662,0.13712585103881167,0.3634814458151217,-0.06356701269306342
1108,1623510933.7171166,0.0,0.04106759652495384,0.0452142134308815,0.010874444618821144,0.006004269672225282,-0.039537609922371236,0.45259898066666127,0.005890486296266317,0.3266267776489258,-0.22773797810077667,0.10984976517607783,-0.3708977523502741,0.12414380581379068
1109,1623510933.7276368,0.0,0.043824903666973114,0.04615163058042526,0.007860425859689713,0.005339435221558483,-0.03902104743296608,0.45372589464545265,-0.006892687175422907,-0.9548863768577576,-0.1521042138338089,0.044101583548540726,-0.4232966925521617,0.20679998752010031
1110,1623510933.7372074,0.0,0.03940245509147644,0.03753824904561043,0.004990234971046448,0.002583023965260438,-0.033276277778781754,0.45400128900195413,-0.9134327173233032,-1.1988319158554077,-0.5899279117584229,-0.18185295243542313,0.27661521343521844,0.07945700845946957
1111,1623510933.7765806,0.0,0.021177617833018303,0.05102287977933884,-0.015314247459173203,0.008461596201126617,-0.03494392372953372,0.45758930296080963,-0.40636685490608215,0.4033258259296417,-0.28845807909965515,0.06468726543514108,0.5463009806481693,0.05631553778284619
1112,1623510933.7859993,0.0,0.02228657156229019,0.048584356904029846,-0.012743519619107246,0.00783907410925385,-0.035931487493988425,0.45811621150391046,-0.03458956256508827,-0.8089451193809509,0.8002421855926514,0.23199944844014764,0.20958998356773925,0.07292628313982746
1113,1623510933.796042,0.0,0.0185883529484272,0.04663021117448807,-0.009266400709748268,0.0075018161339973355,-0.03561038283784511,0.45845228169062546,-0.21142345666885376,-0.36792564392089844,-0.3097633719444275,-0.032929127232466555,-0.0310898524828453,0.04507959365259565
1114,1623510933.8060412,0.0,0.01648709923028946,0.04152940958738327,-0.015106761828064919,0.00653269179056494,-0.034367129784505485,0.45867627372064046,-0.20716239511966705,-0.5159974098205566,-0.46848776936531067,-0.06777737684957542,0.05913780171359179,0.029626703237910827
1115,1623510933.8161867,0.0,0.015412546694278717,0.03636888414621353,-0.015147106721997261,0.0054554547918530955,-0.033598777223937885,0.45882662828005194,-0.1304633617401123,-0.25181180238723755,0.10142873227596283,-0.1066407795882245,0.10729909136064791,0.019726782832093642
1116,1623510933.8268406,0.0,0.011088171973824501,0.0336739607155323,-0.013876954093575478,0.005300602089991439,-0.03294655616911165,0.458919806100965,0.08045899122953415,-0.37751302123069763,0.15788774192333221,-0.07357772918721765,0.08413455070463956,0.011149664508844808
1117,1623510933.836278,0.0,0.010922943241894245,0.03267190232872963,-0.014411553740501404,0.005518590666866073,-0.03339184733431776,0.45899290362638556,-0.2550992965698242,0.1497928947210312,-0.14677788317203522,-0.014071263633556264,0.009084731296584119,0.006962547287140414
1118,1623510933.8460388,0.0,0.008745083585381508,0.03512604162096977,-0.014219757169485092,0.006666495004103219,-0.03279581671887603,0.459136819346495,-0.002631629351526499,0.24353615939617157,0.10675505548715591,0.05852485738213673,0.0021023266433633074,0.009852332246779432
1119,1623510933.8567727,0.0,0.00879101175814867,0.03649521991610527,-0.012044383212924004,0.0074123811729724515,-0.03257964893637936,0.45909752132472637,0.059153709560632706,-0.07284737378358841,0.2921110689640045,0.1025808567946574,0.04410423337292316,0.005791034818661975
1120,1623510933.8665283,0.0,0.008315849117934704,0.03453727811574936,-0.010562494397163391,0.0070769019975506706,-0.0324846146283,0.45904824338241523,0.07087161391973495,-0.40947094559669495,0.04496971145272255,0.02857969744890308,0.019596283899123972,-0.0036862101169796413
1121,1623510933.9077284,0.0,0.008664149791002274,0.02577918954193592,-0.005563667975366116,0.00594326602204797,-0.03241269531169418,0.4584526105615625,-0.06441696733236313,-0.26566025614738464,0.10249399393796921,-0.13189678884871267,0.0031218841175389193,-0.009025928053936977
1122,1623510933.917533,0.0,0.007998209446668625,0.022928042337298393,-0.004794350825250149,0.0054059971056859765,-0.03242958388143496,0.45834177020668365,-0.07826540619134903,-0.332771897315979,0.06947080045938492,-0.1445010526226524,-0.003850230976234935,-0.013296156482491718
1123,1623510933.9276168,0.0,0.007275833748281002,0.020247185602784157,-0.004466233775019646,0.004876731265546393,-0.032650112488172865,0.45841808699186404,-0.021806389093399048,-0.28376972675323486,0.013011779636144638,-0.05558305585450454,-0.010161525337803892,-0.0028749193523257928
1124,1623510933.937586,0.0,0.006570723373442888,0.01825730688869953,-0.004564899951219559,0.004818536085141989,-0.03824079359603606,0.4656567884930509,-0.03991588577628136,-0.24115915596485138,-0.009358773939311504,-0.05591996339253587,-0.014030204313186379,0.004529106820036508
1125,1623510933.9477167,0.0,0.005563993472605944,0.015995001420378685,-0.005159147083759308,0.0047416672604867205,-0.03779857646497713,0.46639446311747035,-0.2007708102464676,-0.34555506706237793,-0.12014627456665039,-0.05960730015559882,-0.012464300740218445,0.007814226057728729
1126,1623510933.9575133,0.0,0.005294805392622948,0.01210897695273161,-0.005536055192351341,0.004272071484006615,-0.038325167248577416,0.46847703597038004,-0.6300724148750305,-0.1612643301486969,-0.1105588972568512,-0.05766544294896682,-0.01452028449933075,0.0493909453101739
1127,1623510933.9677026,0.0,0.0039823297411203384,0.00790796335786581,-0.006400249898433685,0.003503506649929697,-0.0395600714607522,0.46918834853985464,0.1422443389892578,-0.47871312499046326,0.021533895283937454,-0.06353842422395846,-0.07489246832848154,0.13215608326713837
1128,1623510933.9775147,0.0,0.0025036176666617393,0.0034003984183073044,-0.006931094452738762,0.0026631072577367604,-0.03900732904022723,0.4692842258178481,0.43306154012680054,-0.69283127784729,0.0012938702711835504,-0.08112077420976459,-0.031015688681517162,0.05035072770302103
1129,1623510933.9875956,0.0,0.0026164567098021507,-0.0006436951225623488,-0.00635872408747673,0.0017601755436359584,-0.038653620267146346,0.4690096193522523,0.26474976539611816,0.08800756186246872,-0.03705565258860588,-0.09951837552365589,0.03314643708791649,-0.007433663577497768
1130,1623510933.9974353,0.0,0.006310055963695049,-0.003256541909649968,-0.0060584768652915955,0.0014340128124903095,-0.03994942864263655,0.46866894835161255,0.4405183792114258,0.09972546994686127,0.11740770190954208,-0.07061198865577678,-0.04526810922890687,-0.02974021689784587
1131,1623510934.038269,0.0,0.023732654750347137,-0.03223355859518051,0.014146983623504639,-0.003197723286704132,-0.036118751767484455,0.4674171596290047,0.5161521434783936,-1.3596868515014648,0.3634837865829468,-0.41949760323991153,-0.23889317587307296,0.006201221320359097
1132,1623510934.048233,0.0,0.027201643213629723,-0.044232454150915146,0.017045922577381134,-0.005366626358645918,-0.03525018925843522,0.4678462670685555,0.5182827115058899,-1.1200023889541626,0.31874266266822815,-0.48203539758970354,-0.12248726461000117,0.04401124862046543
1133,1623510934.0580153,0.0,0.031037794426083565,-0.05207742005586624,0.020367629826068878,-0.006323258481884642,-0.03459690326228741,0.46839349665550434,0.30736032128334045,-0.7865745425224304,0.37413641810417175,-0.17775186716350116,0.0759927361677364,0.050790863323009146
1134,1623510934.067981,0.0,0.03423502296209335,-0.05759633332490921,0.024115387350320816,-0.00669951077171578,-0.03555667461281385,0.4688717838186307,0.39045095443725586,-0.4755173325538635,0.40609434247016907,-0.07679557203270664,0.034696158406164815,0.05079934159496936
1135,1623510934.0780342,0.0,0.03680034726858139,-0.060937196016311646,0.028366699814796448,-0.006586025705392004,-0.04071444122936642,0.47048463141185837,0.3968425393104553,-0.4957573711872101,0.3592227101325989,-0.017606270313221938,-0.27778704373167423,0.09864531724158745
1136,1623510934.0880065,0.0,0.03730712831020355,-0.05869683250784874,0.03142339363694191,-0.005591521806768238,-0.03898566628013691,0.472770493807753,-1.170161485671997,1.2033394575119019,0.10142873227596283,0.03791084391209439,-0.2426658827016621,0.19310894539216217
1137,1623510934.0985065,0.0,0.031055882573127747,-0.04810633510351181,0.03156789392232895,-0.0030623427357304098,-0.03632150854602121,0.47187544616758426,-1.1946625709533691,1.3151922225952148,-0.0690135806798935,0.16114768402940816,0.20066770808991896,0.09416324778322356
1138,1623510934.1091747,0.0,0.02833729051053524,-0.045730847865343094,0.03527822345495224,-0.003045642929660586,-0.036378264016083774,0.471695048282351,-0.3957142233848572,-0.23263704776763916,0.7373915910720825,0.15844367584025998,0.15363156266229883,-0.03517236529144816
1139,1623510934.117993,0.0,0.02846401184797287,-0.050997789949178696,0.04405839368700981,-0.005152203058349021,-0.03733092728520076,0.4726749936400605,-0.05802537873387337,-0.668330192565918,1.0143604278564453,-0.07375170548557183,-0.055783403554529674,0.03963332076274171
1140,1623510934.1280186,0.0,0.026477938517928123,-0.05315496027469635,0.04976654425263405,-0.006104149832198064,-0.035765507781876184,0.47293417171637203,-0.41701948642730713,0.2520582973957062,0.10355926305055618,-0.17293774287666125,-0.0022025163613643927,0.07100541911073444
1141,1623510934.1675942,0.0,0.015156988054513931,-0.03942277282476425,0.04419799521565437,-0.0033038398351181164,-0.032117596879899284,0.47295292466547056,-0.5970491766929626,0.5194396376609802,-0.03492512181401253,0.12225198154929424,0.25136257616144697,0.021657272256152327
1142,1623510934.1771111,0.0,0.012694583274424076,-0.038224395364522934,0.04391666501760483,-0.003448745088821585,-0.03174470311954475,0.4729228245673121,-0.16029076278209686,0.07628965377807617,-0.0594262033700943,0.19105152722264962,0.22861561091645902,-0.001516823819154356
1143,1623510934.1870804,0.0,0.010200511664152145,-0.03838368132710457,0.042118437588214874,-0.003977732007483276,-0.03159481980761204,0.4730876222196065,-0.23912033438682556,-0.028106268495321274,-0.18832319974899292,-0.023474042075736824,0.034694385003992134,0.0033589613137625565
1144,1623510934.1970778,0.0,0.008585204370319843,-0.03985511139035225,0.03999965637922287,-0.00482841662057585,-0.031161841201775377,0.4732005696078093,-0.14644232392311096,-0.10267477482557297,-0.23412957787513733,-0.06690983230570477,0.019688923633272865,0.015592989214737639
1145,1623510934.2071247,0.0,0.007258406840264797,-0.04058573767542839,0.03754637390375137,-0.005337123472556958,-0.02990249538769224,0.4729548421537717,-0.14537706971168518,0.12742234766483307,-0.26928332448005676,-0.07115112256237212,0.07631905807603614,-0.00286513670799272
1146,1623510934.217177,0.0,0.00676964083686471,-0.038754548877477646,0.03476883843541145,-0.005016623421980837,-0.02854662413296548,0.47259464564460696,0.012282073497772217,0.4778943359851837,-0.2991107106208801,-0.017587378724198816,0.12583367550836932,-0.02829076289093004
1147,1623510934.2274058,0.0,0.006454996298998594,-0.03389107063412666,0.0315546989440918,-0.003898110911640683,-0.027848858405519795,0.47245926904370183,-0.04204641282558441,0.6866861581802368,-0.27993595600128174,0.07002129178032623,0.10254329892248441,-0.025861672028512053
1148,1623510934.2373168,0.0,0.006800372153520584,-0.02910878136754036,0.029035214334726334,-0.0028243521178959036,-0.028136084315173233,0.4724846521610245,-0.047372736036777496,0.5141133069992065,-0.2351948320865631,0.10749661559927172,0.02527972664544468,-0.008218746570961461
1149,1623510934.2470028,0.0,0.006185123231261969,-0.026369402185082436,0.027119897305965424,-0.0023350024704722958,-0.027469728555265943,0.4724230172312819,0.0825895220041275,0.08268123865127563,-0.12227680534124374,0.07739851438999341,0.019378632871264814,-0.0029238632781847006
1150,1623510934.257175,0.0,0.005625543650239706,-0.02570192888379097,0.026112504303455353,-0.002370925261818299,-0.026870633896914388,0.47242014961199746,-0.14324653148651123,0.1721634417772293,-0.10736310482025146,0.026927001611837816,0.06041259874277189,-0.003487023352089641
1151,1623510934.2974606,0.0,0.0025700696278363466,-0.01289382390677929,0.024550694972276688,-0.0020383707378544558,-0.03145107717523127,0.4793947507061302,-0.09637490659952164,0.549267053604126,0.05881815031170845,0.048965225598531614,0.05032398606515364,-0.0035544419092906686
1152,1623510934.3070805,0.0,0.0012939110165461898,-0.0074037895537912846,0.025425199419260025,-0.0006945570405662432,-0.036121628877663015,0.4831506747767552,0.004825221840292215,0.45232799649238586,0.08012343943119049,0.06410835199945847,-0.02718803842790174,0.05998560535880291
1153,1623510934.316968,0.0,-0.003223947947844863,-0.0018471907824277878,0.026663731783628464,0.0006589341973933932,-0.03622611657560881,0.48401050880982055,-0.3211456835269928,0.6824251413345337,0.11314664036035538,0.1295710940789236,-0.248861528009641,0.2191376918291484
1154,1623510934.3273034,0.0,-0.002910681301727891,0.0004975856281816959,0.02961188554763794,0.0009722037883399259,-0.031759628018079744,0.4831687991347118,0.4160172939300537,0.10185600072145462,0.4891849756240845,0.08700484231860449,0.15473300823660582,0.04099418738046651
1155,1623510934.336944,0.0,-0.0022271531634032726,-0.001606586156412959,0.034888479858636856,-0.00011488450502697423,-0.03126362885586051,0.48164981532104223,0.6620934009552002,-0.1708517074584961,-0.3055022954940796,-0.038806058578918716,0.30142205575816466,-0.11934738133101244
1156,1623510934.346938,0.0,-0.0024714733008295298,-0.0038164809811860323,0.02880518138408661,-0.00040062179485712834,-0.037641813235258975,0.4824706405127342,0.5832638144493103,-0.5522164106369019,-0.6751490831375122,-0.07318883851222156,-0.21940295875397228,-0.06514240788027537
1157,1623510934.3579044,0.0,-0.0008223007316701114,0.0005110072670504451,0.019141655415296555,0.0011182322918880383,-0.036804867649118334,0.48239373711798794,-0.3392551839351654,0.2552540600299835,-0.8477219343185425,0.043624254442900516,-0.36643741221639803,0.04233105762704411
1158,1623510934.3672874,0.0,0.002677821321412921,0.0022347597405314445,0.013945434242486954,0.0019452921760260838,-0.028389079902777448,0.4795555140200515,0.3318614065647125,1.0307666063308716,-0.6538437604904175,0.07462857672715177,0.40879789820454204,-0.11776960354636686
1159,1623510934.3778963,0.0,0.0019859815947711468,0.008725141175091267,0.011265810579061508,0.003565406666570306,-0.030456228819629394,0.47927264465939967,0.15289698541164398,0.9508717656135559,0.0194033645093441,0.09817279135016314,0.4769881500971925,-0.19362033161959155
1160,1623510934.3871894,0.0,0.007059496361762285,0.016701271757483482,0.010072100907564163,0.0059353138904601616,-0.03992145567323013,0.48175362760438944,0.6152217388153076,0.01663484051823616,-0.36728763580322266,0.22033405590222074,-0.5582043671986026,0.08764374723250681
1161,1623510934.4248831,0.0,0.015596602112054825,0.035561833530664444,0.009375672787427902,0.008462355396993235,-0.02753160645725411,0.47985586957438664,0.5033689737319946,0.35538893938064575,-0.45037826895713806,0.3839576091863572,-0.6455584624530835,0.19164933197859943
1162,1623510934.4351912,0.0,0.016228022053837776,0.037390679121017456,0.006089543923735619,0.008212177861217293,-0.026937295180604892,0.48152795534902737,-0.6950535178184509,-0.20707069337368011,-0.06155673414468765,0.24529683899871702,-0.0881802921281858,0.1282357408139838
1163,1623510934.4449883,0.0,0.012156077660620213,0.031937818974256516,0.004419269040226936,0.007053889419833884,-0.025159896669831358,0.481768591197528,-1.0274161100387573,-0.30827081203460693,-0.3502434194087982,-0.06763940337474422,0.10307906884654518,0.12231648422930796
1164,1623510934.4549518,0.0,0.011257980950176716,0.0332845039665699,-0.001303570345044136,0.007929976569138422,-0.025223492650662344,0.4809224115996297,-0.5480470061302185,0.44274061918258667,-0.7870018482208252,-0.047758297221779517,0.10221267794547789,-0.00859236529321674
1165,1623510934.4651327,0.0,0.008545564487576485,0.0374189056456089,-0.007972991093993187,0.00966208635565384,-0.024583571845059576,0.48174330081700817,-0.13685494661331177,0.3532584011554718,-0.44185614585876465,0.12301730153086236,0.04652369577432631,-0.01459163906164584
1166,1623510934.4752955,0.0,0.009567494504153728,0.03746340796351433,-0.009652437642216682,0.009950974880226178,-0.025215237172554278,0.4837842871927819,-0.07187382131814957,-0.2028096467256546,0.16001828014850616,0.12182122725999742,0.013984360428109752,0.12899649943848177
1167,1623510934.4858093,0.0,0.00963524542748928,0.0314113087952137,-0.005101335234940052,0.008380239484962394,-0.024868963644266648,0.48498093463960323,-0.19331395626068115,-0.8675346374511719,0.586124062538147,-0.039929599394817016,-0.02346112480101934,0.17157024200069168
1168,1623510934.494958,0.0,0.006420807912945747,0.027209077030420303,-0.001065678894519806,0.00748825015914361,-0.02334250946079075,0.4850011840503638,-0.19650974869728088,-0.655547022819519,-0.027468271553516388,-0.12299254719540056,0.08464246305423428,0.07665992479776268
1169,1623510934.504938,0.0,0.0021202482748776674,0.024544889107346535,-0.004331336356699467,0.007170858114623459,-0.0219488195516135,0.484963491781907,-0.3072972595691681,-0.184700146317482,-0.2735443711280823,-0.0765373386886751,0.15598748537186383,0.0015570354234634683
1170,1623510934.5150945,0.0,-0.0004813404520973563,0.024836480617523193,-0.0065466491505503654,0.007685101775491213,-0.02192115378192895,0.4854940974297516,-0.1869223713874817,0.001721138134598732,-0.07114411145448685,0.0013202437023655486,0.08029177280277715,0.02042481312781244
1171,1623510934.556839,0.0,-0.006045606452971697,0.01818329654633999,-0.0018228795379400253,0.006936298893466621,-0.018980604821238645,0.4856560007608575,-0.030328504741191864,-0.34981614351272583,0.08331923931837082,-0.07064692315408083,0.112660552851875,0.02063216759212789
1172,1623510934.5667217,0.0,-0.006472330074757338,0.015615497715771198,-0.0006444193422794342,0.006374528632436878,-0.01844674063341247,0.4854495767109675,0.051696859300136566,-0.20494017004966736,0.12699507176876068,-0.12733783221008796,0.14434136296225455,-0.017024426181499304
1173,1623510934.576758,0.0,-0.00688032666221261,0.014738772995769978,0.0003874395042657852,0.006239833382406974,-0.018262324890815307,0.485520152579181,0.10176428407430649,-0.12184953689575195,0.10888558626174927,-0.04177474374979903,0.042132318310565346,-0.009570102457774161
1174,1623510934.586788,0.0,-0.007364591583609581,0.014548863284289837,0.0013410765677690506,0.006285191848594489,-0.01793057448021671,0.4854664185580432,0.027195775881409645,-0.08030422031879425,0.0886455625295639,-0.007645098228218237,0.02445121182980048,0.0010292579462479955
1175,1623510934.596738,0.0,-0.00803743302822113,0.013741650618612766,0.0021257568150758743,0.006086712289356533,-0.0173836711939869,0.48523036325958285,-0.007957951165735722,-0.18789593875408173,0.05988341569900513,-0.00577788977716082,0.04160838160396109,-0.012550803198299645
1176,1623510934.6068275,0.0,-0.00865131989121437,0.011246411129832268,0.00267719104886055,0.0053874697880587005,-0.01692305204448133,0.4848572438263309,-0.09957069903612137,-0.324249804019928,0.04390444979071617,-0.04046476278100441,0.049529120183274704,-0.028840623477988575
1177,1623510934.616693,0.0,-0.009250887669622898,0.007365179713815451,0.0028729960322380066,0.004276562208315335,-0.01653227555981375,0.48461059600076,-0.06015590950846672,-0.4403636157512665,0.015142307616770267,-0.08746057062957446,0.045386486514660596,-0.03307324021607965
1178,1623510934.6273704,0.0,-0.009873583912849426,0.00403019180521369,0.0027657076716423035,0.003294993946557738,-0.016391971181511568,0.48464194297534974,-0.016480065882205963,-0.295487642288208,-0.03492512181401253,-0.10872606941665314,0.03065086366318682,-0.013703288387403452
1179,1623510934.6367986,0.0,-0.010345080867409706,0.0025355787947773933,0.002328617498278618,0.002830694688279241,-0.0161705379501116,0.48460305661943115,-0.015414802357554436,-0.0920221284031868,-0.053034618496894836,-0.08002786726257181,0.018609520757484475,-0.0003004783739442611
1180,1623510934.6469765,0.0,-0.010655277408659458,0.002239690627902746,0.0016018971800804138,0.0032592535530255456,-0.017660898981432124,0.488758288077265,0.008021015673875809,0.00065587367862463,-0.10416730493307114,-0.07928878975777633,0.01577685370217755,0.00371605563661348
1181,1623510934.6869245,0.0,-0.014740205369889736,-0.0037617229390889406,-0.0021437257528305054,0.002924717145204772,-0.019738235833861834,0.4923294423094462,-0.34245097637176514,-0.003605184145271778,-0.057295676320791245,-0.06515262253479201,-0.0009144765797564059,0.0077534507892561295
1182,1623510934.6970909,0.0,-0.012479517608880997,-0.006602860521525145,-0.0006220433861017227,0.0019391594378904975,-0.020640600003112047,0.4922991369470621,0.10389481484889984,-0.15806853771209717,0.222868874669075,-0.09952291319201187,-0.034397030953606675,0.009760270417411501
1183,1623510934.7069,0.0,-0.010205591097474098,-0.007503691595047712,0.0015315357595682144,0.001880020121294415,-0.020401888278081093,0.4915542684665578,0.5523711442947388,-0.2305065244436264,0.31767740845680237,-0.04891318844772667,-0.033603353981079866,-0.03630053013655239
1184,1623510934.716889,0.0,-0.007058390881866217,-0.010020489804446697,0.004971127957105637,0.0014335748681685717,-0.016888974219776184,0.49022164534208984,0.290316104888916,-0.18363487720489502,0.3027637004852295,-0.029692138326172096,0.15689030631727077,-0.09876376968945985
1185,1623510934.727328,0.0,-0.0015871442155912519,-0.012684722431004047,0.008025271818041801,0.0007416369013096002,-0.020661587519698987,0.49055041692844165,0.6951165795326233,-0.34555506706237793,0.3773322105407715,-0.058924168549686406,0.023899945101056443,-0.06202095311493637
1186,1623510934.7368777,0.0,0.0016458691097795963,-0.019386334344744682,0.013257529586553574,-0.0011200583014458754,-0.02677294568822,0.49215418263135824,-0.653508186340332,-0.6267849206924438,0.43805229663848877,-0.12636829333214158,-0.5051520989264484,0.08444835420132916
1187,1623510934.7467859,0.0,0.0033518632408231497,-0.025956744328141212,0.016976282000541687,-0.002460339493342012,-0.019314909400545643,0.4914506476336108,-0.20183607935905457,-0.3008139729499817,0.0843845009803772,-0.16415361274068313,-0.11040366563084408,0.08079584008074603
1188,1623510934.7570236,0.0,0.006487450562417507,-0.02836686186492443,0.01731567457318306,-0.002626644551495097,-0.014938812645423238,0.4893524616564563,0.6578323245048523,-0.3476856052875519,-0.07433990389108658,-0.09221590223967609,0.6061868944315547,-0.12024717660131944
1189,1623510934.7669787,0.0,0.008716334588825703,-0.031127003952860832,0.017486412078142166,-0.0027890602183411467,-0.02280067998585683,0.4909452844765309,0.3233392834663391,-0.3689908981323242,0.17386671900749207,-0.02407859483806595,-0.0025975875301000166,-0.055304542188825245
1190,1623510934.7768345,0.0,0.011646096594631672,-0.034902993589639664,0.02058519795536995,-0.003718307125128689,-0.028368158643260838,0.49405973406957804,0.290316104888916,-0.05367261543869972,0.4220733046531677,-0.058522416578741715,-0.6724493304873104,0.21873638811407223
1191,1623510934.819453,0.0,0.007588031701743603,-0.027074867859482765,0.02851472795009613,-0.001728770772888348,-0.018103052149453756,0.48868972440627595,0.027195775881409645,-0.2400939017534256,0.677736759185791,0.0876097303836374,-0.20150073377253305,0.1492823941040126
1192,1623510934.8306205,0.0,0.006407675798982382,-0.02673160657286644,0.032457977533340454,-0.001992499226819572,-0.018207001683815595,0.48942413680905755,-0.15283390879631042,0.5482017993927002,0.01407704409211874,0.1111298193602724,0.12592910502681154,0.020985540749126234
1193,1623510934.8391457,0.0,0.004378992132842541,-0.020861543715000153,0.030841346830129623,-0.0006636057588098807,-0.019204838981176767,0.4902589447133531,-0.1911834329366684,0.5716376304626465,-0.17660528421401978,0.05004278806773088,-0.04603515779110068,0.0774737499282915
1194,1623510934.8494868,0.0,0.0034443542826920748,-0.01606687530875206,0.030039209872484207,0.0004009276282761279,-0.01987660145352934,0.49094464811417987,-0.17626972496509552,0.49493858218193054,0.006620192434638739,0.13264314822983347,-0.08869684780991247,0.08241305437893114
1195,1623510934.859505,0.0,0.002699029166251421,-0.016447843983769417,0.031858012080192566,-1.6004831605451186e-05,-0.01961154859652548,0.4913017518999149,-0.03458956256508827,-0.1516769528388977,0.3112858235836029,0.05001165585359231,-0.035114522235854546,0.05922546556096585
1196,1623510934.869306,0.0,0.003349907696247101,-0.02049202285706997,0.03374527394771576,-0.001398405462881204,-0.01956176141094188,0.4911498305946687,-0.07826540619134903,-0.22731071710586548,-0.11375468969345093,-0.08048976545789258,0.013818533552305235,0.014764345013072194
1197,1623510934.8792486,0.0,0.0033838325180113316,-0.02169034071266651,0.031081318855285645,-0.001974986470557341,-0.019276705643336806,0.49098595877594164,-0.07293909043073654,0.07202859222888947,-0.30230650305747986,-0.10578378309122034,0.016320610134175847,-0.015145985112737475
1198,1623510934.889168,0.0,0.002857640851289034,-0.018462326377630234,0.027279037982225418,-0.0012114847962305594,-0.01877819969958959,0.4908105281093047,-0.005827422719448805,0.43954482674598694,-0.35343921184539795,-0.0035285533617830404,0.03912727044602538,-0.017842220878533592
1199,1623510934.899171,0.0,0.002626668429002166,-0.013544073328375816,0.024722080677747726,7.416078162757189e-05,-0.018728496142184838,0.49067795309667167,-0.11554966121912003,0.5833555459976196,-0.13932102918624878,0.09554783127429252,0.028573057702809084,-0.01680988035973451
1200,1623510934.9093168,0.0,0.0019807592034339905,-0.010454024188220501,0.024759724736213684,0.0008062417341378122,-0.018462105310064973,0.49075512841247704,-0.02819797582924366,0.1636413335800171,0.13445192575454712,0.11012591615547915,0.015497316374289251,-0.005258626386632265
1201,1623510934.9489605,0.0,1.3662574929185212e-05,-0.010291097685694695,0.026080917567014694,0.0005611949043441075,-0.016237548950780306,0.49049551425426874,-0.026067446917295456,0.29147306084632874,-0.057295676320791245,0.03924322817241247,0.06157957752698422,-0.00022702304482646483
1202,1623510934.958966,0.0,-0.00018997715960722417,-0.007728998549282551,0.02581346035003662,0.001232681990457736,-0.015865286794299695,0.4904564226743553,-0.03991588577628136,0.23075298964977264,-0.009358773939311504,0.0312356578639411,0.06942088491229743,-0.0049013369335583565
1203,1623510934.9690113,0.0,-0.0005007327999919653,-0.006180534139275551,0.025494612753391266,0.0016588764679011589,-0.015559559837108813,0.4903947933837087,0.030391570180654526,0.06457174569368362,-0.028533535078167915,0.05864961063410791,0.035438060829642196,-0.00473447528213647
1204,1623510934.97888,0.0,-0.0006593793514184654,-0.005413854494690895,0.025311753153800964,0.0018907725522048432,-0.015200097924982649,0.4903909277560755,-0.05696011707186699,0.06244121119379997,-0.007228245493024588,0.035634688889553116,0.033409311051030996,-0.003443236734334625
1205,1623510934.9888074,0.0,-0.000824670132715255,-0.004866872448474169,0.025295786559581757,0.0019184828748609745,-0.020873869782119844,0.4940357905323134,0.0016294285887852311,0.04859277233481407,0.007685456890612841,0.018655017196799965,0.039428890408339294,-4.7169754680647844e-05
1206,1623510934.999008,0.0,-0.0008856012136675417,-0.003929317928850651,0.025400273501873016,0.002159913235727784,-0.021964589438813478,0.495380257173868,0.04210947826504707,0.0517885647714138,0.03431706875562668,0.013708347072682966,0.038192387988602465,0.0011046395336681656
1207,1623510935.009227,0.0,-0.0015500157605856657,-0.0016308054327964783,0.025066621601581573,0.002736311143225964,-0.02557431028666636,0.4986096310515624,-0.15283390879631042,0.30851730704307556,-0.08499255031347275,0.012686169850133534,0.008582417266931668,0.024810428499080953
1208,1623510935.019025,0.0,-0.004461925011128187,0.002009740099310875,0.025144949555397034,0.003824870708967573,-0.025961314348018724,0.4990876300094299,-0.2007708102464676,0.48002487421035767,-0.032794591039419174,0.07212233017726745,-0.18073672762266305,0.1694087939689222
1209,1623510935.0290904,0.0,-0.005840590689331293,0.001236970187164843,0.025483157485723495,0.0035199979704045176,-0.021558389136158054,0.4982837201635083,-0.5033059120178223,-0.4531467854976654,0.07586238533258438,0.05377996211040718,0.15515771141749282,0.009154200635472733
1210,1623510935.0389242,0.0,-0.004771621432155371,-2.761065843515098e-05,0.023627612739801407,0.0029077408762288454,-0.021856985995035424,0.4974927935767518,-0.5065017342567444,-0.6448943614959717,-0.34385183453559875,-0.04111664759522951,0.2304787705680911,-0.08211170936854544
1211,1623510935.080732,0.0,-0.0017495814245194197,-0.004303323570638895,0.008260471746325493,0.0037821082678609202,-0.029546052121521713,0.4982558366804576,-0.08998332172632217,0.29892992973327637,-0.3086980879306793,-0.0674533616675671,-0.09755986614560368,-0.03797289403988308
1212,1623510935.0901928,0.0,-0.0011073537170886993,-0.004028382245451212,0.005855172872543335,0.003893659414890796,-0.0271421140973319,0.49771953891569676,0.06767582148313522,0.5258312225341797,-0.3331991732120514,-0.018325616271105398,-0.0004554726643168132,-0.023759281473123114
1213,1623510935.1001282,0.0,-0.0017193679232150316,-0.0003967639058828354,0.002614067867398262,0.0049560492975939535,-0.020049396605672412,0.49589358953738727,-0.5192849040031433,0.8241053223609924,-0.29804545640945435,0.05745746800610606,0.4579977453670843,-0.11338935791191528
1214,1623510935.1106102,0.0,-0.001125206588767469,0.003448580391705036,0.000806812196969986,0.006152510631551103,-0.027312615930710646,0.49722087739136045,0.01441260240972042,0.5013301968574524,-0.2170853465795517,0.1116732551988426,0.10342939433265835,-0.05841382076104231
1215,1623510935.1200604,0.0,0.0005366537952795625,0.0069638690911233425,-0.0011688359081745148,0.006873844913596397,-0.03251344004732766,0.49973442425606696,-0.34245097637176514,0.685620903968811,-0.26076120138168335,0.094931020921071,-0.605994904490226,0.17611964247750356
1216,1623510935.1300359,0.0,-0.0023272971156984568,0.005876197014003992,-0.0018394850194454193,0.006125570650050982,-0.02544991492255126,0.49909236564491777,0.1614190936088562,-0.2305065244436264,0.23139099776744843,0.016710366038267612,-0.05947979027626394,0.1339323315457634
1217,1623510935.140629,0.0,-0.0019809326622635126,-0.003916702698916197,0.0009397175163030624,0.0036191107464763894,-0.02258951560931225,0.49824157274415903,0.20083388686180115,-1.351164698600769,-0.3683529198169708,-0.13348209021785173,0.5220457968499963,-0.07300240125914706
1218,1623510935.1501029,0.0,-0.0036559097934514284,-0.01106239017099142,-0.008663979358971119,0.0017514812648434241,-0.022175928935184885,0.49687198733518434,-0.6641608476638794,0.1913382112979889,-1.0895369052886963,-0.2312605823815278,0.2273693371978945,-0.11935661196433868
1219,1623510935.1601875,0.0,-0.004061906132847071,-0.009331133216619492,-0.01502241101115942,0.0021620488915043493,-0.022564186568637838,0.49701813404970224,-0.11128860712051392,-0.12504532933235168,0.4913155138492584,-0.08140788398337467,-0.0044579605926388126,-0.07085162960151074
1220,1623510935.1699553,0.0,-0.005204738583415747,0.0058289491571486,-0.014193618670105934,0.006409771729021692,-0.021984188280925167,0.4984043375316195,-0.2380550652742386,-0.02597573772072792,0.22926045954227448,0.22427640097178517,0.007613719357948615,0.060459943090025225
1221,1623510935.211158,0.0,-0.00584577489644289,-0.008096644654870033,-0.01275098416954279,0.002331011577388707,-0.023245553387957085,0.5019812178757375,0.06234950199723244,-0.7418334484100342,-0.43652984499931335,0.02712212188390658,0.033387272990103446,0.09717286314516185
1222,1623510935.2208226,0.0,-0.006739246658980846,-0.00971396267414093,-0.01682504080235958,0.0018132039582403753,-0.022746386936849397,0.5021904343110268,-0.07293909043073654,-0.03343259170651436,-0.37154871225357056,-0.22235556086473726,0.026788342252000892,0.04007898329230918
1223,1623510935.2307062,0.0,-0.007138185203075409,-0.005638808477669954,-0.02048521675169468,0.002922368845972037,-0.02282713833669516,0.5024956520480255,-0.1634865552186966,0.5854860544204712,-0.26928332448005676,0.003019551112089035,0.02012737867317639,0.026267576250641696
1224,1623510935.2409337,0.0,-0.008330114185810089,-0.00023734424030408263,-0.021575631573796272,0.0044089208861014945,-0.022843436288268647,0.5028906603732395,-0.10170122981071472,0.6249008178710938,0.08331923931837082,0.1233277339843059,-0.002973436680551047,0.03378554454997961
1225,1623510935.2508337,0.0,-0.0085370521992445,0.004708591848611832,-0.01985969953238964,0.005752926887288422,-0.023159311346857274,0.5030739487413991,0.06980635225772858,0.37775948643684387,0.29530686140060425,0.15352607628939635,-0.012645212200492325,0.02914846240217118
1226,1623510935.2608202,0.0,-0.008617006242275238,0.002872329205274582,-0.014551617205142975,0.005139680430699643,-0.023498348644529904,0.5031815075245694,0.01441260240972042,-0.4680604934692383,0.7363263368606567,0.06361379213746703,-0.03245405468401509,0.01547780990925285
1227,1623510935.2707188,0.0,-0.007883959449827671,-0.00455454969778657,-0.005396194756031036,0.0028721120288957083,-0.024076380326359302,0.5031782603773094,0.14437487721443176,-0.841968297958374,0.9824024438858032,-0.13263984504441928,-0.048387383714202904,0.006132021853279308
1228,1623510935.2808776,0.0,-0.008427254855632782,-0.010965149849653244,-0.002779720351099968,0.0009082472113639203,-0.02408854011186727,0.5030668963739042,-0.03991588577628136,-0.5863048434257507,-0.32680758833885193,-0.22517136251304132,-0.03796047006836113,-0.005219066452205134
1229,1623510935.2910402,0.0,-0.008238264359533787,-0.011867918074131012,-0.008418622426688671,0.0005730291110860111,-0.024478151141930228,0.503003673078668,-0.07187382131814957,0.5748333930969238,-0.7688923478126526,-0.14597188983111925,-0.021041877866064995,-0.009486345016087385
1230,1623510935.3009572,0.0,-0.009092110209167004,-0.005489093251526356,-0.015770787373185158,0.002307936278071472,-0.024306304833364475,0.5029140410464861,-0.19224870204925537,0.35538893938064575,-0.5292078256607056,0.05107796214048246,-0.012380101458696089,-0.009109108592523245
1231,1623510935.343795,0.0,-0.007821392267942429,-0.01036502979695797,-0.001225799322128296,0.00024227791140474242,-0.027981663600104734,0.5047695919235884,0.14863592386245728,-0.5841743350028992,-0.40457189083099365,0.07487184016627046,-0.026691460228077,-0.011714602650358463
1232,1623510935.3531356,0.0,-0.007588718552142382,-0.0112181780859828,-0.005929735489189625,-0.0006080574568077535,-0.027238307070562656,0.5057591299518924,0.0016294285887852311,0.17535923421382904,-0.4823361933231354,0.07108783187657813,-0.024873133407718878,-0.011646466381443876
1233,1623510935.3629732,0.0,-0.007183472625911236,-0.008779805153608322,-0.009566400200128555,-0.00038640425744536355,-0.0286380011807177,0.5074140474213182,-0.3296678066253662,0.26271092891693115,-0.2074979543685913,0.047898933088188336,-0.03634311287239494,0.03648754199633058
1234,1623510935.3731244,0.0,-0.008015871047973633,-0.006365378852933645,-0.00937457475811243,0.00017029512136543246,-0.029445382163839393,0.5074931002982966,0.5555669665336609,-0.14102430641651154,0.27293628454208374,0.04527675536601693,-0.09035189462158338,0.08745887436479306
1235,1623510935.383088,0.0,-0.009898982010781765,-0.010417066514492035,-0.004329905845224857,-0.0010242725007803266,-0.026930251167772076,0.5070555189137996,-0.42980268597602844,-0.14954641461372375,0.6127556562423706,-0.036492454597624305,0.06186503953366644,-0.002068242735849075
1236,1623510935.3931859,0.0,-0.007788782007992268,-0.014540361240506172,0.0016918443143367767,-0.0023828509459306035,-0.02865786788317956,0.5064783185480397,0.11348219215869904,0.15618447959423065,0.6329956650733948,-0.12299546392014728,0.03290900366023457,-0.05252606065604773
1237,1623510935.4030142,0.0,-0.007234858814626932,-0.011802218854427338,0.006307831034064293,-0.0013152452190758473,-0.03641737513001801,0.5074390357172358,0.07513267546892166,0.214774027466774,0.25802260637283325,-0.025560144612806444,-0.39428681344472916,0.007450403251829827
1238,1623510935.4130738,0.0,-0.004910887684673071,-0.008067985065281391,0.009202348068356514,0.00030793767365118463,-0.03207534473846688,0.5077275688835455,0.40429940819740295,0.288277268409729,0.39757224917411804,0.12625029700760015,-0.2600444084805192,0.06919043656674934
1239,1623510935.4234645,0.0,0.00022540282225236297,-0.010604552924633026,0.013116538524627686,-0.0005138000325159015,-0.02997219799010685,0.5057114378741687,0.8016430139541626,-0.17830856144428253,0.23991310596466064,0.049563080514890674,0.261252717820635,-0.05910940830643504
1240,1623510935.433112,0.0,0.003285924205556512,-0.017132777720689774,0.015975892543792725,-0.00280983869257255,-0.031553964706029905,0.50524186002528,0.6525059938430786,-0.908014714717865,0.03431706875562668,-0.13227525955326744,0.1121798965921045,-0.1309451506869223
1241,1623510935.4749014,0.0,0.0024035631213337183,-0.022855021059513092,0.012428876012563705,-0.002886808016205167,-0.04125343759413559,0.5088316879242214,-0.24018560349941254,0.05604962632060051,0.1301908791065216,-0.17069962987012852,-0.11997979217398302,-0.018052517609058197
1242,1623510935.4846544,0.0,0.0019609443843364716,-0.024127108976244926,0.014240603893995285,-0.0030369090944542335,-0.03869395577131949,0.5088182301623649,-0.21568451821804047,-0.18363487720489502,0.17919303476810455,-0.06392648547982899,0.011796503965135598,0.023528774130556457
1243,1623510935.4951224,0.0,0.00026655395049601793,-0.022414032369852066,0.014980308711528778,-0.002500373417386466,-0.03965728107771374,0.5110486768591945,0.7313355803489685,0.2797551453113556,0.039643388241529465,0.017163223752376965,0.12603324361330154,0.11819322534793568
1244,1623510935.5048676,0.0,-0.0004187168669886887,-0.020580139011144638,0.016888383775949478,-0.002398413324663909,-0.04060683831603634,0.5098985905083636,-1.0295466184616089,-0.013192563317716122,0.4923807680606842,0.03925220252653155,-0.10089770563121547,0.07453857738260528
1245,1623510935.5151594,0.0,-0.0002624208282213658,-0.023731540888547897,0.01984323188662529,-0.0035594260129820504,-0.038805950146946905,0.5091615087376963,0.20616020262241364,-0.46912574768066406,0.37413641810417175,-0.03932427170762523,-0.00858360673130259,-0.08901202695771085
1246,1623510935.5248258,0.0,0.0001543255930300802,-0.025928346440196037,0.023002877831459045,-0.004472330319248277,-0.038767309658156994,0.5091645517702053,-0.16029076278209686,0.06883279979228973,0.12060349434614182,-0.10922864204584995,0.10812724932161377,-0.04505153369334938
1247,1623510935.5350492,0.0,-0.001092868042178452,-0.023199018090963364,0.02265268936753273,-0.003988312467884128,-0.0398130753572663,0.5099099061611408,-0.21035818755626678,0.5066564679145813,-0.13932102918624878,-0.037385457729815406,-0.03701924348774407,0.03164266129052819
1248,1623510935.5449018,0.0,-0.000699380470905453,-0.019125353544950485,0.021327145397663116,-0.003147797625839631,-0.04091111559468062,0.5107664108702912,0.19976861774921417,0.4352837800979614,-0.09457992762327194,0.06176972242690865,-0.10815889687267864,0.07697815652271771
1249,1623510935.5551178,0.0,-0.0008051618933677673,-0.0154208242893219,0.021423574537038803,-0.0024055966309888682,-0.04042492848646489,0.510848843571037,-0.02074112370610237,0.4182395339012146,0.07799291610717773,0.0837985425430655,-0.04127866936587253,0.05059724921628924
1250,1623510935.564987,0.0,-0.000834162172395736,-0.015915369614958763,0.023137614130973816,-0.002797660527075377,-0.04071869324825603,0.5108464254079754,0.10922113806009293,-0.20387490093708038,0.23352152109146118,0.030557555907795683,0.013062710012328964,0.0058487258588746085
1251,1623510935.608253,0.0,0.0013027366949245334,-0.014084369875490665,0.02148708701133728,-0.0032576399586996957,-0.04412059467973874,0.5110793876484414,0.02506524696946144,0.27229830622673035,-0.05196935310959816,0.0033314484590917823,-0.06814186541187582,-0.0006510457606376121
1252,1623510935.6182308,0.0,0.002132711000740528,-0.01310018915683031,0.021229971200227737,-0.0031353912090679725,-0.044620821705428186,0.5110382406523869,-0.05696011707186699,0.07202859222888947,-0.04770829528570175,0.027038397838584714,-0.09350444147280947,-0.0012195740218506699
1253,1623510935.6285594,0.0,0.0026265117339789867,-0.013333573006093502,0.020483676344156265,-0.003318390249115677,-0.04481341894359067,0.5109949463520242,0.023999981582164764,-0.002539919689297676,-0.10523257404565811,0.003008062016861428,-0.03764624560040784,-0.004194233231453499
1254,1623510935.638038,0.0,0.002992189023643732,-0.013344231992959976,0.01940307766199112,-0.003423522202669893,-0.04515431518941738,0.5109434440349261,0.01441260240972042,0.09439914673566818,-0.09990625083446503,-0.013916954120897218,-0.024784455642005494,-0.005286448390653757
1255,1623510935.6481776,0.0,0.0033739081118255854,-0.01188918948173523,0.0185113362967968,-0.0030734558714209242,-0.045473411056659654,0.5108768107868729,0.0176083967089653,0.23181825876235962,-0.09138413518667221,0.011562896874237344,-0.03437202033726434,-0.0058875317863946
1256,1623510935.6582115,0.0,0.003529132343828678,-0.009559699334204197,0.017883386462926865,-0.0024403186097938998,-0.04569895872682806,0.5108088354596227,-0.03565482795238495,0.28188568353652954,-0.049838822335004807,0.05165170314076282,-0.029501537723648955,-0.006526796527161577
1257,1623510935.668464,0.0,0.003623995231464505,-0.007765504065901041,0.01755879446864128,-0.0019490862113386923,-0.04593348032618252,0.5108018273023305,-0.03139377012848854,0.1679023951292038,-0.0200114194303751,0.05884874481967903,-0.02329134110084184,-0.004257583468608691
1258,1623510935.6790915,0.0,0.0035928026773035526,-0.006782663054764271,0.017511460930109024,-0.0016887714460768616,-0.04610163999734611,0.5108026985859421,-0.03245903179049492,0.06883279979228973,0.01407704409211874,0.040746624257134684,-0.019897314432643875,-0.0004909759361572815
1259,1623510935.6881602,0.0,0.0036736014299094677,-0.005969351623207331,0.017712514847517014,-0.0014679779557238842,-0.046167886355280206,0.5108117454604022,-0.006892687175422907,0.06350647658109665,0.02259915880858898,0.026446500121181306,-0.011972105693789536,0.0005540440255354331
1260,1623510935.6982088,0.0,0.003925343044102192,-0.004770383704453707,0.018104463815689087,-0.0007630980403682819,-0.052035994682814835,0.5162742089314517,0.022934718057513237,0.13168339431285858,0.03857812657952309,0.025225860823039518,-0.007538708635897197,0.0019843833984122994
1261,1623510935.7453315,0.0,0.005062313750386238,0.010233742184937,0.017616380006074905,0.0020230855845404377,-0.0548639204219927,0.5186606144711488,0.7196176648139954,-0.27524763345718384,-0.2266727238893509,0.01771109093714611,0.013438980773570447,-0.005219152296350045
1262,1623510935.7550733,0.0,0.008251309394836426,0.015395736321806908,0.012139178812503815,0.0034013414552045568,-0.055153005750968515,0.5182308331273859,0.4778026342391968,0.1497928947210312,-0.5089678168296814,0.23554596295654623,-0.026039108322653853,-0.022006411928769145
1263,1623510935.7650778,0.0,0.013743843883275986,0.016081202775239944,0.008481884375214577,0.003039463179495286,-0.054320204806022204,0.5176285860905244,0.18592017889022827,0.4651111662387848,-0.3832665979862213,0.057363819592407654,-0.0054502240510488085,-0.04706418031696467
1264,1623510935.7750583,0.0,0.019595596939325333,0.019792182371020317,0.004993833601474762,0.003653931669690122,-0.05272948194518978,0.5169631162964339,0.7664893269538879,0.30851730704307556,-0.44079089164733887,0.019820490891120226,0.10294567097834635,-0.06503146951925885
1265,1623510935.7849693,0.0,0.025206128135323524,0.027664845809340477,0.000603964552283287,0.005571525375643427,-0.055231679841507175,0.5174999120234918,0.5832638144493103,0.8560632467269897,-0.452508807182312,0.12067938622712737,0.0016820014404662841,-0.01686695349168789
1266,1623510935.7950034,0.0,0.030295690521597862,0.03572982922196388,-0.0030647721141576767,0.007154592530928122,-0.05791095737580672,0.5189365274357516,0.2817939817905426,0.64833664894104,-0.2639569938182831,0.1874301184859546,-0.26407984982853094,0.09049737995116526
1267,1623510935.8051457,0.0,0.03280821442604065,0.04367478936910629,-0.0054190680384635925,0.008417960694395377,-0.05079152190896405,0.5186309966899461,0.5502406358718872,0.49493858218193054,-0.22241166234016418,0.15255814050974809,0.18873702638691264,0.07293597190131786
1268,1623510935.8149374,0.0,0.03572622686624527,0.0478702187538147,-0.006427089683711529,0.008815418463607463,-0.04923568296914413,0.5176937954802623,0.3361224830150604,0.8379537463188171,-0.1616915911436081,0.08748283300867833,0.5052933566277176,-0.05308546298327851
1269,1623510935.8251007,0.0,0.03687899932265282,0.05517132207751274,-0.007622234523296356,0.01044818440448092,-0.05723784415278148,0.5194790763339021,-0.12939809262752533,0.8816295862197876,-0.17767055332660675,0.08921471526957933,-0.22857746035507273,0.02027335900806245
1270,1623510935.8347332,0.0,0.03926286846399307,0.05226545408368111,-0.008079209364950657,0.009384759048998742,-0.06003748322704906,0.5215829572826809,0.08791584521532059,-0.9122757911682129,0.22926045954227448,0.04141077936969664,-0.5646600499425593,0.19031678360576415
1271,1623510935.875052,0.0,0.012904106639325619,0.04814598709344864,-0.023215247318148613,0.008995475386555513,-0.04795643655208405,0.5243123277641222,-0.22740241885185242,1.7530158758163452,-0.05836093798279762,-0.11776418892197205,0.2553115516992681,0.1794736258763106
1272,1623510935.884977,0.0,0.010208369232714176,0.0582084096968174,-0.01975235715508461,0.012216275005830585,-0.047752286115130736,0.5255713901175062,0.1710064858198166,0.1359444558620453,0.66921466588974,0.08656776241199877,0.4805801269279447,0.13282102192093018
1273,1623510935.8954608,0.0,0.010114473290741444,0.05490078404545784,-0.01386922039091587,0.011491865116706426,-0.04988046319050319,0.526878426611957,0.0037599573843181133,-0.4350372850894928,0.41568171977996826,0.14637284819047516,-0.06160164184400117,0.1299365280906739
1274,1623510935.904981,0.0,0.00884659867733717,0.04957926273345947,-0.01733935996890068,0.010125815842439212,-0.049373936203476236,0.5269530394335312,-0.35949522256851196,-0.49682262539863586,-0.7188249230384827,-0.08485379214002978,-0.10145230656796737,0.07721998027917569
1275,1623510935.9150884,0.0,0.0047479965724051,0.04638179764151573,-0.022752782329916954,0.009715241961094558,-0.04592769122322399,0.5266488914164279,0.10922113806009293,-0.06219473108649254,-0.01255456730723381,-0.09330499229449848,0.16601836794216396,-0.00625179482896714
1276,1623510935.9253829,0.0,0.0043702819384634495,0.04443402960896492,-0.02231869474053383,0.009654728991494117,-0.04527453492958228,0.5267980149515135,-0.11128860712051392,-0.3135971426963806,0.05988341569900513,-0.030943595876685315,0.21193750215703955,-0.014162964326605215
1277,1623510935.9351213,0.0,0.0036454536020755768,0.043725647032260895,-0.020928027108311653,0.009920236888954631,-0.04483336187068643,0.5271536251839177,0.05063159391283989,0.03900539502501488,0.13338667154312134,0.001242907439335705,0.08916435971065079,0.023041862542260243
1278,1623510935.9454794,0.0,0.003892315551638603,0.044947415590286255,-0.019912919029593468,0.010668076752337656,-0.04388122829786151,0.5272393950852521,-0.016480065882205963,0.14766237139701843,0.20369412004947662,0.04440702300084355,0.08975018937310096,0.026630908734563603
1279,1623510935.9549756,0.0,0.0026648277416825294,0.04576598107814789,-0.016567811369895935,0.011192917316450418,-0.04244732199862547,0.5271382645432423,0.01867366023361683,-0.11439268290996552,0.4146164655685425,0.06788015764406048,0.12585267766034208,0.00044207772880486957
1280,1623510935.9650059,0.0,0.0026144699659198523,0.04392053186893463,-0.015489106997847557,0.010912102441588183,-0.041421759695708625,0.5269064026545573,0.0921769067645073,-0.5223889946937561,-0.04877356067299843,0.020778914478160992,0.1311850649890191,-0.016776649779333224
1281,1623510936.0076756,0.0,-6.221906369319186e-05,0.03247114643454552,-0.01040873397141695,0.00890461726321902,-0.03678288492797839,0.5257819356091082,-0.09424437582492828,-0.3093360960483551,0.1216687560081482,-0.12359770499122029,0.13618612327879004,-0.02167426318674285
1282,1623510936.0177312,0.0,-0.0009245876572094858,0.0292276032269001,-0.0093335947021842,0.00834063347396178,-0.03585229242190702,0.5256638210002345,-0.15283390879631042,-0.3647298514842987,0.09290661662817001,-0.14481860371682093,0.13384460676263263,-0.017387273310169787
1283,1623510936.027498,0.0,-0.0017923939740285277,0.02614785172045231,-0.008582054637372494,0.007787278425344463,-0.03505099624292327,0.5255923467989752,-0.12194125354290009,-0.35407719016075134,0.07160133123397827,-0.05846865255598981,0.08986162877582256,-0.010530320141469244
1284,1623510936.0374715,0.0,-0.0021988297812640667,0.02358452044427395,-0.008133549243211746,0.007270919285858435,-0.034117750146080615,0.5255601294316248,-0.02819797582924366,-0.2773781418800354,0.03325180336833,-0.0558905299749141,0.08692807188852895,-0.0048520386978250195
1285,1623510936.047561,0.0,-0.0025643506087362766,0.02091589942574501,-0.00789356417953968,0.007538272194626688,-0.039774981268591136,0.5328419015638981,0.00908628012984991,-0.35833826661109924,0.006620192434638739,-0.061100567382991695,0.08748310336629964,-0.0011821241541503979
1286,1623510936.0577142,0.0,-0.0038406201638281345,0.017948264256119728,-0.00803949125111103,0.0071892279972076145,-0.04217654096130133,0.5348051070514762,-0.03458956256508827,-0.359403520822525,0.05242656543850899,-0.06606572734484795,0.0871509235896665,0.0020253290233738226
1287,1623510936.0677109,0.0,-0.0058221821673214436,0.015777701511979103,-0.008213642984628677,0.0069097484944141,-0.04568633900128957,0.5379514931010976,-0.4127584397792816,0.06031068041920662,-0.2032369077205658,-0.05656780554345794,-0.11606494062329058,0.13626149787621852
1288,1623510936.077709,0.0,-0.008716527372598648,0.014727720059454441,-0.009437863714993,0.007205464920020374,-0.043317921686594416,0.5383405135428385,-0.34990784525871277,0.1540539562702179,-0.09031887352466583,-0.007621630641707192,-0.09629094343598014,0.17959192359455578
1289,1623510936.087639,0.0,-0.012011264450848103,0.018444184213876724,-0.011250394396483898,0.008760796076686714,-0.03666319321710232,0.536177326409615,1.1957908868789673,-0.1612643301486969,-0.2266727238893509,0.0958371397949329,0.4515236017287803,-0.056834748464544296
1290,1623510936.0978563,0.0,-0.013121519237756729,0.021049462258815765,-0.012015397660434246,0.008707448012909208,-0.039248337459192095,0.5353338302255295,0.5747417211532593,0.44274061918258667,-0.03066406399011612,0.083031940402756,0.30279318499506125,-0.1605519133334857
1291,1623510936.1389155,0.0,-0.015281380154192448,0.007622622884809971,0.007930967956781387,0.0038920391984943042,-0.04524173988705231,0.5352865849785686,-0.04950326308608055,-0.6203933358192444,0.6425830721855164,-0.19724660102415353,-0.08294275145380092,-0.06269502471624856
1292,1623510936.1488903,0.0,-0.019666573032736778,0.0018084157491102815,0.01076703891158104,0.002030291826803643,-0.04167330652785656,0.5344840590778169,-0.810102105140686,-0.14848116040229797,0.11740770190954208,-0.28079369801179715,0.0967772174329881,-0.03890176581901108
1293,1623510936.1589148,0.0,-0.020457293838262558,0.001260391902178526,0.011582273989915848,0.0017651329779811292,-0.03588973858375488,0.533040134436009,0.2764676511287689,0.3713679015636444,-0.06794831901788712,-0.12578612479576667,0.4714664147631299,-0.10490796299287469
1294,1623510936.1689003,0.0,-0.021409882232546806,0.004275338724255562,0.010799305513501167,0.0026617510289440732,-0.04250115211301636,0.5338198543508623,-0.1485728621482849,0.5055912137031555,-0.08925360441207886,0.024247066669147176,0.07764451694603496,-0.05323964915126052
1295,1623510936.1792326,0.0,-0.01979886367917061,0.005609347019344568,0.01220068708062172,0.0031405897533303417,-0.04486443339221502,0.5343809888685201,0.671680748462677,0.19666452705860138,0.17599724233150482,0.07429971057316954,-0.4391093491539836,0.06300398451605911
1296,1623510936.1889794,0.0,-0.01871797814965248,0.009095792658627033,0.013766482472419739,0.0035279327279223657,-0.04023859657286378,0.5358158603745224,0.4522362947463989,0.13807497918605804,0.24736995995044708,0.047906425504825455,0.06907558188334273,0.07277558410595589
1297,1623510936.1989293,0.0,-0.012206368148326874,0.0036925124004483223,0.022897589951753616,0.0019560458177691545,-0.04083743648167279,0.5350793082983094,0.32546982169151306,-0.5234542489051819,0.9941203594207764,-0.049196178479169315,0.2286960340597392,0.03749957090183735
1298,1623510936.208942,0.0,-0.01328555028885603,-0.0004405125800985843,0.03190748021006584,0.000596188550299484,-0.037259185177069123,0.5320257881321065,-0.38719210028648376,-0.40414461493492126,0.946183443069458,-0.14278864707492755,0.11509894379729425,-0.14862077756386194
1299,1623510936.2188838,0.0,-0.012586606666445732,-0.003844711696729064,0.03337104618549347,-0.00036788148545507937,-0.03658252403957002,0.5318170655323144,0.3233392834663391,-0.24222442507743835,-0.08605781197547913,-0.1213833141814793,0.21203186136925914,-0.17607120315857855
1300,1623510936.2289786,0.0,-0.01459985226392746,-0.0011414438486099243,0.03297850117087364,0.0003334269632428999,-0.03720544343832894,0.534152179126322,-0.23912033438682556,0.040070656687021255,-0.018946155905723572,-0.02391848439504213,0.056183991217466187,0.05882503107914711
1301,1623510936.2730212,0.0,-0.01629401370882988,-0.0018502507591620088,0.03735344111919403,-0.0004811078783379108,-0.03431099827510832,0.535084833257403,-0.05696011707186699,-0.40520989894866943,-0.2735443711280823,0.01742158939811184,0.007678192725796797,0.1293863714938048
1302,1623510936.2831688,0.0,-0.015915311872959137,-0.003961683716624975,0.033844780176877975,-0.0010892331139572761,-0.0336539043694429,0.5351894850347161,-0.009023215621709824,0.058180153369903564,-0.42268139123916626,-0.0536477716637829,0.06085034078465201,0.03291574302610146
1303,1623510936.2929494,0.0,-0.015779007226228714,-0.0031046599615365267,0.02989816665649414,-0.0008977570477717578,-0.03300159633912056,0.5351381877335969,0.13691802322864532,0.07735491544008255,-0.3012412488460541,-0.029678106401152548,0.07138337110416756,0.0032937001516536502
1304,1623510936.3032014,0.0,-0.015448929741978645,-0.0022307150065898895,0.0279250331223011,-0.0006757365267723442,-0.03287314982772587,0.5351524939424716,0.022934718057513237,0.10398653149604797,-0.138255774974823,0.019439358372870478,0.04569344606698069,-0.003227230801755864
1305,1623510936.3130496,0.0,-0.015249946154654026,-0.0025273493956774473,0.026792749762535095,-0.0008030451025550778,-0.03259464517246676,0.5351360076270094,0.026130512356758118,-0.05047682300209999,-0.11268942058086395,0.008803283816124687,0.019535731193386616,-0.0011003847648025553
1306,1623510936.323192,0.0,-0.015632232651114464,-0.0033717870246618986,0.025263506919145584,-0.0010778371442038345,-0.03203871859236692,0.5350773804596076,-0.016480065882205963,-0.0643252581357956,-0.1425168216228485,-0.01679838063892587,0.039370883441433656,-0.0041602864566012586
1307,1623510936.3335383,0.0,-0.015787428244948387,-0.004103543236851692,0.02407044917345047,-0.0013242371220138008,-0.031758361090970806,0.5350591707367249,-0.03245903179049492,0.004916931502521038,-0.10842836648225784,-0.026706749889932747,0.04382473681006938,-0.0047132291411309075
1308,1623510936.3428864,0.0,-0.01616482436656952,-0.004343479871749878,0.02327941358089447,-0.0014176742009589585,-0.031522214883839224,0.5350298307822913,-0.02074112370610237,0.044331714510917664,-0.06688304990530014,-0.0187125889747961,0.02790406858636721,-0.002218482591665564
1309,1623510936.3529387,0.0,-0.016583411023020744,-0.0040306937880814075,0.022812530398368835,-0.001366286475971791,-0.031083434739472136,0.5349948781587575,-0.019675860181450844,0.09120335429906845,-0.021076682955026627,-0.004587197330669793,0.031852716864931935,-0.003035275866572217
1310,1623510936.3630395,0.0,-0.017002545297145844,-0.003571029519662261,0.022741220891475677,-0.0012976892269710091,-0.030578535370307067,0.534961596454544,0.03571789339184761,0.036874864250421524,0.009815986268222332,0.005665392913812746,0.04607450131058372,-0.0033656829522060896
1311,1623510936.4058535,0.0,-0.018159320577979088,-0.0022927026730030775,0.025004439055919647,0.0001799649527956526,-0.03549609017987136,0.5416880552811513,-0.08039593696594238,0.15298868715763092,0.09503714740276337,0.015915440364440304,0.036771289700815425,0.009695789604535614
1312,1623510936.4158413,0.0,-0.01904931105673313,-0.0011367264669388533,0.024692226201295853,0.00048484009797077066,-0.036476948709135176,0.5440348018420583,-0.49371853470802307,0.2605803906917572,-0.007228245493024588,0.01680544504216404,-0.013040517294607508,0.0846898178872861
1313,1623510936.4259593,0.0,-0.020384954288601875,-0.0011656585847958922,0.025472544133663177,0.00038693179362371544,-0.03650876015836056,0.5443344056160528,-0.0005011003231629729,-0.433972030878067,0.08012343943119049,0.01668395882439835,-0.057267508154644285,0.1346067544715951
1314,1623510936.4358497,0.0,-0.020628467202186584,-0.004839688539505005,0.028127137571573257,-0.0009038623214956548,-0.034119661311396335,0.5436527172484061,0.4224088788032532,-0.23263704776763916,-0.057295676320791245,-0.060938357148104104,0.1144253508140792,-0.0036204141134838397
1315,1623510936.445701,0.0,-0.02049430087208748,-0.007252640090882778,0.024858668446540833,-0.0013402133191165871,-0.03475150305673974,0.5428714957924036,0.6833986639976501,-0.2539423406124115,-0.42268139123916626,-0.09420576145498064,0.12288432889712432,-0.08126542604894695
1316,1623510936.4561386,0.0,-0.018613416701555252,-0.004057128913700581,0.018764205276966095,2.3951196959179355e-05,-0.040370633643247306,0.5436705404875432,-0.06015590950846672,0.15298868715763092,-0.5579699873924255,0.023274982135369562,-0.29661197512969206,-0.01187256561463572
1317,1623510936.4658794,0.0,-0.01579531654715538,-0.005109318066388369,0.015073351562023163,0.0001534513045623742,-0.03609457602344729,0.5427533562839228,-0.1357896775007248,0.2797551453113556,-0.26608753204345703,0.07235283798371597,-0.14425023370817694,0.001836851472925425
1318,1623510936.475949,0.0,-0.017139306291937828,-0.0008397779893130064,0.012965992093086243,0.0008988172299708164,-0.03305528019796722,0.5411730324716776,0.4799331724643707,-0.34342455863952637,-0.06688304990530014,0.06205574996391832,0.38363232290684346,-0.12456753893313327
1319,1623510936.4857705,0.0,-0.014224562793970108,0.0005430280580185354,0.0118618905544281,0.0012718246741716954,-0.03956693482314469,0.5421430823957312,0.04637053608894348,0.5141133069992065,-0.1851274073123932,0.05777987816304194,-0.05047740250957232,-0.055150081057224826
1320,1623510936.4957225,0.0,-0.011627753265202045,0.0028691175393760204,0.009849177673459053,0.0014470534563541526,-0.04115463136499167,0.5432483040122174,0.11135166138410568,0.4171742796897888,-0.2756749093532562,0.023485965616376205,-0.4365081630203775,0.10151243590614832
1321,1623510936.5440948,0.0,0.0006665308028459549,-0.000584100023843348,0.004014216363430023,-0.00014339597140954757,-0.029113526132004318,0.543688413413203,-0.7919926047325134,-0.6150670051574707,0.186649888753891,-0.018398428776129138,-0.17861057105829942,0.1355122955308147
1322,1623510936.5541518,0.0,0.0014896850334480405,-0.006648330949246883,0.0009157713502645493,-0.0018980480842720193,-0.027874663317486052,0.5422823703203042,-0.116614930331707,-0.32531505823135376,-0.42374664545059204,-0.12262369884499409,0.024529212443586815,0.028084780469137118
1323,1623510936.564108,0.0,-0.0037201724480837584,-0.0024126407224684954,-0.004820467904210091,-0.0007021343369399274,-0.024386490527008503,0.541274438308331,-0.39784473180770874,0.3681721091270447,-0.5004456639289856,-0.04985562471698761,0.2390429759881593,-0.11425004367890339
1324,1623510936.5741403,0.0,-0.0017181852599605918,0.0008545124437659979,-0.007093021646142006,0.00020913199044945985,-0.02509444281027405,0.5423579041250508,0.1283959001302719,0.6834903955459595,-0.08073148876428604,0.09080069406857537,0.16484362376590514,-0.02288830508941983
1325,1623510936.5841997,0.0,-0.002414948306977749,0.004883613903075457,-0.005891056731343269,0.0012156074186183419,-0.025459985583717114,0.5440135601845583,0.412821501493454,0.1444665640592575,0.20369412004947662,0.10259759607862348,-0.03138089066178283,0.12720175376682047
1326,1623510936.594111,0.0,-0.002458649454638362,0.0021463537123054266,-0.0019894521683454514,0.00032048173849623385,-0.02525822022188641,0.5449861955870947,-0.04843800142407417,-0.481908917427063,0.5136860609054565,0.02507727171990221,-0.01821121849257859,0.14356037760084073
1327,1623510936.6040187,0.0,-0.004222353454679251,-0.0027567995712161064,0.0032066721469163895,-0.001266633570037451,-0.02386909485748622,0.5449394130734208,0.010151544585824013,-0.5788480043411255,0.43805229663848877,-0.11304933229527407,0.06686467727530872,0.05849145774118848
1328,1623510936.6144001,0.0,-0.005664308555424213,-0.009213877841830254,0.0012207962572574615,-0.003094683223316491,-0.02291985634761108,0.544851239191203,-0.26362141966819763,-0.5671300888061523,-0.4770098924636841,-0.17235749438057835,0.1176995728988209,-0.005739864276808201
1329,1623510936.6239038,0.0,-0.008314535021781921,-0.008683433756232262,-0.004448778927326202,-0.002913916813148981,-0.021922060239092572,0.545019287996107,-0.19331395626068115,0.3756289482116699,-0.6538437604904175,-0.1074944864647205,0.09981606624166313,0.0004235666432254499
1330,1623510936.6344411,0.0,-0.00980023480951786,-0.004578250925987959,-0.009745728224515915,-0.0017207150302544424,-0.020745861283294233,0.5450677138217817,-0.1997055560350418,0.26377618312835693,-0.3608960509300232,0.051360638446610485,0.11087622097556364,0.010913632930235418
1331,1623510936.6781,0.0,-0.014845263212919235,-0.00736944330856204,0.00464719720184803,-0.0032674903579474265,-0.017798142989977554,0.5447544694199308,-0.040981147438287735,-0.0547378771007061,0.10249399393796921,-0.0029577347556378445,0.15558445554294384,-0.008145447534990522
1332,1623510936.6878912,0.0,-0.015216200612485409,-0.006255975924432278,0.0052005834877491,-0.00306683292128182,-0.017271385902391488,0.5445542126428259,-0.03565482795238495,0.32769206166267395,0.046034976840019226,-0.06379553541666601,0.12742042590244293,-0.02297174758199818
1333,1623510936.6979094,0.0,-0.015362521633505821,-0.003739385399967432,0.006044184789061546,-0.002409586227432585,-0.017395856820751558,0.5446075893730106,0.023999981582164764,0.2701677680015564,0.14723511040210724,0.03751087930126182,0.02519979131471489,-0.00891995609862556
1334,1623510936.708018,0.0,-0.01512563694268465,-0.0026591173373162746,0.007447531446814537,-0.0022095163252340635,-0.017035047795701634,0.5445701634665391,-0.015414802357554436,-0.017453622072935104,0.15682248771190643,0.04822016503380762,0.008085184037802375,0.0008568842567980836
1335,1623510936.7179663,0.0,-0.015551447868347168,-0.0036592797841876745,0.008695008233189583,-0.002594836277052759,-0.016428777162247103,0.5444463819224468,-0.02819797582924366,-0.0962831899523735,0.06734026968479156,-0.0037155834706795914,0.04808069119826588,-0.007842629501327709
1336,1623510936.7277172,0.0,-0.01571706123650074,-0.004582539666444063,0.008955573663115501,-0.0029157911941018813,-0.01622189594733963,0.5443987518606281,-0.04950326308608055,-0.041954707354307175,-0.013619831763207912,-0.03636034347533361,0.04430473288755892,-0.009418563536879889
1337,1623510936.7378724,0.0,-0.01595918834209442,-0.004363724030554295,0.008693685755133629,-0.0028869765385026863,-0.015936901764971492,0.5443691574331073,-0.07720014452934265,0.1263570785522461,-0.035990387201309204,-0.019245158772346713,0.024626644634535764,-0.004083882062962499
1338,1623510936.748298,0.0,-0.016295772045850754,-0.0035001570358872414,0.008072886615991592,-0.0029921328318077145,-0.015302432624548404,0.5478352959301049,-0.006892687175422907,0.11144337803125381,-0.06581778824329376,0.000765021473025542,0.026596397917067593,-0.0016495572997149736
1339,1623510936.757704,0.0,-0.016804730519652367,-0.0029066591523587704,0.007204582914710045,-0.0028254869819638873,-0.01570475655053309,0.5488337008095626,-0.051633793860673904,0.010243253782391548,-0.12334206700325012,0.0024736031093378695,0.02321443575791672,0.002300608375835932
1340,1623510936.7677069,0.0,-0.017367754131555557,-0.0029600178822875023,0.0067018065601587296,-0.00303182391224803,-0.01775487409702607,0.5512542209233628,-0.29984042048454285,0.18814241886138916,-0.08605781197547913,0.00039677945397120475,-0.014454978479671107,0.04237669678113126
1341,1623510936.813392,0.0,-0.01697060465812683,0.0074224951677024364,0.005099838599562645,-0.0006353497642890005,-0.015104511227569506,0.5512130637057017,0.5981775522232056,0.3766942322254181,0.13232140243053436,0.16246886776832323,-0.019809498885771406,0.06434028554519655
1342,1623510936.8231199,0.0,-0.01336083933711052,0.009809158742427826,0.007794246077537537,-0.00019898904783789695,-0.013744528797312458,0.5502031843222046,0.7760766744613647,-0.05367261543869972,0.47746706008911133,0.16027055871100104,0.11006723308129174,-0.049554959709485036
1343,1623510936.8331294,0.0,-0.009478782303631306,0.008868163451552391,0.01383516937494278,-0.0006979320794149313,-0.015794535225004777,0.5495318817199675,0.12093904614448547,0.08374650031328201,0.6830630898475647,0.010879166540270357,0.010622856331035548,-0.08407658488868172
1344,1623510936.8431149,0.0,-0.00580013869330287,0.0052355690859258175,0.0187387615442276,-0.0019929593405929175,-0.020234393613408452,0.5506244299805091,0.22000864148139954,-0.5841743350028992,0.27293628454208374,-0.07381550649938486,-0.3084903131552394,0.000594907201167976
1345,1623510936.85311,0.0,-0.004803267307579517,0.0028393918182700872,0.020978711545467377,-0.0023028068883934744,-0.013770120857382467,0.5502639433748684,-0.06867802888154984,-0.4723215401172638,0.24417416751384735,-0.08921562327409861,-0.018028112327344137,0.04432777725071301
1346,1623510936.8632028,0.0,-0.0030008573085069656,-0.0014190016081556678,0.022601142525672913,-0.0031755362113655428,-0.012535089825873813,0.5499338824706466,0.36275407671928406,-0.1239800676703453,0.1728014498949051,-0.07721166789384014,0.3998283052017933,-0.030472923698117493
1347,1623510936.8729098,0.0,-0.0024843993596732616,-0.0014460838865488768,0.024475067853927612,-0.002850231808240747,-0.020556611153001864,0.5521302709706889,0.3339919447898865,0.06883279979228973,0.32300370931625366,-0.04123516510437948,-0.18045303887231498,0.046825725126827276
1348,1623510936.8828678,0.0,-0.0011315245646983385,0.00013111945008859038,0.02635764330625534,-0.0019406904400255526,-0.021869668215960092,0.553608454728121,0.17420227825641632,0.6504671573638916,0.12060349434614182,0.04907095152727722,-0.504844923411141,0.18464149736365612
1349,1623510936.893191,0.0,-0.0008502300479449332,0.0037512253038585186,0.02706465870141983,-0.0006576903598990852,-0.01667197685914132,0.5548045684914267,-0.10063596069812775,0.46298062801361084,-0.05836093798279762,0.11749763452865031,0.13280215808053727,0.12784556352986212
1350,1623510936.90308,0.0,0.0003500782186165452,0.011337844654917717,0.027042042464017868,0.0014985331558853288,-0.018146573040239207,0.5565192369976506,0.8687546849250793,0.05924541875720024,0.13338667154312134,0.18488870917173586,0.23486264418340197,0.15434669565302195
1351,1623510936.948653,0.0,-0.011771803721785545,-0.004230417311191559,0.03585460036993027,-0.0021247331900214883,-0.015285933899192361,0.5561139156869146,-0.49478381872177124,0.028352748602628708,-0.02320721372961998,-0.09174861047811055,0.0764725512013722,0.12704213248354382
1352,1623510936.9590392,0.0,-0.01706049032509327,-0.0007845446816645563,0.035409148782491684,-0.0011334896381227505,-0.0144980788898071,0.5563451205893644,-0.40104052424430847,0.3106478154659271,-0.05090408772230148,-0.17238041871543486,0.16991628296387626,0.025469641843878996
1353,1623510936.9688244,0.0,-0.01941666752099991,0.0017475092317909002,0.03578915446996689,-0.00037428536528217454,-0.01438465886512734,0.5565407153107442,-0.2646866738796234,0.13700972497463226,0.1259298175573349,0.08455447133419654,0.04803531531163564,0.019895017744778073
1354,1623510936.9788377,0.0,-0.021532820537686348,0.0031127685215324163,0.03667424991726875,1.1091298486802514e-05,-0.014043106292122763,0.5567481687538332,-0.1485728621482849,0.19666452705860138,-0.027468271553516388,0.06307826570891945,0.022696298511514338,0.020185117723497202
1355,1623510936.988932,0.0,-0.021983636543154716,0.004784304182976484,0.03523264452815056,0.0004523876348220199,-0.013007503782402827,0.556558573128308,0.03678315505385399,0.06350647658109665,-0.175540030002594,0.04340206477468562,0.0626975592123933,0.005194528149242148
1356,1623510936.9988084,0.0,-0.02210485376417637,0.003961603157222271,0.03356720134615898,0.00023530831674947045,-0.012328513005649439,0.5564033465280289,0.21148653328418732,-0.3753824830055237,-0.175540030002594,0.01913363743617227,0.0919683409254132,-0.017267829466268637
1357,1623510937.0087833,0.0,-0.021460024639964104,3.66562744602561e-05,0.03175714239478111,-0.000880665089305982,-0.012173676003398269,0.5564804810572187,-0.023936918005347252,-0.37644773721694946,-0.19791057705879211,-0.06052070827944083,0.04698384358347746,-0.007147286891934338
1358,1623510937.0188694,0.0,-0.021123502403497696,-0.0027773554902523756,0.02948932722210884,-0.0016707162847231158,-0.011836382468178551,0.5564657968171322,0.07726319879293442,-0.12504532933235168,-0.19684530794620514,-0.10074270798639136,0.023704818244212607,0.002233571641723153
1359,1623510937.0287073,0.0,-0.02132474258542061,-0.002533937804400921,0.02756475657224655,-0.001574789094921314,-0.011412253335304934,0.5564941219994394,0.013347337953746319,0.06563700735569,-0.16808317601680756,-0.044287119353965336,0.03927888920333938,0.00043138421233111817
1360,1623510937.038607,0.0,-0.0214123222976923,-0.0011887195287272334,0.026355937123298645,-0.001198830735495926,-0.011207510598371509,0.5565276071232068,0.05063159391283989,0.09439914673566818,-0.09564518928527832,0.02101758398123957,0.034749484173951795,0.0031988470116860275
1361,1623510937.0845294,0.0,-0.02325112372636795,-0.006648847367614508,0.025684520602226257,-0.0028827733954839146,-0.010142046440140155,0.5563230721926044,0.034652628004550934,0.02089589834213257,0.017272837460041046,-0.056805569927510624,0.04073958281274014,9.4423375110839e-05
1362,1623510937.0939734,0.0,-0.02329498715698719,-0.006617833860218525,0.02597092092037201,-0.002963386006358565,-0.010070318594248173,0.5563660541994887,0.00908628012984991,0.058180153369903564,0.03857812657952309,-0.08268667265380081,0.033106794011792555,1.9205176618953952e-05
1363,1623510937.1044095,0.0,-0.02328009158372879,-0.0069923317059874535,0.026327211409807205,-0.0031983381666604443,-0.016255621077681456,0.5658293170084445,0.0005641641328111291,-0.012127299793064594,0.042839184403419495,-0.024242654542095475,0.009318791095599372,0.007606930197434069
1364,1623510937.1141999,0.0,-0.02337043359875679,-0.007734843995422125,0.0268712118268013,-0.0030833945903321475,-0.016652144889613002,0.5678650999610613,-0.003696893807500601,-0.08136948943138123,0.027925480157136917,-0.012663200915114881,-0.007739508675869899,0.03066871826588543
1365,1623510937.1241598,0.0,-0.024699782952666283,-0.008159881457686424,0.02668077126145363,-0.0032035335750992266,-0.017556865835463092,0.5693945246675403,-0.11448439955711365,-0.32531505823135376,0.05242656543850899,-0.0009979520620841892,-0.05428353626426857,0.13400945484354487
1366,1623510937.1340983,0.0,-0.026620155200362206,-0.009483620524406433,0.02658960223197937,-0.0035069434060615023,-0.015827468760509555,0.5691578888371548,-0.5065017342567444,-0.00040939077734947205,0.0705360621213913,-0.014038283094226063,0.02807614304534083,0.07863603160011462
1367,1623510937.144139,0.0,-0.026860063895583153,-0.011780774220824242,0.026102446019649506,-0.004166841488188883,-0.016161729878536604,0.5690589805184358,0.37234145402908325,-0.332771897315979,-0.2447822093963623,-0.047195798561983374,0.11143177964766822,-0.015989248653643286
1368,1623510937.1540513,0.0,-0.027196843177080154,-0.015399601310491562,0.022940076887607574,-0.004686744145723121,-0.022360698698533465,0.5697751667621799,-0.08678752183914185,-0.35833826661109924,-0.3044370412826538,-0.05927800158746144,-0.26603720868748953,0.019132807075660303
1369,1623510937.1651285,0.0,-0.02792811021208763,-0.016242537647485733,0.018704578280448914,-0.004801236349843682,-0.01855588650012191,0.5689495827168896,-0.1677476167678833,-0.12078427523374557,-0.40457189083099365,-0.035127819549170956,-0.23875608590904498,0.010191821361401244
1370,1623510937.1743543,0.0,-0.0256519578397274,-0.01704699918627739,0.014902889728546143,-0.004748303866305328,-0.014449695088294273,0.5672870014642517,0.22000864148139954,0.314908891916275,-0.3502434194087982,-0.018076253655683334,0.3623771361723578,-0.12117190723460146
1371,1623510937.219738,0.0,-0.023809602484107018,-0.021300943568348885,0.004793496802449226,-0.0043143125482802275,-0.023033327106372042,0.5704887318692144,-0.15070338547229767,-0.535172164440155,-0.05516514554619789,-0.03661368221235874,0.2300487669743427,-0.08175399230406798
1372,1623510937.2297418,0.0,-0.026822572574019432,-0.02564586140215397,0.003648729994893074,-0.0052748605364550255,-0.022546058279745484,0.5707554975245968,-0.3765394389629364,-0.5213237404823303,-0.1478431522846222,-0.0873318054621904,-0.01212491961799372,0.02152565322889309
1373,1623510937.2401102,0.0,-0.029964355751872063,-0.031207289546728134,0.0026860106736421585,-0.006396045983072182,-0.020704318152300727,0.5706912197869065,-0.3893226087093353,-0.48723524808883667,-0.10523257404565811,-0.1069013154748199,0.08523037649552058,0.01695119877576314
1374,1623510937.2496483,0.0,-0.030937157571315765,-0.03511561080813408,0.002380363643169403,-0.007183023970138758,-0.022262210476834188,0.5742593304321819,0.1198737770318985,-0.30187922716140747,-0.01255456730723381,-0.09615426171839939,0.07825752348916426,0.13917923740345636
1375,1623510937.2600706,0.0,-0.03350669890642166,-0.03594151511788368,-0.0004214048385620117,-0.007662969578897595,-0.02131858922322448,0.5745933025114329,-0.07826540619134903,0.29573413729667664,-0.3939192593097687,-0.07630443018215506,-0.04408446227485746,0.20336884589695162
1376,1623510937.2697406,0.0,-0.03256293758749962,-0.03383030742406845,-0.0033834315836429596,-0.007201198017941675,-0.021087217093611194,0.5738010364780962,-0.07720014452934265,0.4555237889289856,-0.4940541088581085,-0.010190719107058523,0.018573675934042105,0.008081280635358587
1377,1623510937.2797117,0.0,-0.03671565279364586,-0.025669636204838753,-0.008016206324100494,-0.00514906112550749,-0.019076398159402097,0.5734206002222568,-0.34138572216033936,0.722905158996582,-0.1936495155096054,0.12226161501926204,0.12217725578110854,-0.0643352170563239
1378,1623510937.289912,0.0,-0.03503735736012459,-0.020853018388152122,-0.010555053129792213,-0.004168764907262888,-0.021000169323946556,0.5744400185444398,-0.06761276721954346,0.39693424105644226,-0.1105588972568512,0.15806227039862755,0.021605838225053,0.01999279864031763
1379,1623510937.2999759,0.0,-0.034786395728588104,-0.02059713937342167,-0.00880019273608923,-0.0045581013829468775,-0.02186874815530722,0.5757678747515321,0.2711413502693176,-0.18576541543006897,0.20262885093688965,0.04801770321356246,-0.1327156104728548,0.11076689442701522
1380,1623510937.3097153,0.0,-0.03263978660106659,-0.02584390714764595,-0.004518304020166397,-0.006437778381520348,-0.022044537432924026,0.576147516517673,0.2594234347343445,-0.5681953430175781,0.4178122580051422,-0.09697892534860883,-0.0635962107053647,0.09410639481460822
1381,1623510937.3585548,0.0,-0.027830015867948532,-0.013786263763904572,-0.005418470129370689,-0.004423809984600249,-0.021885621513200476,0.576081805372079,0.11454745382070541,0.09759493917226791,0.14830036461353302,0.08886975276462641,-0.0754070552733925,0.0328897288760081
1382,1623510937.3685114,0.0,-0.026514966040849686,-0.013820797204971313,-0.004570985212922096,-0.004640397303347539,-0.02209283864689253,0.5760216032451594,0.055957917124032974,0.1167697012424469,-0.011489302851259708,0.17402661235418385,-0.0769388757408234,0.002390685615730756
1383,1623510937.3784385,0.0,-0.025571029633283615,-0.013881472870707512,-0.005230525508522987,-0.004808056104993158,-0.022078209812848394,0.5761230928861482,0.13585275411605835,0.0240916907787323,-0.07220937311649323,-0.016310474903416416,-0.01069376462265753,-0.0007258018433703646
1384,1623510937.388299,0.0,-0.024347800761461258,-0.013571212068200111,-0.005913005210459232,-0.004847340496265465,-0.02250607871235144,0.5761985068663824,0.03678315505385399,0.03154854103922844,-0.021076682955026627,-0.01027002131935321,-0.014688274227627326,0.008031965959031362
1385,1623510937.3986506,0.0,-0.02338903397321701,-0.012671398930251598,-0.006427864544093609,-0.004647334957450941,-0.023039633627114448,0.5762303331367202,-0.013284273445606232,0.14766237139701843,-0.007228245493024588,0.005003261029664241,-0.04851992586575692,0.006175863416611661
1386,1623510937.4082677,0.0,-0.02289808727800846,-0.010418049991130829,-0.006562055088579655,-0.004045723478408557,-0.023075625795747137,0.576267459749058,-0.12194125354290009,0.362845778465271,0.010881250724196434,0.03586802633979736,-0.034516237679801345,0.003649760679702217
1387,1623510937.4184964,0.0,-0.022505788132548332,-0.007750490680336952,-0.006180932745337486,-0.0032992068540549715,-0.023276679489687535,0.576305882892698,-0.05589485168457031,0.30425623059272766,0.05242656543850899,0.06654058906257067,-0.011904571485645188,0.0036834607752560286
1388,1623510937.4290018,0.0,-0.02238115482032299,-0.0060933977365493774,-0.005315495654940605,-0.002821743240569871,-0.02338708719904945,0.5763266326351756,-0.04311167821288109,0.1306181252002716,0.11634243279695511,0.06664448146996838,-0.014267807861034975,0.0036721660667669706
1389,1623510937.438565,0.0,-0.022334961220622063,-0.00524505041539669,-0.00425298884510994,-0.002579756844314232,-0.023410621810796964,0.5763455804834654,-0.06441696733236313,0.07096333056688309,0.10462452471256256,0.04053626043971751,-0.008628207340476174,0.003010250067857796
1390,1623510937.4483078,0.0,-0.022283699363470078,-0.004256875719875097,-0.0031442008912563324,-0.002279822778521373,-0.023441657125807418,0.5763706488050578,-0.01221900898963213,0.09866020828485489,0.11101610958576202,0.027352660423604343,-0.00299050947902853,0.0023495649892129136
1391,1623510937.4946592,0.0,-0.02361534908413887,0.007748288102447987,0.0024037249386310577,-0.001988122238863188,-0.029481669892103754,0.5887741780993251,0.24131393432617188,-0.05367261543869972,0.25269627571105957,0.1129863558049107,-0.008064761038071891,0.022372786713296216
1392,1623510937.5040665,0.0,-0.022929733619093895,0.009904660284519196,0.005487227812409401,-0.0015156306650575962,-0.029669099153947068,0.5884521459697116,0.4437141716480255,-0.02277994528412819,0.4465743899345398,0.15296805204002584,-0.02196896595164124,0.019752169532322707
1393,1623510937.5144086,0.0,-0.022485489025712013,0.014467353001236916,0.008026614785194397,-0.00029808759231737814,-0.02890338725669596,0.5876977021546559,0.07832846790552139,0.5727028846740723,0.23352152109146118,0.07675913885678451,0.01814169677584803,-0.0532011479302432
1394,1623510937.5242765,0.0,-0.01952218823134899,0.015343219973146915,0.01040714979171753,-0.00022632022274544916,-0.02895818950129178,0.5874125080098465,-0.07293909043073654,-0.16232959926128387,0.17812778055667877,0.07313649513325296,0.03086293393208902,-0.05765389971539502
1395,1623510937.5341651,0.0,-0.017215345054864883,0.013725153170526028,0.011659335345029831,-0.0007744553769529483,-0.030241567128999225,0.5874452537137632,0.011216809041798115,-0.48723524808883667,0.03857812657952309,-0.008113374546292337,-0.0570045153892362,-0.015534339790821455
1396,1623510937.5441031,0.0,-0.015704099088907242,0.01228723768144846,0.012976709753274918,-0.001080120069916854,-0.02996555316388093,0.5874317015766566,-0.09744016826152802,-0.2081359624862671,0.14084351062774658,-0.04889319622189192,-0.06992058420914188,0.0020472642852069683
1397,1623510937.554454,0.0,-0.013454117812216282,0.008382818661630154,0.013641849160194397,-0.0015674311752416903,-0.026383146183536918,0.5872239093440974,0.12093904614448547,-0.49788790941238403,-0.004032452125102282,-0.039880602386658935,0.18495829898708308,-0.008363142488881793
1398,1623510937.5644023,0.0,-0.01372420135885477,0.007264961488544941,0.01325896754860878,-0.001618554241201664,-0.029788789226581222,0.5879593589539658,-0.10596228390932083,-0.1282411366701126,-0.08499255031347275,-0.03495609645613275,0.10871573843063881,0.023487334294053457
1399,1623510937.5742428,0.0,-0.013358942233026028,0.008671632036566734,0.013872969895601273,-0.0008683254289549996,-0.03594845344443483,0.5910596839882476,0.05702317878603935,-0.00999677088111639,0.1674751341342926,0.023319230604596137,-0.45185918563873856,0.17917981641068575
1400,1623510937.584235,0.0,-0.012165450491011143,0.009758174419403076,0.014276497066020966,0.00017136432779481237,-0.028075682059128054,0.590525429052744,-0.37440893054008484,0.6643156409263611,0.007685456890612841,0.08325704678552422,-0.11464478987269495,0.16509238296149722
1401,1623510937.6301763,0.0,-0.012789266183972359,0.008724053390324116,0.019322127103805542,0.000128385286172511,-0.02302784379470258,0.5891088648002532,0.2711413502693176,-0.40414461493492126,0.03005601093173027,0.042018932388471424,0.4475084183382248,-0.002697466017161563
1402,1623510937.63988,0.0,-0.011482146568596363,0.006329280324280262,0.02077484130859375,-0.00037058583513512044,-0.02390297261297697,0.5901407656941793,-0.037785355001688004,-0.29335713386535645,0.1259298175573349,-0.033883162686795365,0.11691795480409951,0.05061150817709737
1403,1623510937.650272,0.0,-0.012144580483436584,0.006746477913111448,0.021740201860666275,-4.314708782844623e-05,-0.02409780742136581,0.5914203816515999,0.17313700914382935,-0.05367261543869972,0.10995084792375565,-0.020260786801879174,-0.05182615664158845,0.11087892463697742
1404,1623510937.6599004,0.0,-0.01279824785888195,0.009748298674821854,0.022290751338005066,0.0009308422286291931,-0.022144623081452076,0.591356470806733,-0.41488897800445557,0.578029215335846,0.06201394274830818,0.052592890425218565,0.06815529480374116,0.06374398945115219
1405,1623510937.669947,0.0,-0.014454525895416737,0.013188259676098824,0.022999946027994156,0.001982743732564421,-0.019827027395458538,0.5910346061678085,-0.0985054299235344,0.2190350890159607,0.15575721859931946,0.10392418725613475,0.2140024719836668,-0.014650420927560035
1406,1623510937.6800263,0.0,-0.014865533448755741,0.01302152406424284,0.023690294474363327,0.0020724061456661932,-0.019576629465768082,0.591153992001447,0.01441260240972042,-0.25287705659866333,-0.05409988388419151,0.06958227516977698,0.1504090009974444,-0.015137177895808923
1407,1623510937.689857,0.0,-0.015877973288297653,0.009618419222533703,0.02288822829723358,0.0011995636864402595,-0.01896287726993475,0.5912371627040105,-0.009023215621709824,-0.38603511452674866,-0.09990625083446503,-0.030722405942493793,0.050401637257370076,0.008096437045474258
1408,1623510937.7001648,0.0,-0.01660848595201969,0.006468806881457567,0.02229185402393341,0.0003818453326036447,-0.017910421679429585,0.5912107696279257,-0.019675860181450844,-0.3466203510761261,-0.06155673414468765,-0.08680138216012578,0.07529156945315706,0.0032215162487563135
1409,1623510937.7101717,0.0,-0.01733742281794548,0.005251201801002026,0.021513700485229492,0.0001353355660125774,-0.01688981826789932,0.5911066244734751,-0.08359172940254211,0.040070656687021255,-0.07753569632768631,-0.06175360385531903,0.10289997402580912,-0.006429930453041433
1410,1623510937.7198634,0.0,-0.017791368067264557,0.006855206098407507,0.020671632140874863,0.0006486063561873603,-0.0161460478346577,0.5910046200260053,-0.062286440283060074,0.2286224663257599,-0.07007884234189987,0.006902258259182953,0.0942288361108921,-0.010592922618571959
1411,1623510937.7675703,0.0,-0.021084176376461983,0.0012566721998155117,0.018163718283176422,-0.0006024920445959134,-0.012764792519086063,0.5905516578453247,-0.016480065882205963,-0.03236732631921768,-0.028533535078167915,-0.03776777908321854,0.10561629983476811,-0.011951966659891294
1412,1623510937.7775218,0.0,-0.021673033013939857,0.0013788110809400678,0.01798238977789879,-0.0005614862462503395,-0.012327608430855265,0.5905453484000781,-0.007957951165735722,0.05924541875720024,-0.0008366586407646537,-0.0649268928061282,0.09020669052670516,-0.007595217254583092
1413,1623510937.787457,0.0,-0.02230217680335045,0.0014594567473977804,0.01792248710989952,-0.0005495084709228881,-0.01192152002124957,0.5905328343723328,-0.004762158263474703,-0.03769364580512047,-0.0008366586407646537,0.00269503349777337,0.045212020051584235,-0.001142767190884741
1414,1623510937.797547,0.0,-0.023005204275250435,0.0007599570672027767,0.01804310828447342,-0.0007838938227684167,-0.011462938092512968,0.5905014046942163,-0.03991588577628136,-0.08350001275539398,0.013011779636144638,-0.008573813703944593,0.041955081658479366,-0.0016025969790754613
1415,1623510937.807463,0.0,-0.023322859779000282,-0.00039359150105156004,0.01825583726167679,-0.001878796121025636,-0.016407026543747275,0.5938932616041479,-0.03565482795238495,-0.07604316622018814,0.021533895283937454,-0.011879637452439524,0.037343059143499904,-0.0018255418119409
1416,1623510937.8174694,0.0,-0.023516377434134483,-0.0015186480013653636,0.01873191073536873,-0.002051036875421283,-0.01797849398124758,0.5961195736290374,0.15928857028484344,-0.15913379192352295,-0.017880890518426895,-0.011060248528047998,0.03094266743189392,-0.0018347594000883247
1417,1623510937.8278308,0.0,-0.02594648115336895,-0.0016377305146306753,0.018635112792253494,-0.002034234920385916,-0.018897356857721828,0.5978622704085451,-0.3680173456668854,-0.1527422070503235,0.17067092657089233,-0.007555941128972398,-0.06410130176111538,0.11013919282890858
1418,1623510937.83745,0.0,-0.02678331732749939,-0.0035727021750062704,0.01900944486260414,-0.002435641931708421,-0.017814655619323327,0.5976145556955408,-0.2284676879644394,-0.15380747616291046,0.06414447724819183,-0.019725277391192717,-0.027132904825489235,0.08859011872571212
1419,1623510937.8476648,0.0,-0.026145819574594498,-0.008144495077431202,0.018886860460042953,-0.0036633837024526023,-0.014961570171692043,0.5968882849154871,0.849579930305481,-0.21026650071144104,-0.2447822093963623,-0.08768850583618222,0.22517411754809238,-0.04198670326073569
1420,1623510937.857463,0.0,-0.027788789942860603,-0.01328120008111,0.01729292795062065,-0.004690555118813278,-0.01932158506712528,0.5974668507114517,0.2583581805229187,-0.998562216758728,-0.21069374680519104,-0.09960633926742861,0.014750386842612128,-0.022003867516862688
1421,1623510937.9046075,0.0,-0.031476885080337524,-0.0142532829195261,0.006143437698483467,-0.003964022297081524,-0.017547310214918288,0.5951011799330181,-0.08146119862794876,0.4182395339012146,-0.032794591039419174,-0.0607055027206179,-0.12113346489156795,0.01677013794992294
1422,1623510937.914348,0.0,-0.030584700405597687,-0.012310625053942204,0.0064471326768398285,-0.0030008107545488744,-0.015059735813283653,0.5948063612464156,-0.17626972496509552,0.25418880581855774,0.10142873227596283,0.031243981737281917,0.12851382853732946,-0.010403117667553806
1423,1623510937.924501,0.0,-0.029360424727201462,-0.01267402432858944,0.008234910666942596,-0.003042158430964642,-0.01326575170843812,0.5946621301641098,0.37660253047943115,-0.21985387802124023,0.11314664036035538,0.055860583867894026,0.24649888995715108,-0.029343687811417447
1424,1623510937.934274,0.0,-0.029916035011410713,-0.013219227083027363,0.008871631696820259,-0.0034526918868262174,-0.019025763997271267,0.5969629873128504,-0.29451408982276917,0.013439047150313854,0.07373185455799103,-0.012623369094085658,-0.13490775605737934,0.09513606661370948
1425,1623510937.9441576,0.0,-0.03015056625008583,-0.015952788293361664,0.008359933272004128,-0.004453555869203207,-0.02139602382571089,0.5988744346189039,-0.5001101493835449,-0.4116014838218689,-0.05516514554619789,-0.06166558854221826,-0.4598407980902872,0.229855933289311
1426,1623510937.954594,0.0,-0.030194999650120735,-0.021327106282114983,0.008086573332548141,-0.0059523162913438996,-0.01993973295083458,0.6003607906165636,0.9561063647270203,-1.0433032512664795,-0.09990625083446503,-0.11423959706468635,-0.06756045541111845,0.18109171560250478
1427,1623510937.9643736,0.0,-0.033612001687288284,-0.022624362260103226,0.0025633424520492554,-0.006487689742262617,-0.01532620044419672,0.5977569453638878,-1.0274161100387573,0.549267053604126,-0.7060417532920837,-0.12679872048753746,0.27939223169326094,-0.04000544865774656
1428,1623510937.9741406,0.0,-0.03299076110124588,-0.019441518932580948,-0.006919446401298046,-0.005458829501152784,-0.015397533567498047,0.59657520694543,-0.3637562692165375,1.3546069860458374,-1.3057855367660522,-0.012894763406988384,0.23580994611209513,-0.19585291988623227
1429,1623510937.984561,0.0,-0.035432372242212296,-0.013999641872942448,-0.010152099654078484,-0.004027388615436542,-0.015679340672315835,0.5973196022817604,-0.13365915417671204,1.1628594398498535,0.00875072181224823,0.11800001010747993,0.022111134909614805,-0.05619562498007538
1430,1623510937.9941921,0.0,-0.038518525660037994,-0.0017028854927048087,-0.012380566447973251,-0.000693204722750862,-0.01573113591780062,0.5994080623247149,-0.7067714333534241,0.9796339273452759,-0.13186419010162354,0.2428107708357764,-0.03038382485889072,0.12768714571625056
1431,1623510938.0411036,0.0,-0.03231531381607056,-0.03188101947307587,-0.013484793715178967,-0.00878399192172323,-0.012553369543835416,0.5995949511183651,0.4618236720561981,0.014504311606287956,-0.6517132520675659,-0.28918139050524605,-0.04368228875174941,0.11788118127762522
1432,1623510938.0510411,0.0,-0.03326025977730751,-0.02865850180387497,-0.01787862926721573,-0.007699897611207762,-0.011369760400339497,0.5997058153013839,-0.21142345666885376,0.24460142850875854,0.03112127259373665,-0.4272219104212139,0.0032484391527619325,0.019238614692211317
1433,1623510938.0608373,0.0,-0.03168639540672302,-0.022053588181734085,-0.01430610939860344,-0.0060034793762728245,-0.009790244306085528,0.5997186917072257,0.4341267943382263,0.9775033593177795,0.4689449667930603,0.11607804299475079,0.125299534461846,0.0041844928500179585
1434,1623510938.0709178,0.0,-0.02949136309325695,-0.015130359679460526,-0.01137929130345583,-0.004294341005783547,-0.009564713992088122,0.599013477362381,0.2764676511287689,0.7942779064178467,0.1589530110359192,0.17039393541587416,0.11187500619975285,-0.031062354542933556
1435,1623510938.0809119,0.0,-0.030911892652511597,-0.00448026554659009,-0.010394012555480003,-0.0014700336772123929,-0.010335322931557624,0.5988589698241178,0.10709060728549957,0.8752380013465881,0.23352152109146118,0.23078148462462275,-0.016398332546945876,-0.041176531972254335
1436,1623510938.0909653,0.0,-0.030458608642220497,-0.0027113165706396103,-0.006943174637854099,-0.001144927269475883,-0.010027993514076454,0.5986130033219474,0.026130512356758118,-0.33916348218917847,0.5807977318763733,0.1858943699283657,-0.03253415762824574,-0.02173561937267267
1437,1623510938.1011636,0.0,-0.029645048081874847,-0.010738220997154713,0.003422066569328308,-0.0038022544947213174,-0.009388250437154452,0.5983858117023855,0.21148653328418732,-1.2414424419403076,1.1965206861495972,-0.07049622974507787,0.044492775040613976,-0.02501824717940609
1438,1623510938.1113396,0.0,-0.02843846008181572,-0.020321417599916458,0.005957957357168198,-0.006700961690290677,-0.008781004892820084,0.5982055427681237,0.3361224830150604,-0.9090799689292908,-0.44611722230911255,-0.27447709096457007,0.06910958405262448,-0.023899172826225258
1439,1623510938.1208673,0.0,-0.026830194517970085,-0.024443568661808968,-0.0018114075064659119,-0.007676336216011222,-0.00832011869268822,0.5980602216348372,0.1060253456234932,0.09759493917226791,-1.0756884813308716,-0.2321241097250606,0.057213861280148125,-0.019003377201521388
1440,1623510938.131026,0.0,-0.025709807872772217,-0.020052606239914894,-0.007316001690924168,-0.006434982656194382,-0.00785008301566549,0.5977056457808372,-0.7983841896057129,1.692295789718628,0.11101610958576202,-0.01715794069137631,0.0392514720076045,-0.024120879713984276
1441,1623510938.1844518,0.0,-0.02895067073404789,-0.012014692649245262,-0.00479164719581604,-0.004704411204693754,-0.017312193429867298,0.6075983495535935,0.028261039406061172,-0.35301193594932556,-0.7518481016159058,0.11452959779211426,0.03624502071481348,-0.01597854268120114
1442,1623510938.194095,0.0,-0.02855672873556614,-0.010478103533387184,-0.009847558103501797,-0.0046345842104680846,-0.015774226511107922,0.607591076451051,0.10069902241230011,0.5535281300544739,-0.3427865505218506,0.07884939037606892,0.08631841013215205,0.010350422889766014
1443,1623510938.2041984,0.0,-0.031441766768693924,-0.006517447996884584,-0.012402767315506935,-0.003919461098139274,-0.015608436790393546,0.6076313839153346,-0.1496381163597107,0.6344882249832153,-0.031729329377412796,0.030143176049652408,0.0884675026461953,-0.0021613947759348325
1444,1623510938.214217,0.0,-0.027882076799869537,-0.0055255950428545475,-0.00907860603183508,-0.004047428802494202,-0.018519725995298456,0.6075221638774162,0.3244045674800873,0.6419450640678406,0.3677448332309723,0.025710440101450977,-0.09795181419828536,-0.005195245289186001
1445,1623510938.2241218,0.0,-0.02990112453699112,0.002344941720366478,-0.006494409404695034,-0.0019705138808380346,-0.017607759177473925,0.606758211663377,-0.19650974869728088,0.611052393913269,0.22926045954227448,0.09494900871053623,-0.1311239281484418,-0.03220655558363479
1446,1623510938.234269,0.0,-0.029641440138220787,0.005944663193076849,-0.002612816169857979,-0.001139268962392942,-0.010276960924838097,0.6043917962019432,0.4170825779438019,0.21051296591758728,0.5541661381721497,0.15321419985039114,0.37131807440390246,-0.14659524504432717
1447,1623510938.2442362,0.0,-0.028136946260929108,0.0074430909007787704,0.0032810959964990616,-0.001241558051887512,-0.012999308958090025,0.6046054127750569,-0.20396660268306732,0.3031909763813019,0.7405874133110046,0.046373314561372614,0.3168875934199179,-0.14046662236918353
1448,1623510938.254094,0.0,-0.026825623586773872,0.006799284368753433,0.010835893452167511,-0.0017716307423570887,-0.020299491687476856,0.6059676071816411,0.18165913224220276,-0.1570032685995102,0.5243387222290039,-0.02785367636526192,-0.4767905952727028,0.06618874974064451
1449,1623510938.264168,0.0,-0.02823605202138424,0.006926411762833595,0.012107577174901962,-0.001736287038054632,-0.01583678288954793,0.6053013541572314,-0.561895489692688,-0.06752105057239532,-0.01575036160647869,-0.03326428955577008,-0.2918535161682244,0.06840809871385015
1450,1623510938.274168,0.0,-0.03088681399822235,0.006378654390573502,0.012591719627380371,-0.0014455678071175065,-0.0071741169060001025,0.6038005967189544,-0.05696011707186699,0.39693424105644226,0.11847296357154846,0.007462108797408659,0.6297143045393406,-0.1016980966103812
1451,1623510938.3217356,0.0,-0.03073505498468876,0.022634077817201614,0.017707519233226776,0.0029623613248603853,-0.008710924494368215,0.6034953934258076,-0.5842660069465637,0.39267319440841675,0.22926045954227448,0.18788740801510465,0.5648650383898384,-0.1281866884094684
1452,1623510938.3319545,0.0,-0.03408706188201904,0.025289366021752357,0.019975028932094574,0.003805533870650607,-0.007994197179872674,0.6036890977905021,-0.282796174287796,0.30425623059272766,0.2750668227672577,0.22149159189724035,0.14617926911918233,-0.051853827849063366
1453,1623510938.3416831,0.0,-0.03478565812110901,0.02409961074590683,0.022292185574769974,0.0036236361976799344,-0.0075308563059892294,0.6044305201927,-0.15283390879631042,-0.25607287883758545,0.15788774192333221,0.046318401721800795,0.06787629489543998,0.034727499823322766
1454,1623510938.3518565,0.0,-0.03706424683332443,0.02055365964770317,0.023224249482154846,0.002909312116711832,-0.006532872768268777,0.6049720872855779,0.22426970303058624,-0.5255847573280334,0.08225397020578384,-0.038370922308533804,0.07521790071622786,0.06652290890122792
1455,1623510938.361791,0.0,-0.03729498013854027,0.01571430265903473,0.02372685819864273,0.001896946327602969,-0.006118032169296558,0.6051713467413157,-0.09637490659952164,-0.38603511452674866,0.015142307616770267,-0.09079957100590814,0.07129210906460684,0.039497905153768026
1456,1623510938.3717847,0.0,-0.038162413984537125,0.01630554161965847,0.023872211575508118,0.002401700708284993,-0.005927816823940897,0.6054524053161748,0.20509494841098785,0.11890023201704025,0.021533895283937454,-0.03920258540529863,0.03149641686739636,0.024352791263749434
1457,1623510938.381853,0.0,-0.03823564946651459,0.01983467862010002,0.02396262437105179,0.0037674857780992874,-0.005826234754232988,0.6058188405535703,-0.0931791141629219,0.37030264735221863,0.053491827100515366,0.08248729402487284,0.014702853414541146,0.031035541078681478
1458,1623510938.3917975,0.0,-0.03823113441467285,0.022942790761590004,0.023855775594711304,0.0049406278243826,-0.005622216481940133,0.6059885351118883,0.055957917124032974,0.17642450332641602,-0.05409988388419151,0.13307096708620902,0.014166411999873126,0.028578807470100786
1459,1623510938.401889,0.0,-0.03793555498123169,0.022736379876732826,0.023001763969659805,0.0050663862974050095,-0.005143315703546487,0.6059730181106658,0.02506524696946144,-0.24222442507743835,-0.10416730493307114,0.08011489620857565,0.028773412463209896,0.009752823460271662
1460,1623510938.4119413,0.0,-0.03726742044091225,0.019787859171628952,0.0220487117767334,0.004451642355755424,-0.005247344394761273,0.6060295944483702,-0.09637490659952164,-0.37325194478034973,-0.13612523674964905,-0.01806555927774476,0.018133010970129475,0.0006993771928020719
1461,1623510938.4606812,0.0,-0.03556527942419052,0.014962470158934593,0.016928359866142273,0.00418116794162305,-0.007026300933561498,0.6065180970568128,-0.03458956256508827,-0.22411492466926575,-0.08605781197547913,-0.07769558104952962,-0.03294200434416901,0.005733291518425515
1462,1623510938.470566,0.0,-0.03545551747083664,0.012716268189251423,0.016268007457256317,0.0037166764667770358,-0.007244934676998736,0.6065888873326879,0.06021897494792938,-0.2763128876686096,-0.07114411145448685,-0.07088816183752941,-0.04276930579575679,0.006777440904582043
1463,1623510938.480945,0.0,-0.03544322028756142,0.011325517669320107,0.015748433768749237,0.003445694123473189,-0.007390389093413954,0.6066310034963467,0.010151544585824013,-0.12291479855775833,-0.04877356067299843,-0.040163172850736735,-0.01895134616560346,0.005801968099750836
1464,1623510938.490826,0.0,-0.03509216383099556,0.010631951503455639,0.015384681522846222,0.0033593709823299678,-0.007676082586151545,0.6066797475458269,0.048501063138246536,-0.07710842788219452,-0.027468271553516388,-0.02171635236051117,-0.02223610639323419,0.004849825738442601
1465,1623510938.500829,0.0,-0.03502558171749115,0.009894969873130322,0.015231270343065262,0.0032353548161905762,-0.007905890313836435,0.606710020922069,0.01867366023361683,-0.10160951316356659,-0.018946155905723572,-0.011301177021580686,-0.026245833461883073,0.004358384511459552
1466,1623510938.5105028,0.0,-0.03484960272908211,0.008542618714272976,0.015177212655544281,0.004019514915852507,-0.006331847534314539,0.6074754552286787,0.0026946929283440113,-0.1570032685995102,-0.0008366586407646537,-0.012698332217751166,-0.027997961033210762,0.0051573222753014325
1467,1623510938.5212595,0.0,-0.03493846580386162,0.006479573901742697,0.015458226203918457,0.0037709530806967484,-0.004826688752280428,0.6092344289479108,0.04210947826504707,-0.3839046061038971,0.0034243990667164326,-0.013441024544393191,-0.028833863921048718,0.005269380517175485
1468,1623510938.5307724,0.0,-0.035721372812986374,0.004950006026774645,0.015217401087284088,0.0036330594182884257,-0.006939890158276091,0.6112916993678441,-0.623680830001831,0.03580959886312485,0.04816550388932228,-0.02009339562678676,-0.06626658061001998,0.1384909619300923
1469,1623510938.5406897,0.0,-0.033976174890995026,0.0017590378411114216,0.014833655208349228,0.002742353859109592,-0.00710946926322617,0.61139154401449,0.09537269920110703,-0.2859002649784088,-0.04238197207450867,-0.04833406546696407,-0.11555993444438536,0.11373286208197146
1470,1623510938.5505092,0.0,-0.03398963809013367,-0.0013491683639585972,0.014944687485694885,0.0018667601631345843,-0.005852020915764589,0.6106818549496604,0.7036387324333191,-0.6193280220031738,-0.08073148876428604,-0.08074795541187528,0.06069137244438857,-0.024547418806062003
1471,1623510938.5961676,0.0,-0.030656883493065834,1.4182762242853642e-05,-0.002957485616207123,0.002283875174206071,-0.013473104142213935,0.6109225685766595,0.07726319879293442,0.5918776392936707,-0.2575654089450836,-0.025594587282191935,-0.07679388119597036,-0.04112089516293694
1472,1623510938.6060944,0.0,-0.03287162259221077,0.0014108852483332157,-0.005026761442422867,0.0029225646484400403,-0.009930836339534482,0.6104467778777464,-0.2796003818511963,-0.29335713386535645,-0.03492512181401253,0.05849764023630969,0.039529440468259,-0.02989148237278809
1473,1623510938.6169956,0.0,-0.0320608876645565,-0.0029814401641488075,-0.003889976069331169,0.0017112481965715631,-0.007324839965201224,0.6096460564374615,0.13159169256687164,-0.2645949721336365,0.1632140725851059,-0.009889099454287998,0.32647417709412896,-0.060539156774823064
1474,1623510938.6264338,0.0,-0.030904339626431465,-0.007971830666065216,-0.005747400224208832,0.00018211415917493423,-0.013828387515739948,0.6118002088442397,0.530000627040863,-0.5618037581443787,-0.4493130147457123,-0.13921521468185558,-0.13130761184676576,0.04875355072635061
1475,1623510938.636706,0.0,-0.030778435990214348,-0.012648431584239006,-0.010319292545318604,-0.0008982609994454688,-0.013081020424910383,0.6131326614804367,0.13691802322864532,-0.5671300888061523,-0.42800772190093994,-0.14468580895790778,-0.3571927830625251,0.18165087988280898
1476,1623510938.6466293,0.0,-0.030123787000775337,-0.018163995817303658,-0.013223739340901375,-0.0019506915616284703,-0.005160355129619043,0.6111297337615884,0.19444230198860168,-0.40094882249832153,-0.28952333331108093,-0.11843098974458538,0.3698838833315789,0.0073457203915803185
1477,1623510938.6560447,0.0,-0.03004585951566696,-0.01985521800816059,-0.013908511027693748,-0.002206639994670273,-0.006854270659622977,0.6120123816136226,-1.048721432685852,1.1127920150756836,0.11101610958576202,-0.09159435766978632,0.3481756565155121,-0.06826557679283503
1478,1623510938.6665533,0.0,-0.03256044536828995,-0.01893559843301773,-0.01690320298075676,-0.0018883231807869938,-0.005860544596792,0.6108088458847436,1.0434579849243164,-0.5660648345947266,-0.32148125767707825,0.0038159812788045046,0.009181449773171944,-0.027875487575226048
1479,1623510938.6761363,0.0,-0.03488071262836456,-0.014455595053732395,-0.022320766001939774,-0.0007780146705483465,-0.003933388979504099,0.6107362567810118,-1.3203637599945068,0.8464758396148682,-0.6122984886169434,0.06777594353230883,0.12565667294252672,-0.06286765482419883
1480,1623510938.6862235,0.0,-0.03430323675274849,-0.010807949118316174,-0.026073088869452477,8.864388383216654e-05,-0.003627917507659291,0.611439182600072,0.36275407671928406,0.27762463688850403,-0.23626010119915009,0.09779214565840984,0.10873406349410399,0.02044118232312859
1481,1623510938.7321684,0.0,-0.0343603678047657,-0.018725860863924026,-0.021390045061707497,-0.002738336300554922,-0.0025987880435324254,0.6141468589443395,-0.1677476167678833,-0.016388356685638428,0.1301908791065216,-0.05986896887522496,0.04135578750798185,0.04874779479603578
1482,1623510938.7419834,0.0,-0.03485744073987007,-0.017265982925891876,-0.02032093144953251,-0.0024474558903325727,-0.0025616071468693297,0.6141430335800799,-0.03139377012848854,0.42569637298583984,0.0843845009803772,-0.1074860601091429,0.014515648914404917,0.017708498638799912
1483,1623510938.751838,0.0,-0.035852544009685516,-0.013937483541667461,-0.018837515264749527,-0.0016095044672735925,-0.0024503240842864635,0.6138518996613689,0.13052643835544586,0.2872120141983032,0.1770625114440918,0.05040864071777089,0.008819730373263869,-0.01252218938508955
1484,1623510938.7618725,0.0,-0.035892315208911896,-0.011301851831376553,-0.01700007915496826,-0.0009809087544147832,-0.002394415996000862,0.6135758218175207,0.08365479111671448,0.22436140477657318,0.2047593891620636,0.07793047280271534,0.008390082917795078,-0.029753997051906116
1485,1623510938.7718325,0.0,-0.035429082810878754,-0.010530385188758373,-0.014974094927310944,-0.0009239426280227767,-0.0026912148835079794,0.6136302709455058,0.0964379608631134,0.03048327937722206,0.2090204358100891,0.04177971864061032,-0.011475489576063824,-0.014227432562180394
1486,1623510938.7818596,0.0,-0.03455280512571335,-0.011014949530363083,-0.013143595308065414,-0.0011995246344843821,-0.002925816927885648,0.6136099856250468,0.10496007651090622,-0.07710842788219452,0.15575721859931946,-0.005780260059738583,-0.02721657242584856,0.0009888175664552856
1487,1623510938.7919624,0.0,-0.03346341848373413,-0.011358129791915417,-0.011837517842650414,-0.0014164359861745524,-0.0032579694762888203,0.6135849277378185,0.06448002904653549,0.04113592207431793,0.1216687560081482,-0.025753263750939333,-0.030266257501530572,-0.0021468208244111264
1488,1623510938.8021636,0.0,-0.03363611549139023,-0.0103197256103158,-0.010831095278263092,-0.0012343934992567612,-0.003196471574291128,0.6135137612351358,0.09856849163770676,0.18068556487560272,0.08758029341697693,-0.006538076507875507,-0.016198180075533242,-0.0045008619335927145
1489,1623510938.8118474,0.0,-0.03291410580277443,-0.008596466854214668,-0.010236484929919243,-0.0008321463146956573,-0.003419206122867141,0.6134056879431413,-0.01754533126950264,0.1817508339881897,0.05242656543850899,0.027349705256791642,-0.009995757084661275,-0.008313660110187852
1490,1623510938.8217509,0.0,-0.03316452354192734,-0.007309965323656797,-0.009950793348252773,-0.0005447676369376639,-0.003477092835471679,0.6133734576764318,0.06980635225772858,0.11250864714384079,0.028990745544433594,0.03761282975263981,-0.01358156274011877,-0.007623162631877882
1491,1623510938.8693175,0.0,-0.03397306799888611,-0.004694260656833649,-0.011952059343457222,-0.001799262714259675,-0.003566970378697326,0.6174049943579271,0.01441260240972042,0.31916993856430054,-0.05409988388419151,0.036840662796544084,-0.005999261296732579,0.014193194605783709
1492,1623510938.8794386,0.0,-0.0341700054705143,-0.003258461831137538,-0.011739300563931465,-0.0019063877442511007,-0.004914362858091742,0.6190962579771941,-0.29984042048454285,0.5428754687309265,-0.03812091425061226,0.010431859330246356,-0.02519718569306484,0.11201996246815422
1493,1623510938.889606,0.0,-0.035053800791502,-0.0011600442230701447,-0.011952804401516914,-0.0015628285441429135,-0.005836475069131569,0.619275672031113,-0.2550992965698242,0.16683712601661682,0.04177391901612282,0.014477272578033105,-0.10399852643553549,0.10051530522119892
1494,1623510938.899549,0.0,-0.03590945154428482,0.001191280665807426,-0.011113109067082405,-0.001017986370378643,-0.003641341368172263,0.6191252388106471,0.32227402925491333,-0.34981614351272583,0.14616984128952026,0.049101545361577445,0.06093582242114878,0.009301780685254788
1495,1623510938.9094608,0.0,-0.03370317071676254,0.0031105205416679382,-0.008238209411501884,-0.0007457518089408338,-0.0034515071402217573,0.6185763657724092,-0.11554966121912003,0.549267053604126,0.40609434247016907,0.04082985540655569,0.13094947275115154,-0.03642552729598076
1496,1623510938.919275,0.0,-0.032265324145555496,0.007968134246766567,-0.005495453253388405,-2.6161567788854367e-05,-0.012126848430387818,0.619540226300856,0.5374574661254883,0.2925383448600769,0.3016984462738037,0.04833925293634377,-0.3434014708579579,0.005345428535042558
1497,1623510938.9296021,0.0,-0.028477054089307785,0.01119146030396223,-0.001629577949643135,0.0007654793885025352,-0.010870244664403839,0.6196330293937873,0.21361705660820007,0.19027294218540192,0.38265854120254517,0.08074555988918257,-0.44942243172841045,0.05779715315986587
1498,1623510938.93938,0.0,-0.024197958409786224,0.012074494734406471,0.0006677471101284027,0.0010039111537325646,-0.003973018407530032,0.6175561494287236,1.040262222290039,-0.8313156962394714,0.14830036461353302,0.06677893949409561,0.3727656162701126,-0.08218657154083298
1499,1623510938.9491403,0.0,-0.024390332400798798,0.008266340009868145,0.0023268070071935654,-0.0001438936407327368,-0.005383241305721598,0.617293287207458,0.034652628004550934,-0.6406333446502686,0.1589530110359192,-0.0325328711945766,0.4059791797667679,-0.1347705097308497
1500,1623510938.9596431,0.0,-0.019083993509411812,0.0049181110225617886,0.004840292036533356,-0.0019153356563473556,-0.014835846521242105,0.6196818259938546,0.12626537680625916,-0.00999677088111639,0.20688991248607635,-0.14247789882303652,-0.4873282591652935,0.0725597331750695
1501,1623510939.009977,0.0,-0.009119209833443165,0.0016325123142451048,0.015840236097574234,-0.001529421821841001,-0.01044561466409362,0.6200012669574199,-0.48945748805999756,0.05604962632060051,0.09397187829017639,-0.13344306920100507,-0.6685212518602146,0.15353093826322842
1502,1623510939.020026,0.0,-0.008126900531351566,0.0019893264397978783,0.016518522053956985,-0.0013869107779155287,-0.0063278405508479865,0.6175706008023942,-0.010088480077683926,-0.4435594081878662,0.06627500802278519,-0.03729627470791047,-0.00926615898324982,-0.06224737686727757
1503,1623510939.029992,0.0,-0.00906605739146471,0.002006617607548833,0.01727909967303276,-0.0013548055793080327,-0.002669167337707841,0.6168058526328974,-0.036720093339681625,-0.3008139729499817,0.24950049817562103,0.008181782119972442,0.40105066043935367,-0.1688316067799876
1504,1623510939.0400658,0.0,-0.007846060208976269,0.0008958708494901657,0.02003641054034233,-0.0016109177187754453,-0.005897553401800225,0.6187733279531283,0.005890486296266317,-0.06752105057239532,0.2686752378940582,-0.0093642575280691,0.0813690236189272,0.02977322840018766
1505,1623510939.0505197,0.0,-0.009394081309437752,0.0016415154095739126,0.021608639508485794,-0.0014080256959697265,-0.006493167073100846,0.6205284929568331,0.3510361611843109,0.24779722094535828,0.11421190202236176,-0.006965036660036165,-0.1872612343174945,0.18397132473129854
1506,1623510939.0600343,0.0,-0.011068983003497124,0.0021060456056147814,0.02230183035135269,-0.0013077259620370776,-0.004143770284350798,0.6204848638675269,-0.059090644121170044,0.010243253782391548,0.06734026968479156,0.016163339945342064,0.06385504408302868,0.10176733757596726
1507,1623510939.0702217,0.0,-0.0117745790630579,0.00020692319958470762,0.023554589599370956,-0.0018852991550202258,-0.0023086523945568954,0.6197945150998131,-0.047372736036777496,-0.24542021751403809,0.04496971145272255,-0.013119464156811098,0.21931545098426442,-0.0265487903535931
1508,1623510939.0802133,0.0,-0.012851431965827942,-0.0023815168533474207,0.022281736135482788,-0.002633133468277614,-0.002389359664324249,0.619805319455802,-0.044176943600177765,-0.29868343472480774,-0.17660528421401978,-0.06390163433490512,0.10835276372669407,-0.041259507379823826
1509,1623510939.09004,0.0,-0.013890084810554981,-0.003397532971575856,0.02115071937441826,-0.002989156641064729,-0.0021093319965183946,0.6200006141853109,-0.09744016826152802,-0.046215761452913284,-0.09564518928527832,-0.06219018663159364,0.009899172928114333,0.0033180244834180223
1510,1623510939.1005273,0.0,-0.015321520157158375,-0.0027839061804115772,0.020263340324163437,-0.0028696360406794616,-0.0011213252185133596,0.6198554993037639,-0.17520447075366974,0.10611705482006073,-0.05409988388419151,-0.017404219075020776,0.053639258520206415,0.00417032029089531
1511,1623510939.151186,0.0,-0.017037875950336456,-0.005570229608565569,0.015352349728345871,-0.0037626643267316545,0.0008210067995871942,0.6190493039079751,-0.0931791141629219,-0.0547378771007061,-0.0594262033700943,-0.03420862764928503,0.0868801629980211,-0.014390916873942033
1512,1623510939.1605358,0.0,-0.017906975001096725,-0.005788715090602636,0.015018381178379059,-0.003859569622615383,0.0012102941582386798,0.6190129367517468,0.07513267546892166,0.02728748321533203,-0.03705565258860588,-0.046605435416923774,0.06270864239705252,-0.010320056630493006
1513,1623510939.1708102,0.0,-0.018424078822135925,-0.005658525973558426,0.014759689569473267,-0.003874578281055717,0.0016208594939019702,0.6188652349743389,-0.06867802888154984,0.0240916907787323,-0.0200114194303751,-0.0074516242636932925,0.04002951459170791,-0.007871932730266649
1514,1623510939.18064,0.0,-0.01920117810368538,-0.005200562067329884,0.014660287648439407,-0.003795248421572972,0.0020732338183058058,0.6187713297898205,0.06661055982112885,0.044331714510917664,-0.0008366586407646537,0.0027109650280979863,0.04353227499518483,-0.0115530366720006
1515,1623510939.190627,0.0,-0.019823221489787102,-0.004804775584489107,0.014809094369411469,-0.00375303137812958,0.002325888433027716,0.6187859003723005,-0.04311167821288109,0.03367907181382179,0.03431706875562668,0.006637502929074197,0.03806660488603089,-0.004500124617279121
1516,1623510939.200836,0.0,-0.020085938274860382,-0.0048528448678553104,0.015120316296815872,-0.0038347618671170924,0.0024670984578083754,0.618808101467264,0.011216809041798115,0.00598219595849514,0.03431706875562668,-0.00014445639595698657,0.02098452231695902,0.0020509770835901017
1517,1623510939.2107866,0.0,-0.02041318640112877,-0.005008999723941088,0.015478763729333878,-0.004862893664638351,-0.004968614897777557,0.6202025495265322,0.01867366023361683,-0.001474655233323574,0.04496971145272255,-0.0010210502112700808,0.017258926685960147,0.005143033220711631
1518,1623510939.2204885,0.0,-0.02047252282500267,-0.004886590410023928,0.016123414039611816,-0.004639877938235115,-0.006599361520103403,0.6223618239353172,-0.027132712304592133,0.06670226901769638,0.06947080045938492,0.0015296104040053286,0.01284618727457912,0.007142856576195125
1519,1623510939.2305746,0.0,-0.021553577855229378,-0.005236104130744934,0.016411185264587402,-0.004655120435035964,-0.008767120295514769,0.6247525651877026,-0.22101083397865295,-0.03769364580512047,0.02686021663248539,0.005830376511509759,-0.08338011848666226,0.1074772382746092
1520,1623510939.240989,0.0,-0.023830639198422432,-0.006944754160940647,0.01706330105662346,-0.005146180825436844,-0.006947965701361164,0.6246582355519531,-0.3072972595691681,-0.27524763345718384,0.10995084792375565,-0.014970172948652178,-0.049137343880009926,0.12264972261279473
1521,1623510939.2896852,0.0,-0.014669367112219334,-0.005781251005828381,0.0032738391309976578,-0.003456648760203518,-0.004758662510716882,0.6225188362966145,0.3233392834663391,0.3724331557750702,-0.3236117959022522,0.010140114864757618,-0.03694769745125734,-0.013777294867726879
1522,1623510939.2994618,0.0,-0.009877385571599007,-0.0015803372953087091,-0.00031825341284275055,-0.00219435369953673,-0.004177873585882175,0.6225873104899873,0.1283959001302719,0.6046608090400696,-0.3736792206764221,0.08569105271558472,-0.02691023454267371,-0.016343821451136817
1523,1623510939.309765,0.0,-0.00491655757650733,0.00030020871781744063,-0.0024463962763547897,-0.002066570951395952,-0.0056908765585041154,0.623281830301119,0.5917859673500061,0.14659710228443146,-0.16701790690422058,0.08107109742432828,-0.03319614120034747,0.03553336475489683
1524,1623510939.3197732,0.0,-0.0009322567493654788,-0.00013445164950098842,-0.004716102033853531,-0.0026421043220030693,-0.005372918736829269,0.6241277364627105,0.22000864148139954,-0.08882633596658707,-0.2074979543685913,-0.006646105477743522,-0.056657757272322196,0.07983862851074046
1525,1623510939.3297586,0.0,0.0014994388911873102,0.0003323518030811101,-0.007145857438445091,-0.00317369402432624,-0.0032921285455369542,0.6242593209609912,0.4032341241836548,-0.03556311875581741,-0.28845807909965515,-0.06354237060379317,0.102202094237897,0.06413590615051444
1526,1623510939.3395472,0.0,0.0028667438309639692,0.0014516380615532398,-0.009734837338328362,-0.002400096797795098,-0.0026032140423367517,0.6244355388487235,0.1198737770318985,0.1263570785522461,-0.18832319974899292,-0.005763178857852217,0.15877539822870804,0.01860971937086807
1527,1623510939.3491013,0.0,0.001973256468772888,0.001677443040534854,-0.011712701059877872,-0.0015991236326803188,-0.006712346943014355,0.6258429189236023,-0.11128860712051392,-0.3604687750339508,-0.13612523674964905,0.080051062392121,-0.14344894379420556,0.07277779009243317
1528,1623510939.359624,0.0,-0.0024043023586273193,-0.0078659038990736,-0.011796523816883564,-0.004067062660377457,-0.006024730072943248,0.6292794589797581,-0.3957142233848572,-1.2755309343338013,-0.23199903964996338,-0.05215359153700754,-0.21765883217263532,0.2455325106998164
1529,1623510939.3695333,0.0,-0.009024593979120255,-0.019457174465060234,-0.014767217449843884,-0.007418899203910069,-0.004352301965584213,0.6290685238031346,-0.28492671251296997,-0.30614030361175537,-0.5089678168296814,-0.2795724233384997,0.10298110912025565,0.18968229040120113
1530,1623510939.3796158,0.0,-0.01550834346562624,-0.017671357840299606,-0.02285679429769516,-0.006708840946049781,-0.0018474140720209295,0.62814480793698,-0.15070338547229767,0.7175788283348083,-1.1193642616271973,-0.17375728720109582,0.21140253541235177,-0.04361333269763187
1531,1623510939.4290822,0.0,-0.02501020021736622,0.013072382658720016,-0.01356122363358736,0.001246801630270425,-0.001979440295474602,0.6304852830195339,-0.04630747064948082,-0.6118711829185486,-0.31189388036727905,0.4358621685859111,0.26275010789469233,-0.05992295767456154
1532,1623510939.4388216,0.0,-0.02639421634376049,0.010253671556711197,-0.01817154325544834,0.0005195259824318371,-0.0015408398614541186,0.6303480766540366,-0.1592254936695099,0.20625190436840057,-0.41309401392936707,0.37715434572262785,0.17008538285068067,-0.018688811805210703
1533,1623510939.449072,0.0,-0.026213087141513824,0.011818606406450272,-0.01904606819152832,0.0010512432619270706,-0.002673627394695406,0.6308122561806466,-0.01754533126950264,0.001721138134598732,0.032186537981033325,-0.01704613518925083,-0.025550291669800728,0.009479453612576759
1534,1623510939.4589863,0.0,-0.02805258333683014,0.011274848133325577,-0.01550761703401804,0.0010798626589884064,-0.00201670523037302,0.6312914485820107,0.19124650955200195,-0.30187922716140747,0.557361900806427,0.03528575748843575,-0.02978202701653824,0.04555536307651587
1535,1623510939.469058,0.0,-0.02611590549349785,0.00509285181760788,-0.00726035051047802,-0.0005693445740285324,-0.002249590219739875,0.6312999688127403,0.0410442128777504,-0.396687775850296,0.8279390931129456,-0.06924700147113355,0.016216567075887756,0.029856223868441625
1536,1623510939.4787912,0.0,-0.027124952524900436,0.0043926420621573925,-0.0013024155050516129,-0.0006927739574736982,-0.0013824604006287822,0.6309175313805708,0.1475706696510315,0.03367907181382179,0.20156359672546387,-0.09817196458580986,0.03195741103475017,-0.014788210752651009
1537,1623510939.4890816,0.0,-0.027601653710007668,0.008543191477656364,-0.001981649547815323,0.0006924873644369098,-0.0016542135845010533,0.630766958381412,-0.08039593696594238,0.7388841509819031,-0.287392795085907,0.039385601024830984,0.03689255159899555,-0.028344756260209613
1538,1623510939.4987462,0.0,-0.027455845847725868,0.015964675694704056,-0.004699863493442535,0.003016755316394268,-0.0021499579738165978,0.6309384040519684,0.2913813591003418,0.6174439787864685,-0.10629783570766449,0.17812203233855675,-0.0321328530792295,-0.0026636751875195744
1539,1623510939.5087636,0.0,-0.02670387178659439,0.01819632388651371,-0.0029659103602170944,0.003806992067524266,-0.0019859472612990953,0.6308394834788494,0.0921769067645073,-0.08030422031879425,0.445509135723114,0.1763394718904306,-0.025531008222162203,0.005885613986922681
1540,1623510939.5189931,0.0,-0.026327401399612427,0.015190315432846546,-0.0016384031623601913,0.0031368099691313767,-0.0016786482992729584,0.6305624513371977,0.3840593695640564,-0.631045937538147,-0.2905886173248291,0.02809005703393634,0.026079520671197568,-0.01628337352215971
1541,1623510939.5741107,0.0,-0.028512248769402504,0.016022391617298126,-0.008620383217930794,0.003345798112883186,-0.011012631132050796,0.6414248884087168,-0.26681721210479736,0.013439047150313854,-0.13612523674964905,-0.04908233855746203,0.00958796042854154,-0.0025021565081714157
1542,1623510939.584443,0.0,-0.030537854880094528,0.015312480740249157,-0.008972074836492538,0.00363168938937998,-0.012763508563314555,0.64303930696816,-0.4606953263282776,0.08374650031328201,-0.08179675042629242,-0.03577550735560072,-0.14734292161912474,0.1182361024798322
1543,1623510939.5942094,0.0,-0.032616760581731796,0.01663670875132084,-0.009173796512186527,0.004659339179838851,-0.009334545254409118,0.6427301836209214,-0.25403404235839844,0.1583150029182434,0.06414447724819183,0.056279662919965376,0.02964026877596903,0.08577166305686511
1544,1623510939.6040044,0.0,-0.034019190818071365,0.021124599501490593,-0.00920057762414217,0.005981156562673659,-0.007105089819100338,0.6411325525857651,0.604569137096405,0.01663484051823616,0.03857812657952309,0.12506547771736215,0.29949394357681963,-0.08001633345771367
1545,1623510939.6142225,0.0,-0.0357731468975544,0.024304479360580444,-0.007236026227474213,0.006357324774294432,-0.013211125105189805,0.6418276290568776,-0.3104930520057678,0.09226862341165543,0.4934460520744324,0.08827481772842204,-0.11518018260396538,-0.06678817300570822
1546,1623510939.6241016,0.0,-0.03279483690857887,0.023186158388853073,-0.0009751897305250168,0.005686277067016882,-0.01726815112085231,0.6428147245316846,-0.02500218152999878,0.22649192810058594,0.5403176546096802,-0.01866038954704444,-0.5578588163780062,0.07710062057595007
1547,1623510939.6341515,0.0,-0.03190473094582558,0.025176597759127617,0.004097452387213707,0.006351558755843173,-0.008559372571635582,0.6409978836578916,0.18378965556621552,0.36391106247901917,0.36028799414634705,-0.00430756348163926,0.13785337191369829,-0.014773927890118038
1548,1623510939.6446476,0.0,-0.030616680160164833,0.024577312171459198,0.009603049606084824,0.006276975034739243,-0.007537957680096935,0.6395312635162806,0.14117906987667084,-0.49256157875061035,0.5168818831443787,0.03867804737609745,0.5278646614766996,-0.1668745078134836
1549,1623510939.6541903,0.0,-0.025760289281606674,0.019851602613925934,0.012824378907680511,0.0046828326601384695,-0.017097605743610383,0.6417077893651411,0.7185524106025696,-0.49788790941238403,0.14723511040210724,-0.0731168811384689,-0.3109108300760762,-0.004138902604510157
1550,1623510939.6640244,0.0,-0.023303547874093056,0.019036665558815002,0.01464475691318512,0.004738254012524673,-0.018041255829209193,0.6429640792293574,-0.12726756930351257,-0.07923895865678787,0.1451045721769333,-0.1041185974528193,-0.6148025300341339,0.17677260355657357
1551,1623510939.712156,0.0,-0.0022604058030992746,0.013001516461372375,0.029574517160654068,0.004567615055966381,-0.016012131857030702,0.6429955372078244,-0.8878663778305054,0.8976085186004639,0.25482678413391113,-0.05501380167401013,-0.3579743432693416,0.09700926590572949
1552,1623510939.7220218,0.0,-0.00041469806456007063,0.016384614631533623,0.03158237040042877,0.005557012669972793,-0.012193790586483642,0.6404464637842296,0.3201434910297394,-0.09521792083978653,0.027925480157136917,0.02743288890134246,-0.022900188306595227,-0.10501945798885186
1553,1623510939.7320125,0.0,-0.0008698253659531474,0.015291509218513966,0.0349607951939106,0.005389549306243288,-0.009195130288933803,0.6399376484435767,-0.04843800142407417,-0.585239589214325,0.5456439852714539,0.0621240163872697,0.3803893115865411,-0.17625495686035655
1554,1623510939.7424476,0.0,0.002066172892227769,0.010183637961745262,0.039056532084941864,0.0043868447125715165,-0.011699883012743877,0.6421150493030259,-0.21568451821804047,-0.396687775850296,-0.014685096219182014,-0.057294174406562016,0.07614228813660141,0.039006033967266096
1555,1623510939.752873,0.0,0.0002927515597548336,0.007193151395767927,0.03763531893491745,0.003719518479529796,-0.013124068550001193,0.6441485408661886,-0.5746786594390869,-0.08350001275539398,-0.06581778824329376,-0.09836409835126758,-0.20888734069402257,0.20305354946261114
1556,1623510939.7622554,0.0,-0.0012179267359897494,0.00808808859437704,0.03702833503484726,0.004131264245866163,-0.011131747266241623,0.6443437198116588,-0.06015590950846672,0.032613806426525116,0.004489663522690535,-0.01786853732605269,-0.006723756035694867,0.13626798189156267
1557,1623510939.7728107,0.0,-0.0038418457843363285,0.009322766214609146,0.03743602707982063,0.004589982168089958,-0.008272312239529407,0.6434961866581231,-0.26255616545677185,0.25312355160713196,0.03751286119222641,0.04010773882839759,0.23878495818864492,-0.01617230696438885
1558,1623510939.7821205,0.0,-0.005361360497772694,0.010396226309239864,0.038134604692459106,0.005033785879385785,-0.0076630289788371525,0.6432743354310175,0.07300214469432831,0.07415912300348282,0.05242656543850899,0.04434384079028741,0.19720655145091687,-0.05942604837209224
1559,1623510939.7925339,0.0,-0.00685393251478672,0.009922899305820465,0.03870411217212677,0.005032885831255364,-0.007925372754945217,0.6438954943442504,-0.08998332172632217,-0.13250218331813812,0.07799291610717773,0.03157774828725733,0.03274918003305855,0.016904134484719384
1560,1623510939.802748,0.0,-0.007447177078574896,0.007869570516049862,0.038496196269989014,0.004550864089110047,-0.007837713563162534,0.644241055069732,-0.04204641282558441,-0.30187922716140747,-0.14677788317203522,-0.01651652108541714,-0.017472070093951367,0.057481656942598595
1561,1623510939.8530781,0.0,-0.009672126732766628,0.002162462566047907,0.030455157160758972,0.0031005713558026893,-0.004654211974276332,0.6430644934716645,-0.02500218152999878,-0.14422009885311127,-0.09990625083446503,-0.1035905278415831,0.042490723198268694,0.01853660907472361
1562,1623510939.8636076,0.0,-0.010194932110607624,0.00020742852939292789,0.029566340148448944,0.0025483103244191008,-0.004303687913352165,0.6430123887663226,-0.05589485168457031,-0.20067910850048065,-0.09244939684867859,-0.1099830358873387,0.06319398149770183,-0.0061710898723762965
1563,1623510939.8730009,0.0,-0.010764754377305508,-0.001529266475699842,0.02891930565237999,0.002062989056955712,-0.004062839121227464,0.6429841545167789,-0.06761276721954346,-0.13250218331813812,-0.05090408772230148,-0.05517645935079682,0.03163665499794235,-0.004062106898283327
1564,1623510939.8835104,0.0,-0.01149339322000742,-0.0018343450501561165,0.028507869690656662,0.0019364650253639315,-0.003534888250095007,0.642945540114837,-0.04524220898747444,0.03580959886312485,-0.02320721372961998,-0.03695954255874586,0.03669761935291864,-0.002796397915559118
1565,1623510939.8930225,0.0,-0.012043074704706669,-0.0014158791163936257,0.028409868478775024,0.002018388645675752,-0.003095958283639365,0.642969015081986,-0.033524297177791595,0.05498436093330383,-0.0008366586407646537,-0.0049164726206655,0.048259883497567546,-0.0004803571760924376
1566,1623510939.9032195,0.0,-0.012409589253365993,-0.0015383751597255468,0.0285283662378788,0.0019670200857047904,-0.002805629247159963,0.6429982325725292,-0.010088480077683926,-0.021714679896831512,0.02259915880858898,0.0025867881386624327,0.038611594281247975,0.003097687500045227
1567,1623510939.913148,0.0,-0.012552968226373196,-0.0024581709876656532,0.028830189257860184,0.0009882705123861607,-0.009020912606084397,0.6442072424512396,0.0176083967089653,-0.07071684300899506,0.04070865362882614,0.0005615336112205987,0.03305638634857147,0.00647073133469866
1568,1623510939.9230988,0.0,-0.012884654104709625,-0.003051548032090068,0.02944999933242798,0.0008737216639402301,-0.010657504152643854,0.6461864857057015,-0.16029076278209686,0.12316128611564636,0.02366442233324051,0.004681726986931035,0.029757685570274913,0.009087620944789909
1569,1623510939.9332125,0.0,-0.015078270807862282,-0.002180458279326558,0.029197338968515396,0.001107631979564913,-0.012635537535466868,0.6486384131515389,-0.2923835515975952,0.16470658779144287,0.06734026968479156,0.006916911823794548,-0.06560350097478805,0.10284223714740352
1570,1623510939.9431553,0.0,-0.01681298017501831,-0.0034518868196755648,0.029729187488555908,0.0010223605720916934,-0.012428899504719176,0.6487326979992439,-0.49052274227142334,0.18494662642478943,0.0886455625295639,0.0031474053759783776,-0.1043255478567745,0.12768998562576944
1571,1623510939.9933777,0.0,-0.0050981305539608,-0.014383482746779919,0.016679976135492325,4.1302035163656714e-05,-0.007048964888880516,0.6450208161845798,0.625874400138855,-0.17724329233169556,-0.35450446605682373,-0.13508893851340043,-0.03553646171449734,-0.02206275326622391
1572,1623510940.0035987,0.0,0.0022054314613342285,-0.012888496741652489,0.012477129697799683,0.0004010471918362013,-0.006269830140351915,0.6445173969930311,0.034652628004550934,1.0392887592315674,-0.6527785062789917,-0.08941286505161475,0.01683483842222407,-0.051321699248519474
1573,1623510940.0134325,0.0,0.009223181754350662,-0.007574690040200949,0.006935782730579376,0.002031326144264156,-0.009452359063682914,0.6458671286409828,0.7803377509117126,0.6462061405181885,-0.5174899101257324,0.08792034647038881,-0.0840352858001033,0.03258968267616725
1574,1623510940.023411,0.0,0.013902773149311543,-0.0012923178728669882,0.0017108488827943802,0.0034577483944578657,-0.010127440837003232,0.6468906020031306,-0.3254067599773407,0.36497631669044495,-0.46955302357673645,0.1674858004557216,-0.20966959441210709,0.12021816152805619
1575,1623510940.033955,0.0,0.015392330475151539,0.004865746945142746,-0.0022788383066654205,0.004353208447761561,-0.0046266177363362,0.6460875065882236,0.30309927463531494,0.5684418082237244,-0.40350663661956787,0.12557238752874894,0.1887087561699175,0.030652513407713092
1576,1623510940.0434651,0.0,0.01781705766916275,0.007858606055378914,-0.004886578768491745,0.004795753125674568,-0.005078484472826439,0.6462984483123774,0.10389481484889984,0.1263570785522461,-0.20962849259376526,0.0741282026038767,0.3130183490167491,-0.03794492505252431
1577,1623510940.0531287,0.0,0.02057037688791752,0.003963220398873091,-0.006839044392108917,0.0040027256467835,-0.012572313075797564,0.6483593367473186,-0.03458956256508827,-1.2158761024475098,0.0843845009803772,0.003932461073843906,-0.33150479823073603,0.09490581049707829
1578,1623510940.063616,0.0,0.013803992420434952,-0.00810596626251936,-0.008449014276266098,7.710110903051681e-06,-0.010335701378101705,0.6505158834276041,-1.3129069805145264,-1.6536998748779297,-0.4951193928718567,-0.2287359232631548,-0.34213013654987107,0.21373285609156897
1579,1623510940.0736349,0.0,0.009156093001365662,-0.017527351155877113,-0.018337057903409004,-0.002610393752793032,-0.006410978384160777,0.6485554853825867,-1.0700266361236572,0.1817508339881897,-1.2258907556533813,-0.3598968147574187,0.24535491832088283,0.04010132222188421
1580,1623510940.0840611,0.0,0.0035375638399273157,-0.015248890034854412,-0.027257520705461502,-0.0018334028805630231,-0.0030452126478838076,0.646633862055781,0.030391570180654526,0.19240346550941467,-0.0019019230967387557,-0.12067828828833446,0.39242551716420593,-0.1855181050365462
1581,1623510940.135505,0.0,-0.01701023243367672,0.02044905722141266,-0.02438105084002018,0.006940754075908377,-0.0026088462345694938,0.6506646259717248,-0.17840026319026947,-0.5607385039329529,-0.19151899218559265,0.5695348480684969,0.5178009128779922,-0.12639696337155695
1582,1623510940.1458676,0.0,-0.019846763461828232,0.019438588991761208,-0.025999583303928375,0.006745517259387726,-0.001876354533433905,0.6502647322306875,-0.48519641160964966,0.10824758559465408,-0.05516514554619789,0.5209566470591777,0.37640477504147424,-0.04444029824061818
1583,1623510940.1557891,0.0,-0.021296365186572075,0.018796036019921303,-0.024280427023768425,0.0067377582008979475,-0.0016481171969481637,0.6505653241366374,0.18698544800281525,-0.21985387802124023,0.3677448332309723,-0.0072742263860239905,0.05851744185457526,-0.011826629690979893
1584,1623510940.1657948,0.0,-0.022456523030996323,0.015655728057026863,-0.01969316229224205,0.006038690892637248,-0.0011204530295285745,0.6508916417532182,0.034652628004550934,-0.6086754202842712,0.6596273183822632,-0.027453692369297296,0.03569260532448297,0.02789596595214781
1585,1623510940.1758797,0.0,-0.023471560329198837,0.009863047860562801,-0.011366825550794601,0.004541858291471516,0.00019012492623936283,0.6506794280884404,-0.32327622175216675,-0.39881831407546997,0.5051639676094055,-0.10679600701158054,0.0776276657266319,0.009109895287686947
1586,1623510940.1861386,0.0,-0.025668518617749214,0.00781608372926712,-0.011350004002451897,0.004213137657465067,0.0014371371340404296,0.6502015621599602,0.06128424033522606,-0.07284737378358841,-0.1659526526927948,-0.10401390916262868,0.13395687575156343,-0.027962379691070734
1587,1623510940.1957035,0.0,-0.02654075250029564,0.013797263614833355,-0.01448972336947918,0.006177643922845151,0.0014250228381587765,0.6500261642404344,-0.21142345666885376,0.6834903955459595,-0.24158641695976257,0.0601289934117831,0.0765513653847177,-0.032056012690013166
1588,1623510940.2057257,0.0,-0.027407590299844742,0.019861776381731033,-0.014286295510828495,0.008172136082971446,0.0016600943204753069,0.650008607815441,-0.08465699851512909,0.3958689868450165,0.19197620451450348,0.1957534495427728,0.008951641868886666,-0.012794024755355387
1589,1623510940.2157497,0.0,-0.025458168238401413,0.02104473114013672,-0.008784041740000248,0.00858450252992489,0.0020827423932598607,0.6499747695979358,0.09324216842651367,-0.14422009885311127,0.8407222628593445,0.1416403470883179,0.02601872883575026,-0.002630485579522926
1590,1623510940.2259042,0.0,-0.024141307920217514,0.017141861841082573,-0.00016694143414497375,0.007563576354739747,0.0020498310462238947,0.649759001771665,-0.0985054299235344,-0.24755075573921204,0.344309002161026,-0.01884403684533425,0.0204422115096039,-0.010670380183450581
1591,1623510940.278934,0.0,-0.023284215480089188,0.01642989180982113,-0.006013348698616028,0.008055728307146834,-0.008795932573731263,0.6588141823951884,0.5023037195205688,-0.40414461493492126,-0.31722021102905273,-0.08580669471510584,-0.04696515272347989,0.009647472451282196
1592,1623510940.288685,0.0,-0.026458855718374252,0.017294134944677353,-0.009226091206073761,0.00894183851232086,-0.011707182587366013,0.661569480859536,-0.04630747064948082,0.5311575531959534,-0.4301382601261139,-0.0052948191931727635,-0.3182756216403908,0.1909072271419655
1593,1623510940.298744,0.0,-0.029085442423820496,0.022389857098460197,-0.014977704733610153,0.010991435597603752,-0.007143930642050253,0.6609691582473239,-0.5256764888763428,0.909326434135437,-0.463161438703537,0.12168365923064883,-0.06174949748760945,0.14799259148237975
1594,1623510940.3090143,0.0,-0.028819724917411804,0.023959200829267502,-0.018178818747401237,0.011152524309454029,-0.001062775164020771,0.6581436803122036,1.4812817573547363,-0.2763128876686096,-0.18086634576320648,0.135501716057476,0.5080947253594683,-0.13252435858976047
1595,1623510940.3187606,0.0,-0.029525896534323692,0.027067063376307487,-0.020190760493278503,0.011294531760337997,-0.005994072415281174,0.657368759365001,0.1294611692428589,-0.6438291072845459,0.33685216307640076,0.053643707558905664,0.1714925328401899,-0.20306954628183052
1596,1623510940.328807,0.0,-0.028821341693401337,0.027007047086954117,-0.016907013952732086,0.01053916696887397,-0.011755517532523033,0.6589606516529258,-0.17413920164108276,-0.19215700030326843,0.5083597302436829,-0.03471340935307712,-0.5151820588952808,0.010528172146142776
1597,1623510940.3387604,0.0,-0.03003864549100399,0.025244954973459244,-0.010533477179706097,0.010358609356120707,-0.0048951887809747935,0.6581507434840397,-0.3893226087093353,-0.46379944682121277,0.6148861646652222,-0.05212297053402696,-0.11220414046872045,0.05973062494028503
1598,1623510940.3488517,0.0,-0.025912074372172356,0.02004595659673214,-0.005828084424138069,0.009337365698580402,-0.0019230771928327728,0.6560232687813733,0.19018124043941498,-0.7397029399871826,0.41568171977996826,-0.04545239054724674,0.5139079711770477,-0.13580880993816044
1599,1623510940.3588746,0.0,-0.02583323046565056,0.017381401732563972,-0.0035813096910715103,0.0085569611273668,-0.009989984235521013,0.65711637984956,0.1433096081018448,-0.7460945248603821,0.11953822523355484,-0.08044718496606611,-0.04523001370001064,-0.08564750439401866
1600,1623510940.3689265,0.0,-0.02363874576985836,0.013607606291770935,-0.003253532573580742,0.007689826379446346,-0.0145794085429094,0.659256335664328,0.15928857028484344,0.2967993915081024,0.05988341569900513,-0.1056643030368891,-0.6254944805272121,0.1372838416880923
1601,1623510940.4189463,0.0,-0.0065621803514659405,-0.0014503315323963761,0.010498397052288055,0.004967789727346794,-0.008157579428843119,0.6570257847503982,0.21574759483337402,-0.19641806185245514,-0.04770829528570175,-0.2425018043943704,-0.37883794659328845,0.07349315803140372
1602,1623510940.429195,0.0,-0.00818272028118372,-0.0012580793118104339,0.00898321345448494,0.005082487671863395,-0.0024984272816965455,0.6543506368777408,-0.23379401862621307,0.33195310831069946,-0.4333340525627136,-0.19626747950217663,0.1440413828440895,-0.162940022671008
1603,1623510940.4390628,0.0,-0.006394840311259031,0.0034958813339471817,0.007163701578974724,0.0065949313123000106,-0.002711070287919587,0.6551077500037521,-0.22953295707702637,0.3404752314090729,0.3485700786113739,0.06071281446262814,0.3050780400407976,-0.12954969116148488
1604,1623510940.4489527,0.0,-0.0065753464587032795,0.008704794570803642,0.011581603437662125,0.008158744546805902,-0.005893173518631105,0.6581438336851325,-0.21674978733062744,0.6525977253913879,0.5275344848632812,0.14091590159977715,-0.107858687015876,0.14910050059835842
1605,1623510940.4590068,0.0,-0.005085355136543512,0.01318484079092741,0.01778159663081169,0.00947309991504739,-0.006983493827856811,0.6598135278226624,0.11241693049669266,0.39373844861984253,0.5935809016227722,0.14572352644233852,-0.2406729450329587,0.24309195888480167
1606,1623510940.4689827,0.0,-0.007320035714656115,0.011601421982049942,0.0255146324634552,0.00885283970522123,-0.003034348253998287,0.6589600233847495,-0.027132712304592133,-0.5596732497215271,0.9706845283508301,0.06220664439546028,0.1034846250490653,0.07520761170054023
1607,1623510940.4788666,0.0,-0.006371371913701296,0.005786912981420755,0.03327752649784088,0.007106545897294092,-0.0009037526300438442,0.6580111664254065,-0.16242128610610962,-1.0241285562515259,0.594646155834198,-0.10212278308692091,0.31705355144909103,-0.0818739119747915
1608,1623510940.48909,0.0,-0.007254777476191521,-0.0034322813153266907,0.028321508318185806,0.004621645511943766,-0.0017217728048266115,0.6586254124863404,-0.25829508900642395,-0.6544817686080933,-0.849852442741394,-0.2128365409419462,0.10222933855441578,-0.034865755244026915
1609,1623510940.4990406,0.0,-0.006956107448786497,-0.005587611347436905,0.021751347929239273,0.004068423311928984,-0.003104512717181096,0.659687582321097,0.0964379608631134,-0.10160951316356659,-0.8477219343185425,-0.16797804207398176,-0.09105226757030928,0.0722355598639038
1610,1623510940.5091128,0.0,-0.010236789472401142,0.000731388630811125,0.017283983528614044,0.005883442162548651,-0.00152341913040379,0.6600370011050837,-0.3254067599773407,1.2928216457366943,0.027925480157136917,0.03226669455907396,-0.024715609473932275,0.07777851340793689
1611,1623510940.5662265,0.0,-0.008131185546517372,-0.01341899111866951,0.014627467840909958,0.0027153321294079644,0.0030118272122881887,0.6579397443359701,0.13052643835544586,-0.07178210467100143,-0.8658314347267151,-0.15074901443832006,0.06990138883164046,0.00619704458981628
1612,1623510940.5762491,0.0,-0.008440258912742138,-0.011912504211068153,0.008796431124210358,0.003214255030551151,0.0033695427391611174,0.6574232766366559,-0.06441696733236313,0.13807497918605804,-0.05196935310959816,-0.20866071917347526,0.03196644975339609,-0.04560524600895738
1613,1623510940.586196,0.0,-0.008981749415397644,-0.00843180064111948,0.011223424226045609,0.004031068982173043,0.004580316096191549,0.6572735623330689,0.3052298128604889,0.22116561233997345,0.40289855003356934,0.06350396915070497,0.0704059051254438,-0.034284737868142345
1614,1623510940.5960312,0.0,-0.007484981790184975,-0.006279734428972006,0.013854850083589554,0.004504647160979827,0.004796447876875311,0.6569789485610191,-0.1123538687825203,0.8539326786994934,0.0471002422273159,0.05960649315033567,0.06790108375237634,-0.022525114435248864
1615,1623510940.6063912,0.0,-0.009338156320154667,-0.0023756460286676884,0.0143219493329525,0.005462303325561094,0.0061260540485916296,0.6564965206970264,-0.05056852847337723,0.2467319518327713,0.03644759580492973,0.07323138555197735,0.07731733237762281,-0.0377334982351968
1616,1623510940.6165555,0.0,-0.009008129127323627,-0.004399680998176336,0.017027802765369415,0.0040727721146188445,-0.00045646839457796906,0.6571090209788406,-0.21142345666885376,-0.4030793607234955,0.43805229663848877,0.07578556486435764,0.09439548187756398,-0.0456834728376355
1617,1623510940.6261744,0.0,-0.009584324434399605,-0.010774346068501472,0.022103801369667053,0.0017077322490640506,-0.0051483456733610045,0.6598948943366967,-0.14111600816249847,-0.5000184178352356,0.33685216307640076,0.07755827036463436,0.09636590022088894,-0.045990371041137686
1618,1623510940.636037,0.0,-0.011780559085309505,-0.014128671027719975,0.021566864103078842,0.00015578599758915568,-0.009028596558995766,0.6630185820486897,-0.8729526996612549,0.44913220405578613,-0.3236117959022522,-0.01331107452728441,-0.0854242910719401,0.0724496015176408
1619,1623510940.64646,0.0,-0.01665828935801983,-0.018421297892928123,0.01965169608592987,-0.0013838566292383309,-0.006990998592682013,0.6624579159634216,-0.19757501780986786,-0.8472946286201477,-0.16062632203102112,-0.13391992405493866,-0.13846263112791476,0.1455305821948457
1620,1623510940.6564841,0.0,-0.021697180345654488,-0.021804844960570335,0.02035963535308838,-0.002175156140486717,0.00019061263869618594,0.6599351680578145,-0.49371853470802307,-0.9964316487312317,0.4593575596809387,-0.10496255220706477,0.42580529076174684,-0.12253647264661742
1621,1623510940.7096634,0.0,-0.03544627130031586,-0.041651610285043716,0.005318129435181618,-0.004220699269200642,-0.007532985451350685,0.6597357117577283,-0.6226155161857605,-0.3338371813297272,-0.18832319974899292,-0.4030193876029106,0.5598149775831514,-0.13292866801606398
1622,1623510940.7190351,0.0,-0.03773585706949234,-0.04878782108426094,0.005006100982427597,-0.00580074905591936,-0.007127805451235092,0.6595989035852288,-0.19757501780986786,-0.7908356189727783,-0.12227680534124374,-0.3628422089691152,0.24229368998619027,-0.031719092228161695
1623,1623510940.7290895,0.0,-0.041632361710071564,-0.05610228329896927,0.004371402785181999,-0.007418707972266195,-0.006288393641486895,0.6594554538901737,-0.42021527886390686,-0.8217282891273499,-0.11801574379205704,-0.16435182541885057,0.06846359421135748,-0.011735798590909336
1624,1623510940.739557,0.0,-0.04464935138821602,-0.06290531903505325,0.0028231143951416016,-0.008577449824547279,-0.005892782246329262,0.6594650430751349,-0.3072972595691681,-0.6150670051574707,-0.1893884688615799,-0.1552322065593039,0.06874643801488331,-0.007081011259384905
1625,1623510940.7489693,0.0,-0.04845748096704483,-0.06842643022537231,0.0015078261494636536,-0.009515719028896835,-0.0056669571337533975,0.6596031224800412,-0.40210580825805664,-0.6342417597770691,-0.15530000627040863,-0.11536479002791956,0.040999708564595214,0.005470133997973147
1626,1623510940.7593033,0.0,-0.04808182641863823,-0.07036643475294113,-0.0013166218996047974,-0.009539560887892297,-0.006385774719858142,0.6617469434211878,-0.38399630784988403,0.2829509377479553,-0.5366646647453308,-0.06494761317841033,-0.019957172830622896,0.08369345019018223
1627,1623510940.7689145,0.0,-0.04708287492394447,-0.06631361693143845,-0.008440980687737465,-0.008605716254876494,-0.0060202704293073755,0.6624407883702265,0.44158366322517395,0.02089589834213257,-0.7039111852645874,0.03601131818964697,-0.014246898762102835,0.14864890685197846
1628,1623510940.7790282,0.0,-0.046309277415275574,-0.06704101711511612,-0.012007512152194977,-0.009184604786010915,-0.0029677398645981054,0.6613163368743009,0.27433714270591736,-0.0920221284031868,0.09397187829017639,0.03308820029209792,0.15473838941917986,0.006860735573237699
1629,1623510940.7893739,0.0,-0.04655452072620392,-0.07129081338644028,-0.01150485873222351,-0.010826989683914157,-0.0023091130546383926,0.6611394190296219,-0.009023215621709824,-0.4201235771179199,0.05881815031170845,-0.09172113235794552,0.19164441628205733,-0.0706237576124254
1630,1623510940.799074,0.0,-0.047322895377874374,-0.07254311442375183,-0.0116667365655303,-0.011724273259240622,-0.0031416220711869766,0.6626629712194805,0.02506524696946144,-0.20387490093708038,-0.09777572005987167,-0.131897752342703,0.014710292065096386,0.050224904980511714
1631,1623510940.8552191,0.0,-0.04248730093240738,-0.07876826077699661,-0.01207801979035139,-0.015527474311290382,-0.0032911527354090864,0.6641382386344259,0.1475706696510315,0.07415912300348282,0.12806034088134766,-0.17698516987778276,-0.12825950239970638,0.08865453886903729
1632,1623510940.865626,0.0,-0.042141061276197433,-0.07891466468572617,-0.010732779279351234,-0.015938405059406927,-0.0033668236755342307,0.6641863042859396,0.04637053608894348,0.10185600072145462,0.14936563372612,-0.1459285442122259,-0.1044321934062123,0.022842880195106066
1633,1623510940.875317,0.0,-0.04171614721417427,-0.07870201766490936,-0.009427511133253574,-0.016221591470911005,-0.003512110563164368,0.6641171638958505,-0.03139377012848854,0.14233604073524475,0.14723511040210724,-0.03659064251930475,-0.014183378056532884,-8.74885717809421e-05
1634,1623510940.8852448,0.0,-0.04118476063013077,-0.07826405763626099,-0.008078290149569511,-0.016546174217353334,-0.004168024186320361,0.6641683022008954,0.037848420441150665,0.17642450332641602,0.14084351062774658,-0.029784071364480365,-0.034240053865352095,-0.003340022502713606
1635,1623510940.8957734,0.0,-0.04114694893360138,-0.07777325063943863,-0.006740063428878784,-0.01678903938529268,-0.004797234234200198,0.6642115900159182,0.08045899122953415,0.09439914673566818,0.14084351062774658,-0.02678702388901586,-0.06533741885518991,0.004417611290345311
1636,1623510940.9053895,0.0,-0.04102984443306923,-0.07716817408800125,-0.00561772845685482,-0.017038407717926342,-0.005064024677823541,0.6642028544359937,-0.1304633617401123,0.19666452705860138,0.13658246397972107,-0.025565706252040944,-0.05223181482783834,0.002595945075922171
1637,1623510940.9154887,0.0,-0.04056764766573906,-0.07618921995162964,-0.004587890580296516,-0.017178686204312697,-0.005413259113463742,0.6641854205558109,0.08045899122953415,0.19879505038261414,0.09610240906476974,-0.019355060183868303,-0.028673349823534963,-0.001836499171372328
1638,1623510940.9253397,0.0,-0.040253281593322754,-0.07449279725551605,-0.0037457402795553207,-0.017060282589837175,-0.005650641207524364,0.6641928675831771,0.04637053608894348,0.23075298964977264,0.08971082419157028,-0.0020673767398631513,-0.026879014351923736,-0.0007740103410926603
1639,1623510940.935356,0.0,-0.039739713072776794,-0.07276733964681625,-0.0030374042689800262,-0.016957584784123007,-0.005963879250305608,0.6642298673677411,0.10709060728549957,0.2648414671421051,0.08012343943119049,0.011263533540473178,-0.025796772736567608,0.0017720715894948144
1640,1623510940.9456522,0.0,-0.039497412741184235,-0.0705149695277214,-0.0024392716586589813,-0.016715035193051127,-0.006165733995166359,0.664285267858771,0.07406740635633469,0.23501405119895935,0.05988341569900513,0.01981754954562898,-0.02650094018885168,0.004752984310919118
1641,1623510940.9997787,0.0,-0.03580072149634361,-0.05458178371191025,-0.0025567226111888885,-0.016136448068325385,-0.013966686073182188,0.6753742291574868,0.505499541759491,0.3074520230293274,0.017272837460041046,0.1027558134784214,-0.06013854488708229,0.02515763466691806
1642,1623510941.0096307,0.0,-0.03580911085009575,-0.04974235221743584,-0.0031073354184627533,-0.01565193988795288,-0.013320513927335381,0.6755933255486078,-0.16242128610610962,0.5822902917861938,0.00022860581520944834,0.1531554734519748,-0.06665491088224194,0.0471364934987136
1643,1623510941.0195274,0.0,-0.03145845606923103,-0.04676678031682968,-0.0017592906951904297,-0.015602531573328193,-0.01359895072198132,0.6753624174065901,0.6802029013633728,0.010243253782391548,0.3155468702316284,0.03457773747252779,-0.0005372276396989751,0.0006168328863708531
1644,1623510941.029528,0.0,-0.028964709490537643,-0.04200068861246109,0.001282600685954094,-0.01512588297758527,-0.0149311350841409,0.6750737083093795,-0.07080855965614319,1.0094612836837769,0.3315258324146271,0.01574688337278445,-0.0664019176197956,-0.0284537524388772
1645,1623510941.0393572,0.0,-0.025074565783143044,-0.037399355322122574,0.005528559908270836,-0.014003844828683762,-0.018334254941383243,0.6751234618197595,0.5747417211532593,0.40226057171821594,0.5456439852714539,0.07697098800778723,-0.23298794905809753,-0.015239928149314358
1646,1623510941.049543,0.0,-0.021648820489645004,-0.033458828926086426,0.010675754398107529,-0.013235851170515275,-0.013235925859889794,0.6738068294307409,0.9166916012763977,0.19453400373458862,0.46255338191986084,0.10874523100456618,0.04482779230588987,-0.05141297009699554
1647,1623510941.0596685,0.0,-0.01805308274924755,-0.033785708248615265,0.016560863703489304,-0.013917979048348406,-0.011674401616538543,0.6729397541392599,0.1102863997220993,-0.4627341628074646,0.6532357335090637,0.02576562275003364,0.347959278324911,-0.10928687877608192
1648,1623510941.0695472,0.0,-0.012763314880430698,-0.03592590615153313,0.017791684716939926,-0.015266970409794287,-0.021189643773158656,0.6746758555737604,0.4628889560699463,-0.10267477482557297,-0.18619267642498016,-0.08915300292059566,-0.32074662142153826,0.021749915709294278
1649,1623510941.0793593,0.0,-0.011159849353134632,-0.03774396330118179,0.017332199960947037,-0.015634636545320532,-0.022531747219103074,0.6763163458281642,-0.04630747064948082,-0.34022876620292664,-0.011489302851259708,-0.09641136916733704,-0.6155065269511703,0.17247957967279598
1650,1623510941.0895147,0.0,-0.010323707945644855,-0.03655290603637695,0.017360951751470566,-0.015101510899748982,-0.01062933652864674,0.6738852351851614,-0.5480470061302185,0.24779722094535828,0.16108353435993195,-0.004385391421671866,0.3766303235694983,0.0006034899861429653
1651,1623510941.1429398,0.0,-0.007880421355366707,-0.00903834868222475,0.02609170973300934,-0.008476710561844528,-0.007119103900594913,0.6693699146716503,-0.48093536496162415,0.9934823513031006,0.2004983276128769,0.31327308019686984,0.6901858894526856,-0.20339210899773286
1652,1623510941.1525602,0.0,-0.008261898532509804,-0.008274841122329235,0.031226523220539093,-0.008514011112498054,-0.00752539785689843,0.6691918585820769,0.3744719922542572,-0.18789593875408173,0.41035541892051697,0.30641779385908424,0.1476403560227728,-0.13181264277415156
1653,1623510941.1625504,0.0,-0.009406226687133312,-0.010760183446109295,0.03448111563920975,-0.009494733418690962,-0.009105505130458609,0.6709220676357943,-0.2646866738796234,-0.34448981285095215,0.15682248771190643,-0.029376050945837243,-0.08749439301044361,0.055130841220636266
1654,1623510941.1729453,0.0,-0.010450552217662334,-0.012442242354154587,0.034831080585718155,-0.010112537664158712,-0.008526027853124292,0.6720623093019995,0.07939372956752777,-0.15487274527549744,0.0705360621213913,-0.08242696516352811,-0.07665215515433962,0.14785735436658207
1655,1623510941.1829007,0.0,-0.011128358542919159,-0.014067839831113815,0.03539697453379631,-0.01065190359868317,-0.007088267268163868,0.6716852537993916,0.12306957691907883,-0.12184953689575195,0.006620192434638739,-0.0636963337857317,0.09685705559261021,0.05156903704978363
1656,1623510941.1927347,0.0,-0.012311071157455444,-0.011099583469331264,0.03462455794215202,-0.009850001635778656,-0.006568258277816957,0.670967117868261,-0.08039593696594238,0.511982798576355,-0.17340949177742004,-7.932453504005328e-05,0.1079426985837553,-0.05039150804283924
1657,1623510941.2027812,0.0,-0.013604502193629742,-0.0026124275755137205,0.031432002782821655,-0.007467104215098379,-0.00707120422025536,0.670816795968908,-0.040981147438287735,0.9157180190086365,-0.30763283371925354,0.1442588823787782,0.014070806968707035,-0.05203615132165124
1658,1623510941.2132425,0.0,-0.014691873453557491,0.004707823041826487,0.029575858265161514,-0.005355625383466053,-0.007417086808734277,0.6713442069006123,-0.09637490659952164,0.6579240560531616,-0.02640300616621971,0.22828433905431084,-0.04292485746586528,0.010512797267891028
1659,1623510941.2226763,0.0,-0.013792297802865505,0.004463874734938145,0.0321035161614418,-0.005353843748057141,-0.007831387824044744,0.6716612029744871,0.09963375329971313,-0.3839046061038971,0.4934460520744324,0.13230255094793347,-0.04495635941068252,0.04274830172816629
1660,1623510941.232717,0.0,-0.01336753461509943,-0.0006296816864050925,0.034890007227659225,-0.006785651130058697,-0.007545337092676532,0.6714856950299029,-0.030328504741191864,-0.5841743350028992,-0.249043270945549,-0.052915858303017774,-0.01358495685657937,0.0124241404408068
1661,1623510941.2879395,0.0,-0.012743028812110424,0.01322841551154852,0.01869543269276619,-0.002704056365891494,-0.008901023105937239,0.6711580897913066,0.09430743008852005,0.06350647658109665,0.3080900311470032,0.19354515832664743,0.005648068684639483,-0.007406635388327991
1662,1623510941.2975147,0.0,-0.012320492416620255,0.01272723637521267,0.021985162049531937,-0.00276887375456282,-0.009320447350796741,0.6711672784523499,-0.011153744533658028,-0.08882633596658707,0.3123510777950287,0.2682046743661627,-0.029541759306540877,0.0008964987590760253
1663,1623510941.307729,0.0,-0.01332778949290514,0.012655464000999928,0.023500587791204453,-0.0026065606430833374,-0.009038004072867915,0.6710530863197275,-0.02819797582924366,-0.05154208466410637,-0.005097716581076384,0.006830222947322167,-0.013585013367786917,-0.0025561280960935194
1664,1623510941.3169901,0.0,-0.013137305155396461,0.010162118822336197,0.0229518823325634,-0.0018966039891805536,-0.007675412568965034,0.6719744287059226,-0.03458956256508827,-0.4488857388496399,-0.08179675042629242,-0.005319669655602699,0.00635675964267169,-0.010507777007527678
1665,1623510941.327248,0.0,-0.013625589199364185,0.007003182079643011,0.022110041230916977,-0.002521013959945917,-0.008624571670089398,0.6731946067267257,-0.0931791141629219,-0.221984401345253,-0.0455777682363987,-0.01479550971442505,0.004327400768971568,-0.01155375663193267
1666,1623510941.3376355,0.0,-0.013370687142014503,0.007841008715331554,0.02105306088924408,-0.0017398117561342463,-0.010787258403628763,0.6760377812451278,-0.22633716464042664,0.43421849608421326,-0.24691274762153625,-0.020929550902900995,-0.011006125189107705,0.0060531792538971885
1667,1623510941.3475883,0.0,-0.015575290657579899,0.011598503217101097,0.019679870456457138,2.0092226784410028e-05,-0.012765014050577006,0.6761853255382431,0.030391570180654526,0.1210307627916336,-0.13719050586223602,0.09803888171512175,-0.1744138846844039,0.12961297873340358
1668,1623510941.3576279,0.0,-0.018003782257437706,0.014093931764364243,0.01834772154688835,0.0010262651671578138,-0.009300213832730608,0.6753015411219561,-0.7057061791419983,-0.03343259170651436,0.09397187829017639,0.15528535148873937,0.014424505874906844,-0.012614990000712702
1669,1623510941.3672097,0.0,-0.01633891649544239,0.011444484815001488,0.02087538316845894,0.00025271434027605844,-0.009463476703367585,0.6742883326755714,0.03571789339184761,-0.6076101064682007,-0.007228245493024588,0.03185032426509192,0.16002801279906634,-0.09788930427175452
1670,1623510941.377425,0.0,-0.012913568876683712,0.006828505080193281,0.016376223415136337,-0.0005305817224569992,-0.018330426003350553,0.6757035826581518,0.0016294285887852311,-0.3274455964565277,-0.899919867515564,-0.08295024762541746,-0.40105587176417096,-0.0029907334006609725
1671,1623510941.4309514,0.0,0.007050372194498777,0.03758775070309639,-0.008738581091165543,0.009215369576491161,-0.008648120100415935,0.6723856144075189,0.5917859673500061,0.5695070624351501,-0.043447237461805344,0.5543938326067769,-0.716028523426026,0.03426762531094704
1672,1623510941.4405937,0.0,0.012090259231626987,0.043883226811885834,-0.008903469890356064,0.010296257366899042,-0.007914697905942042,0.6725680701346289,0.2967076897621155,0.7910820841789246,-0.05516514554619789,0.58842806650087,-0.24631809905224528,-0.010725942063800061
1673,1623510941.450151,0.0,0.017633216455578804,0.04745587334036827,-0.009530712850391865,0.01040757845923325,-0.00776913969777529,0.6730626818588662,0.4405183792114258,0.6046608090400696,-0.12653785943984985,0.08127427931322044,0.04848055882836295,0.03139507448661802
1674,1623510941.460102,0.0,0.023472782224416733,0.047671228647232056,-0.00941608939319849,0.010800920785813677,-0.011693182813124349,0.6741183089382868,0.7430534958839417,-1.2510298490524292,0.3997027575969696,0.04721741040150325,-0.13429005038589775,0.07159623330295405
1675,1623510941.4705572,0.0,0.02012707106769085,0.041828934103250504,-0.0062392838299274445,0.009696559871009584,-0.013211484641113547,0.67800567254625,-1.0199592113494873,-0.9900400638580322,0.2281952053308487,-0.027034231046533002,-0.2878503219498482,0.2298682280597626
1676,1623510941.4805202,0.0,0.015719270333647728,0.030116358771920204,-0.009066253900527954,0.006822824938828992,-0.011440944025999003,0.6785145748861263,-0.8857358694076538,-1.3628826141357422,-0.5249468088150024,-0.1965064278581605,-0.036085258968974965,0.22645854200983448
1677,1623510941.4902203,0.0,0.011638659983873367,0.028806693851947784,-0.01531416829675436,0.006896898039234198,-0.01230426736421443,0.6783684903868749,-0.7493820190429688,0.4736332893371582,-0.8317429423332214,-0.17055480425731243,0.06010273203826557,0.038617032702440476
1678,1623510941.500377,0.0,0.009726256132125854,0.03343864902853966,-0.022207362577319145,0.008846947690931195,-0.012990715874014985,0.6791718641416407,0.027195775881409645,0.38308581709861755,-0.6751490831375122,0.07552317155772295,-0.06384307229345407,0.027921453144006916
1679,1623510941.5101852,0.0,0.007821372710168362,0.041748031973838806,-0.025149190798401833,0.011810360160091612,-0.013529795325289098,0.6804505650487418,-0.1538991779088974,1.1745773553848267,-0.02320721372961998,0.24048469516695753,-0.06543322148665458,0.09662370270594683
1680,1623510941.5204427,0.0,0.005510698538273573,0.04730064049363136,-0.022621484473347664,0.013639527866249564,-0.012721853516881161,0.680835846834343,-0.01754533126950264,0.05924541875720024,0.5552313923835754,0.2596334489705023,-0.005929240655841809,0.09458118670828924
1681,1623510941.5735662,0.0,-0.007211650256067514,0.04184987023472786,-0.022903140634298325,0.01403571542301206,-0.013268072780776526,0.6807157561881075,-0.007957951165735722,-0.06112946197390556,0.3496353328227997,0.04827322155697322,0.194849227590882,0.031208080792066037
1682,1623510941.583039,0.0,-0.007689984980970621,0.040481459349393845,-0.017595544457435608,0.014017292311588637,-0.014087813652752357,0.6806871347289254,-0.08998332172632217,-0.2539423406124115,0.6372567415237427,-0.06128765066680802,0.12969816943459173,0.0011553283963293786
1683,1623510941.5934832,0.0,-0.009624853730201721,0.038601744920015335,-0.010961003601551056,0.014011567561229024,-0.015115936205696567,0.6808356069195683,-0.14537706971168518,-0.31785818934440613,0.3528311252593994,0.0005639275107284262,-0.09645876304085226,0.004537061749218
1684,1623510941.603121,0.0,-0.010308695957064629,0.03704239800572395,-0.013548196293413639,0.014094023292664765,-0.01582482842460546,0.6807696614245593,-0.10915807634592056,-0.11865374445915222,-0.4301382601261139,0.0010663254560161844,-0.09847384699238006,0.005791226008248791
1685,1623510941.613547,0.0,-0.0125477509573102,0.03642672672867775,-0.01597404107451439,0.01437712381944705,-0.015948111394267397,0.6806517970109901,0.06661055982112885,-0.1527422070503235,-0.043447237461805344,0.016177159739100083,-0.038157988587766783,-0.008055334252811389
1686,1623510941.6231327,0.0,-0.012755592353641987,0.03511572629213333,-0.015182019211351871,0.014421404702376732,-0.017078457950763556,0.6806089457324662,0.12626537680625916,-0.36366456747055054,0.08225397020578384,0.017566496140676836,-0.05810015293327949,-0.009077071415057588
1687,1623510941.6333737,0.0,-0.01346481591463089,0.032617758959531784,-0.015105250291526318,0.014132257579599843,-0.017819565734414677,0.6805688366154206,-0.011153744533658028,-0.3519466519355774,-0.05196935310959816,-0.012170693822756741,-0.10608040120594306,-0.003693576143113422
1688,1623510941.6432571,0.0,-0.013935375958681107,0.029867352917790413,-0.01551552303135395,0.013770504507961044,-0.019067109178051884,0.6805183351688165,-0.08039593696594238,-0.3146623969078064,-0.006162981037050486,-0.03506124934362546,-0.10356482490564793,-0.003968900581078297
1689,1623510941.6531608,0.0,-0.014582965523004532,0.02662486769258976,-0.015278703533113003,0.013227299725214553,-0.020351386955139807,0.6805480684625084,0.06980635225772858,-0.42225411534309387,0.028990745544433594,-0.043739420641521844,-0.1260503302756119,-0.0014576218226261797
1690,1623510941.6630795,0.0,-0.015392147935926914,0.02366817370057106,-0.014904262498021126,0.012791929899604731,-0.022179536203418226,0.6806140983010014,0.023999981582164764,-0.33064138889312744,0.05988341569900513,-0.05075094256185339,-0.14949021778371305,0.0034260858901317775
1691,1623510941.7156856,0.0,-0.021513845771551132,0.023297714069485664,-0.011665459722280502,0.01670156385442613,-0.04326469633711637,0.6923385056717295,0.06661055982112885,-0.5863048434257507,0.36454904079437256,-0.0056533574963429575,-0.1685471654620768,0.014419816689942784
1692,1623510941.7250748,0.0,-0.026855969801545143,0.029944539070129395,-0.010480803437530994,0.018534121118843713,-0.04403774571757815,0.6920718997904262,1.2479888200759888,-0.45101624727249146,0.12806034088134766,0.10232268712143598,-0.1302471057439109,0.0050263670569984376
1693,1623510941.735214,0.0,-0.024089176207780838,0.029508639127016068,-0.007468825206160545,0.017911311988486556,-0.04728137255201306,0.691319594388439,-0.458564817905426,0.7420799136161804,0.5754714012145996,0.03777641687729392,-0.2534832031724268,-0.05432837853793273
1694,1623510941.7450256,0.0,-0.025509437546133995,0.02727796882390976,-0.003999784588813782,0.01688749755110082,-0.04825745781135407,0.6907336597521676,0.10815586894750595,0.3213004767894745,0.14084351062774658,-0.09316987640108423,-0.24967324248213751,-0.06849401264191016
1695,1623510941.7549856,0.0,-0.024839654564857483,0.024607444182038307,0.0031331200152635574,0.01594999785973819,-0.05034026578111145,0.6903306768846442,0.8261440992355347,-1.1146759986877441,0.6415178179740906,-0.09688924730987553,-0.15793021793718692,-0.05999269976386176
1696,1623510941.7648175,0.0,-0.020737910643219948,0.016654254868626595,0.00843915343284607,0.014362798830476475,-0.054967843149257484,0.6903581040570484,0.14544013142585754,-0.6970923542976379,0.5584271550178528,-0.12706166645357356,-0.3374697165438051,-0.028176004753710644
1697,1623510941.7755246,0.0,-0.018625477328896523,0.011098840273916721,0.00884593278169632,0.013010332052884474,-0.05834942483036676,0.690362649224322,0.8357315063476562,-0.5681953430175781,-0.10523257404565811,-0.15305641824299468,-0.3956749389033398,0.001491149364461647
1698,1623510941.785102,0.0,-0.015121214091777802,0.007403225637972355,0.008661828935146332,0.012231766437389963,-0.0591452458240887,0.6905813907719858,-0.033524297177791595,0.10824758559465408,-0.05516514554619789,-0.1188388568414441,-0.24736233693225304,0.003925999224445715
1699,1623510941.7950413,0.0,-0.012885910458862782,0.006301248911768198,0.008277546614408493,0.012552388996591266,-0.06274706841692304,0.6904041455508807,0.28498977422714233,-0.4957573711872101,0.21328149735927582,-0.033357192725339394,-0.2197836037984502,-0.0014526313472160756
1700,1623510941.805127,0.0,-0.011929432861506939,0.00422904035076499,0.010464303195476532,0.012479716733455895,-0.06640802369768313,0.6907986489550115,-0.3339288830757141,-0.03662838414311409,0.15788774192333221,0.0140965079922958,-0.405747968009732,0.0035753694318389584
1701,1623510941.8589585,0.0,0.014079157263040543,-0.005597641691565514,0.027926821261644363,0.010407672465749696,-0.07304295657129178,0.6921256541374441,0.46395421028137207,-1.1189370155334473,0.43805229663848877,-0.07799157106864145,-0.6359619308905351,0.05344795639949624
1702,1623510941.8690672,0.0,0.018132703378796577,-0.006961402017623186,0.03113483637571335,0.010206853624266814,-0.07700535887650525,0.6937142527897399,0.2583581805229187,-0.2827044725418091,0.21754255890846252,-0.0905766120053894,-0.6061943223805303,0.12306180882942434
1703,1623510941.8788486,0.0,0.020668337121605873,-0.007280224934220314,0.03245845437049866,0.01022799707402322,-0.07916837645709124,0.6934441959186469,0.13585275411605835,0.24353615939617157,0.04177391901612282,-0.017889840036396286,-0.31691444031079724,0.07691590833623323
1704,1623510941.8888013,0.0,0.02063438482582569,-0.0039652446284890175,0.033549729734659195,0.011155050739770932,-0.08083642111803327,0.6930540766796874,0.02932630479335785,0.26164567470550537,0.11847296357154846,0.0434638018520798,-0.19473939238196533,-0.028918079683489816
1705,1623510941.8991077,0.0,0.020110372453927994,-0.00018787090084515512,0.034614305943250656,0.012332704964751688,-0.08427203777627712,0.6933027017936706,-0.11981072276830673,0.3447362780570984,0.10355926305055618,0.10351835469806317,-0.24804547677946592,-0.01407079348070884
1706,1623510941.9090765,0.0,0.020276876166462898,-7.343693869188428e-05,0.0350390300154686,0.012373884425644924,-0.08860950644659309,0.6939551985197709,-0.13365915417671204,-0.16232959926128387,0.03325180336833,0.06955027328897806,-0.3824407983364807,0.03830145028900808
1707,1623510941.919429,0.0,0.018976761028170586,-0.003906239289790392,0.03508146479725838,0.011297967332742326,-0.09189779240678683,0.6943130650340095,-0.003696893807500601,-0.668330192565918,-0.03066406399011612,-0.03226896327727491,-0.3926537996140958,0.05185541273063474
1708,1623510941.929057,0.0,0.018341064453125,-0.010319298133254051,0.03417620062828064,0.009449134362345839,-0.09526766190883436,0.6940754936788676,-0.32434147596359253,-0.6363722681999207,-0.1105588972568512,-0.14316815197961757,-0.35783661197760513,0.00967040876351309
1709,1623510941.9392135,0.0,0.017032502219080925,-0.013581846840679646,0.03236217424273491,0.008446390821806031,-0.09844035207886785,0.6934871209009299,-0.06441696733236313,0.03048327937722206,-0.19151899218559265,-0.15691364003483788,-0.34149260239913126,-0.038537849661132634
1710,1623510941.948878,0.0,0.01630268059670925,-0.009964841417968273,0.030050236731767654,0.009297706696348933,-0.10145579513431092,0.6931352663862015,-0.15709497034549713,0.5982692241668701,-0.2820664942264557,-0.025593100246882647,-0.30156312075741215,-0.047821629592957125
1711,1623510942.0060778,0.0,0.012507024221122265,-0.012370267882943153,0.021164685487747192,0.007957145012833698,-0.11973305257510639,0.6904145856797749,-0.04843800142407417,-0.002539919689297676,-0.19258426129817963,-0.03363584418301294,-0.280221068821231,-0.03463154202594909
1712,1623510942.0157526,0.0,0.010884569026529789,-0.011040729470551014,0.02076135203242302,0.008276789722228242,-0.12259104257157553,0.6897576496452588,-0.17946553230285645,0.20838244259357452,0.06734026968479156,-0.058594464328484364,-0.2873250748392816,-0.04864939431389211
1713,1623510942.026061,0.0,0.010369391180574894,-0.010238470509648323,0.022007450461387634,0.00828074074620877,-0.1276927163221011,0.6912954011887378,-0.021806389093399048,0.07202859222888947,0.15149615705013275,-0.008578230765751364,-0.3917368600945134,0.020653925813712403
1714,1623510942.0355647,0.0,0.010853128507733345,-0.007880271412432194,0.023024853318929672,0.009174119879159573,-0.12902102337854648,0.6922886607435066,0.2306612879037857,0.27123305201530457,0.018338100984692574,-0.00019377136803077518,-0.48899216193200573,0.11563580490770985
1715,1623510942.045543,0.0,0.01154108252376318,-0.0021065513137727976,0.022796012461185455,0.010619749564766773,-0.13187269649031352,0.6923322251297399,0.1614190936088562,0.5631154775619507,0.03644759580492973,0.06727609116370993,-0.3689045659645486,0.09698024013590786
1716,1623510942.0552945,0.0,0.013063255697488785,0.002901793923228979,0.02353999763727188,0.01175241900818133,-0.13465728383406714,0.6915943242031628,0.7845988273620605,0.6973388195037842,0.13232140243053436,0.133039227862982,-0.27998912603596754,-0.019954509731908064
1717,1623510942.0656705,0.0,0.013578702695667744,0.005507166497409344,0.023713205009698868,0.012088626750427822,-0.13895041779232098,0.6907520334529078,-0.33286359906196594,0.15618447959423065,-0.04877356067299843,0.0858412181521785,-0.3601990591142391,-0.08489513895703114
1718,1623510942.075213,0.0,0.01735316775739193,0.0078559136018157,0.02243417128920555,0.011916082823374627,-0.14402919722180382,0.690326133973783,1.0306748151779175,-0.14954641461372375,-0.20110636949539185,0.015192217498631488,-0.5039104370905917,-0.0719312700670129
1719,1623510942.0856543,0.0,0.02361537516117096,0.010531336069107056,0.018770035356283188,0.011696469193430342,-0.14433023115305774,0.6888029919524786,-0.4500426948070526,0.5396797060966492,-0.24158641695976257,-0.024076017731759134,-0.3099112697601326,-0.09600197207097866
1720,1623510942.0954766,0.0,0.02982758916914463,0.012620399706065655,0.014686141163110733,0.011817850535358262,-0.1464090079309237,0.6875342136057997,0.7707503437995911,0.26377618312835693,-0.5238814949989319,-0.0003584316655761376,-0.1313953094392392,-0.1455904520045288
1721,1623510942.1494665,0.0,0.06166190281510353,0.046699363738298416,-0.009644880890846252,0.016965085452984224,-0.16548513452994212,0.6873133235897827,0.30203402042388916,0.8656505942344666,-0.3129591643810272,0.43597472808904064,-0.7469286688642389,-0.25707052274498443
1722,1623510942.1592467,0.0,0.0618700347840786,0.04409197345376015,-0.009281517937779427,0.015735925014014607,-0.164370821830391,0.6876031530026656,-0.1496381163597107,-0.74289870262146,0.08331923931837082,0.3514557225088727,-0.5881649260636271,-0.16601876520137018
1723,1623510942.1691148,0.0,0.056188564747571945,0.038431163877248764,-0.011247990652918816,0.014772360935089136,-0.1598685426222509,0.6883494201461697,-1.2639048099517822,-0.34981614351272583,-0.3459823429584503,-0.09476890176750946,0.21721176791264507,0.02749398861698591
1724,1623510942.1790304,0.0,0.049631036818027496,0.031773537397384644,-0.014850680716335773,0.013051266775242452,-0.16020981231272685,0.6891490553815579,-0.8282116055488586,-0.28803080320358276,-0.2447822093963623,-0.14445967656278555,0.27456024437302007,0.07269630221094735
1725,1623510942.1891935,0.0,0.04729286953806877,0.03561678156256676,-0.01959056220948696,0.014199769286530675,-0.16681428344020313,0.6908330712041943,-0.810102105140686,0.06776753813028336,-0.5888626575469971,-0.038065943386330126,-0.31943671538242885,0.13354666491244196
1726,1623510942.1994,0.0,0.045999836176633835,0.040727876126766205,-0.02330585941672325,0.01573015485848154,-0.16850471388264826,0.692710372703849,-0.0612211748957634,0.586551308631897,-0.25117382407188416,0.13021902532494625,-0.4654508190406559,0.18035007529562327
1727,1623510942.209016,0.0,0.04588526487350464,0.044001106172800064,-0.023795856162905693,0.01671189398449198,-0.17020718471368673,0.6933652975991582,-0.19650974869728088,-0.1282411366701126,0.10355926305055618,0.13500863247581468,-0.1913509150870148,0.14171020999594394
1728,1623510942.2190945,0.0,0.044312719255685806,0.046461209654808044,-0.020294949412345886,0.01767544523776466,-0.17046328351799553,0.6935100121652877,-0.0889180526137352,0.03048327937722206,0.4593575596809387,0.10631093468435329,-0.10581282900963108,0.05231745853007058
1729,1623510942.2295015,0.0,0.04266416281461716,0.04604019224643707,-0.012928105890750885,0.018250771066776215,-0.17144978178875597,0.6941345705574982,0.01867366023361683,-0.005735713057219982,0.6969115734100342,0.0761033994292497,-0.058490204349415716,0.03337038068469792
1730,1623510942.239139,0.0,0.04403954744338989,0.04502188041806221,-0.012795652262866497,0.018227391857027868,-0.17394412369684378,0.6948159680376986,0.16035383939743042,-0.1335674524307251,-0.14997367560863495,0.0298598068825328,-0.1626640879808109,0.061841343460458276
1731,1623510942.2937472,0.0,0.048373740166425705,0.05001751333475113,-0.0044092219322919846,0.020934498160716762,-0.18067150774548857,0.6964087215716857,0.0176083967089653,-0.11119689047336578,0.17386671900749207,0.12755111216942117,-0.25623817627874057,0.02788727999225532
1732,1623510942.3029802,0.0,0.04921907186508179,0.04918144643306732,-0.0027983766049146652,0.02089233524966401,-0.18196323848153914,0.6965563703787463,0.0410442128777504,-0.18150435388088226,0.14084351062774658,0.13006490446318503,-0.20884428522706686,0.0011775524583187392
1733,1623510942.3130698,0.0,0.04954566806554794,0.04876682162284851,-0.0014922786504030228,0.020925518166674616,-0.18313053749668937,0.6966174330996923,-0.02500218152999878,-0.08456528186798096,0.1259298175573349,0.0006090715278569681,-0.13366319032437599,0.011032101967829786
1734,1623510942.3237052,0.0,0.05079035088419914,0.047724854201078415,-0.0005212612450122833,0.02079995709375298,-0.18467588200750562,0.6965322052557631,0.026130512356758118,-0.21346229314804077,0.08758029341697693,-0.0038688527457240076,-0.13600619841491052,-0.002245340056713169
1735,1623510942.333191,0.0,0.05149419978260994,0.045927952975034714,1.5964731574058533e-05,0.020435559807961766,-0.18551508968738703,0.6964756190871633,0.008021015673875809,-0.24328969419002533,0.039643388241529465,-0.022191994047949446,-0.12478603580201114,-0.007006448357721633
1736,1623510942.3434775,0.0,0.05255865678191185,0.04442104697227478,0.00013642571866512299,0.02013097450607252,-0.18643708166372577,0.6962624606500651,0.005890486296266317,-0.19215700030326843,0.00022860581520944834,-0.0350054433447091,-0.09505251880107493,-0.012907592239404152
1737,1623510942.353176,0.0,0.05335649475455284,0.04343375563621521,2.5775283575057983e-05,0.01994697071980793,-0.18713006148149605,0.6961115022675168,0.0016294285887852311,-0.1058705672621727,-0.01575036160647869,-0.02854379518108284,-0.08236580661284879,-0.01842279044497442
1738,1623510942.3633764,0.0,0.054152000695466995,0.04266113042831421,-0.0003613922744989395,0.019769696929413168,-0.18781445233815008,0.6959253115935022,0.0037599573843181133,-0.13463272154331207,-0.039186179637908936,-0.020137081129255933,-0.07156504704943754,-0.01738894047961045
1739,1623510942.373584,0.0,0.054697733372449875,0.041293274611234665,-0.0009390264749526978,0.01950946920598104,-0.18921492338413012,0.6999296371709172,-0.005827422719448805,-0.19109173119068146,-0.05196935310959816,-0.022728302913516192,-0.06278939473621056,-0.017051599643872064
1740,1623510942.382983,0.0,0.0550680011510849,0.03892098367214203,-0.0017820540815591812,0.01926959584013689,-0.18984370424596786,0.7008425105221396,-0.08572226017713547,-0.4499509930610657,-0.12121153622865677,-0.026788787226587396,-0.055448596293841905,-0.015966344485045636
1741,1623510942.4401202,0.0,0.04736606776714325,0.0011394540779292583,-0.0011391416192054749,0.013712521494579313,-0.19362847086379226,0.7026224690930551,-0.059090644121170044,-0.7120060324668884,0.2974373698234558,-0.19172285707566308,0.03831061796234847,-0.012896529258102132
1742,1623510942.4496238,0.0,0.05305156856775284,-0.005765099544078112,0.0011367015540599823,0.01303608612444944,-0.19447134831686436,0.7020918981690555,-0.7589693665504456,0.2605803906917572,0.4913155138492584,-0.5627773316593627,0.10879218902037256,-0.025452127883964067
1743,1623510942.459445,0.0,0.05723298341035843,-0.01340737845748663,0.0054976120591163635,0.011764166393156902,-0.1941948792017517,0.702207566168787,2.187551975250244,-1.3255983591079712,0.3389827013015747,-0.09051067697790326,0.01572667825121477,-0.028817210470580387
1744,1623510942.469533,0.0,0.059301164001226425,-0.017154434695839882,0.01159653440117836,0.01166068052522834,-0.19232686252718134,0.7025433414838596,1.2426624298095703,-0.804684042930603,0.6191472411155701,-0.06319925321370944,0.10740021546177723,0.01838654150180541
1745,1623510942.4795918,0.0,0.06399049609899521,-0.021847020834684372,0.014537565410137177,0.010976395408816828,-0.19096151341049797,0.7028480488001798,0.23705287277698517,-0.5820437669754028,0.2846542000770569,-0.05445469434204019,0.1272900099805983,0.030807037389211325
1746,1623510942.4897964,0.0,0.07017672061920166,-0.02786288969218731,0.0201062373816967,0.010099481477287342,-0.19036741214385136,0.7036415213687985,-0.32327622175216675,-0.519193172454834,0.7320652604103088,-0.08863109027385441,0.08383749506052854,0.048870447521856396
1747,1623510942.4993646,0.0,0.0775945782661438,-0.04260581359267235,0.0255674347281456,0.006890253405924834,-0.1905769145280537,0.7043173625913728,0.3510361611843109,-1.669678807258606,0.6351262331008911,-0.18469435434379117,0.03277785041884171,0.06910808965644039
1748,1623510942.5098338,0.0,0.08328767120838165,-0.050944022834300995,0.025048185139894485,0.005374358357308262,-0.18989576917303355,0.7047672473054192,0.9784769415855408,-2.100045680999756,-0.021076682955026627,-0.22662151793251586,0.07354093430502659,0.061902520185457666
1749,1623510942.5197253,0.0,0.08364581316709518,-0.04637586697936058,0.025996964424848557,0.009306382286094934,-0.1886089118075873,0.7066402003957566,1.6112439632415771,-0.045150499790906906,0.908899188041687,0.0067159717670291375,0.13322038700147687,0.0873621365814464
1750,1623510942.5294917,0.0,0.07581859827041626,-0.05281609296798706,0.029950231313705444,0.006804211095425228,-0.18362511204740012,0.7070366405553651,-1.8466044664382935,-0.3977530300617218,0.3901153802871704,0.02910704678398394,0.26256126311774175,0.11138922433484448
1751,1623510942.5892508,0.0,0.06533082574605942,-0.054192859679460526,0.02928328886628151,0.0027073810229292367,-0.18039919314970568,0.7104445656160998,-0.134724423289299,0.1497928947210312,0.010881250724196434,-0.16985126765639666,0.38647919627137006,0.05684091569538355
1752,1623510942.5989678,0.0,0.06458261609077454,-0.0554850772023201,0.028851982206106186,0.0017374049239335942,-0.1793171216858211,0.7106954392346277,0.11774325370788574,-0.14954641461372375,-0.09244939684867859,-0.11584946271933734,0.23697003655660462,0.031077478234746377
1753,1623510942.6090972,0.0,0.06287740170955658,-0.057559188455343246,0.027374237775802612,0.0005979456411430301,-0.17895602563094795,0.7111738298879622,-0.22420662641525269,-0.18256962299346924,-0.25543487071990967,-0.10459303698858312,0.08084247667796711,0.035460548433129686
1754,1623510942.6194804,0.0,0.060675717890262604,-0.05829847976565361,0.024047967046499252,-0.00013135991726937607,-0.1772870111954563,0.7109877299437184,-0.22207610309123993,0.17003291845321655,-0.3960497975349426,-0.10187991461420165,0.10113593713952165,0.014755405849195385
1755,1623510942.6289225,0.0,0.056189946830272675,-0.05617586150765419,0.020142875611782074,2.2479140474776504e-05,-0.17547197241530413,0.7108787225001204,-0.3765394389629364,0.15724974870681763,-0.340656042098999,-0.032723336170052304,0.183138888940571,-0.01666208171832441
1756,1623510942.6393116,0.0,0.05314929410815239,-0.05517813190817833,0.01735999807715416,-0.00036135821091028836,-0.17453631192353725,0.7108625703696725,-0.29131829738616943,0.05285383015871048,-0.249043270945549,-0.0026420879004928465,0.15753597007120507,-0.010653311809923587
1757,1623510942.6493459,0.0,0.04968348145484924,-0.05583232268691063,0.01550523191690445,-0.0011330307325986139,-0.17409367735120632,0.7109424712767991,-0.4084973931312561,-0.15593799948692322,-0.16808317601680756,-0.047082163451304795,0.07951871687228347,0.0021688672407795934
1758,1623510942.6591024,0.0,0.04728265479207039,-0.05776059627532959,0.01406693086028099,-0.0021339615919234445,-0.1730436957800188,0.7106804075482895,-0.3115583062171936,-0.11439268290996552,-0.12653785943984985,-0.08876602437516874,0.07399338879462158,-0.0055169910464258854
1759,1623510942.6691334,0.0,0.04403406009078026,-0.058034952729940414,0.013188932090997696,-0.002676134186763164,-0.17173532330394506,0.7103533538899856,-0.246577188372612,0.04965803772211075,-0.05623041093349457,-0.08238432122596866,0.12223492971955097,-0.02841476887356588
1760,1623510942.67907,0.0,0.04231457784771919,-0.05776270106434822,0.012818362563848495,-0.003001774342212958,-0.17111198227385035,0.7102076334290173,-0.22953295707702637,0.15938027203083038,-0.0200114194303751,-0.04673841915695865,0.10250750417213565,-0.026012598835186317
1761,1623510942.7369177,0.0,0.03385461866855621,-0.04587652534246445,0.017491213977336884,-0.004728016002357102,-0.16760494707560425,0.7146227553228288,-0.08678752183914185,0.2467319518327713,0.1355171948671341,0.01238717431504041,0.0900719825866614,-0.022504214136009913
1762,1623510942.747066,0.0,0.033087700605392456,-0.042899180203676224,0.018579397350549698,-0.005163014936883439,-0.16787363578281297,0.7174487513336814,0.1283959001302719,0.5226354598999023,0.08225397020578384,0.013962857760900676,0.10326237207546363,0.06982155972356764
1763,1623510942.7571452,0.0,0.028009118512272835,-0.03710949048399925,0.0193781778216362,-0.004495248194546608,-0.16826042141084604,0.7181145305932624,-0.943260133266449,0.5524628758430481,0.17599724233150482,0.020556108847162954,-0.026433432814093938,0.17453752172555453
1764,1623510942.7669,0.0,0.025380238890647888,-0.031267277896404266,0.020462222397327423,-0.0034874876947205563,-0.16709818180539893,0.7175036995914665,-0.24764245748519897,0.9125222563743591,0.0023591346107423306,0.07721179902896332,0.01963221281664137,0.019201869452292665
1765,1623510942.7767963,0.0,0.023886017501354218,-0.028421862050890923,0.02190585434436798,-0.0035095621688230882,-0.16804390450179418,0.7176430004827481,0.14970119297504425,0.09866020828485489,0.23884785175323486,0.05430847768402433,0.035966522245963146,-0.02782296736431339
1766,1623510942.7869945,0.0,0.022393198683857918,-0.02753436751663685,0.021309740841388702,-0.004100151664868282,-0.16760952279473607,0.7172199568984113,-0.17840026319026947,0.06670226901769638,-0.3843318819999695,-0.022148351160283537,-0.023339608902721805,-0.013658481223060178
1767,1623510942.7967756,0.0,0.025103723630309105,-0.027457211166620255,0.01595909148454666,-0.004993598055733642,-0.16629732111739512,0.7161792191314149,0.13052643835544586,-0.26139917969703674,-0.4940541088581085,-0.08118958478333188,0.07267043384973117,-0.06527543196684656
1768,1623510942.8066154,0.0,0.026118634268641472,-0.026075415313243866,0.01171664148569107,-0.004890292345485173,-0.16340102094628667,0.714467043535441,-0.054829586297273636,0.31810468435287476,-0.5345341563224792,-0.04939614333554383,0.20639799424065716,-0.13203622400991916
1769,1623510942.816708,0.0,0.02764248475432396,-0.02025545947253704,0.005823921412229538,-0.003331233138847367,-0.16292456323660418,0.7147048004749086,0.41814783215522766,0.29466885328292847,-0.4312035143375397,0.08327023104090452,0.2027451909810665,-0.08545560839442314
1770,1623510942.8264863,0.0,0.02758892998099327,-0.013788748532533646,0.0018143728375434875,-0.00236312257116654,-0.16546657762964234,0.7161252664489801,0.03678315505385399,0.5950734615325928,-0.49724990129470825,0.13108759087717176,-0.07363670157339987,0.07502219556765072
1771,1623510942.8831513,0.0,0.02445939928293228,-0.01610741764307022,-0.019137093797326088,-0.005212831222444064,-0.1559009866279669,0.7163920378520809,-0.2050318717956543,-0.9996274709701538,-0.4663572311401367,-0.0006702616260371353,0.01322446129730513,0.08867931887934652
1772,1623510942.8930302,0.0,0.019980182871222496,-0.012062303721904755,-0.025784237310290337,-0.003899578975669886,-0.15363609540015843,0.7159381153502644,-1.0902667045593262,0.8976085186004639,-0.8157639503479004,-0.02467794989775949,0.26786757235528674,-0.01256195588000694
1773,1623510942.9032955,0.0,0.01964467763900757,-0.005785101093351841,-0.03307570889592171,-0.0022979860388144396,-0.15280365721075412,0.7162266614571436,0.1560927778482437,0.38841211795806885,-0.6442564129829407,0.1289431332789179,0.18994499128647957,-0.015911492370299547
1774,1623510942.9129298,0.0,0.01863878034055233,-1.014683221001178e-06,-0.03687582165002823,-0.0007398009650568874,-0.15213997131277218,0.7172304228540739,-0.4862616956233978,1.1127920150756836,-0.20110636949539185,0.16518653873367625,0.0868059895571772,0.056053898450346036
1775,1623510942.9229207,0.0,0.014474345371127129,0.003870252054184675,-0.0362478531897068,0.00011201139567458551,-0.15010932049280212,0.7181640812318493,-0.13792021572589874,-0.13250218331813812,0.24523943662643433,0.14285860217520943,0.12358141342724034,0.09806272325479708
1776,1623510942.9332008,0.0,0.012599730864167213,-0.0029294453561306,-0.03012707643210888,-0.001979384669872436,-0.14819569508690444,0.718212495591483,0.02506524696946144,-1.1636781692504883,0.9866634607315063,-0.017921505245228536,0.19902492505824726,0.06049425435983249
1777,1623510942.9429588,0.0,0.007792373653501272,-0.010553069412708282,-0.024848436936736107,-0.00436946522727448,-0.14572628590923442,0.7181404155346512,-0.7206198573112488,-0.44142886996269226,-0.21602007746696472,-0.22451883530804947,0.21504367177117545,0.003394825868170998
1778,1623510942.952923,0.0,0.004452981986105442,-0.013542186468839645,-0.03062937781214714,-0.005289358073074672,-0.14415100595360975,0.7182683995925327,-0.12513704597949982,-0.05793367326259613,-0.6964543461799622,-0.19156085382399937,0.2045074510712268,-0.0032773373519531333
1779,1623510942.9629996,0.0,0.0020461345557123423,-0.010546154342591763,-0.037402596324682236,-0.0043333622282127615,-0.14171765989435067,0.7182188068377313,-0.10063596069812775,0.8091915845870972,-0.4865972697734833,-0.022380983570898696,0.2008290313224142,0.005478609841455043
1780,1623510942.972796,0.0,-0.0020704723428934813,-0.0027836624067276716,-0.039926160126924515,-0.002133779444349844,-0.14039097191652028,0.7179587003716985,-0.38399630784988403,0.929566502571106,0.07692764699459076,0.1466610058056417,0.18315162114949712,-0.007548908702541376
1781,1623510943.031078,0.0,-0.014842184260487556,-0.013730375096201897,-0.023044908419251442,-0.0054507153645226986,-0.13263793837256116,0.7158249753009795,0.06767582148313522,0.06457174569368362,-0.06262199580669403,-0.06105939128533174,0.2615421837640674,-0.05787525724916032
1782,1623510943.0412757,0.0,-0.016614118590950966,-0.012040176428854465,-0.021987896412611008,-0.005156938024634947,-0.13186910768821425,0.7156904904041763,-0.12939809262752533,0.3340836465358734,0.15575721859931946,-0.16700153926384478,0.23235360197236646,-0.05529794390771219
1783,1623510943.0509949,0.0,-0.016731375828385353,-0.009760992601513863,-0.02032541111111641,-0.004831001347637386,-0.13128500167365284,0.7156178284205555,0.10389481484889984,0.1359444558620453,0.14723511040210724,0.03101522626204262,0.06823264610184188,-0.010179676170129826
1784,1623510943.0616717,0.0,-0.018592823296785355,-0.0056296284310519695,-0.01932605728507042,-0.003859594831827365,-0.13040498089123748,0.7151446602237519,-0.16455182433128357,0.5247659683227539,0.08651503175497055,0.06185379313367402,0.0781458078608551,-0.026550805358570302
1785,1623510943.0708697,0.0,-0.019757341593503952,-0.0021459106355905533,-0.017646897584199905,-0.003062494560235045,-0.12939226497423514,0.7144818519693359,0.07300214469432831,0.15724974870681763,0.22499941289424896,0.09171391232205196,0.10508327887800596,-0.061311523492046986
1786,1623510943.0809877,0.0,-0.020763620734214783,-0.002858093474060297,-0.014751305803656578,-0.002760090789219183,-0.13646263411619053,0.7178791911800626,-0.06441696733236313,-0.15380747616291046,0.3773322105407715,0.06718669062425983,0.08489517379528684,-0.05614295102861147
1787,1623510943.0911834,0.0,-0.0216586384922266,-0.005525821819901466,-0.01139199547469616,-0.003990208986389049,-0.13409533556353165,0.718491206262235,-0.14644232392311096,-0.08456528186798096,0.1301908791065216,0.06851878311781921,0.07522849192937366,-0.050608464400072335
1788,1623510943.1008205,0.0,-0.019926944747567177,-0.007887900806963444,-0.01166470441967249,-0.005218859042966956,-0.131474650533415,0.7198983528904382,0.38618990778923035,0.050723303109407425,-0.2575654089450836,0.014632778059716758,0.12332030660312798,-0.004507252627729078
1789,1623510943.1109824,0.0,-0.019053490832448006,-0.009238558821380138,-0.014150498434901237,-0.0059642224827234636,-0.1323856958512448,0.720725798096524,0.3797983229160309,-0.1942875236272812,-0.14890842139720917,-0.0938527467459131,0.08971303027146603,0.10673328191308887
1790,1623510943.1215107,0.0,-0.019103674218058586,-0.008626840077340603,-0.016298756003379822,-0.005741328363534706,-0.13451137949171127,0.7214148071997514,-0.20716239511966705,-0.332771897315979,-0.12760312855243683,-0.03169581182319874,-0.1535902638115414,0.08167615183282104
1791,1623510943.180045,0.0,0.008414659649133682,0.003424806287512183,0.0015905015170574188,-0.0043825179849167895,-0.12639142963706412,0.7176771649321532,0.5321311354637146,0.21264348924160004,0.541382908821106,0.15911927337786072,-0.3412835248406655,0.06711533497604415
1792,1623510943.1900208,0.0,0.014339614659547806,0.005817989818751812,0.006183192133903503,-0.003980402845775222,-0.12601652860419327,0.718249984346331,0.4543668329715729,0.1955992579460144,0.47107547521591187,0.13202443812760561,-0.16193380808499971,0.05319245315678902
1793,1623510943.1998322,0.0,0.02057255618274212,0.0051810177974402905,0.010511603206396103,-0.004117148469266252,-0.12462801730409455,0.7177266204243742,0.3318614065647125,-0.24861600995063782,0.445509135723114,0.021906867545398005,0.08100668658827254,0.009303194841799782
1794,1623510943.2100675,0.0,0.0237539354711771,0.0016614608466625214,0.01497558131814003,-0.005088066159563018,-0.12178674898207226,0.7176617848521284,0.522543728351593,-0.5895006656646729,0.44763967394828796,-0.045167839066493236,0.20618596245820198,-0.029457960218091665
1795,1623510943.2198694,0.0,0.025894757360219955,-0.002932907547801733,0.019234538078308105,-0.006578430391693563,-0.1235446100343004,0.7194131050902682,0.06980635225772858,-0.258203387260437,0.3911806344985962,-0.12989745935257638,0.0911935450441988,0.07867009052596591
1796,1623510943.2298763,0.0,0.024850614368915558,-0.003920241259038448,0.021737612783908844,-0.00674041941715485,-0.12791447958622007,0.7256791376712647,-0.5384596586227417,0.04646224528551102,0.27293628454208374,-0.09640772672642403,-0.3339602290491125,0.44797211325674013
1797,1623510943.2401013,0.0,0.02278229594230652,0.0059419479221105576,0.023461371660232544,-0.00409203327146445,-0.1248805360128945,0.7258566537560946,-0.38719210028648376,1.5857694149017334,-0.09351466596126556,0.0913006753893554,-0.14916853101133326,0.41180647469835363
1798,1623510943.2499428,0.0,0.01617882214486599,0.018210601061582565,0.023532111197710037,-0.0005936816913475751,-0.12024972611930723,0.7237387521938103,-0.860169529914856,0.810256838798523,0.13871298730373383,0.2908525880042549,0.3591394635024272,-0.0609194675330385
1799,1623510943.259936,0.0,0.013814527541399002,0.02268647961318493,0.027694139629602432,0.0006125569027166725,-0.11961831927377353,0.7229784953646894,-0.5065017342567444,0.0794854462146759,0.7278042435646057,0.2699058003708004,0.2894892071048551,-0.14992100548346163
1800,1623510943.2700183,0.0,0.014565111137926579,0.012590434402227402,0.04226033762097359,-0.0022113406282928336,-0.12079552700733966,0.7241229873320284,0.05382738634943962,-1.433190107345581,1.5214263200759888,-0.03039502975464551,0.01715659906445279,-0.007397719111811926
1801,1623510943.3268378,0.0,-0.019675131887197495,0.02584054507315159,0.03239894285798073,0.0016657581225247298,-0.11180430285857113,0.7242163972812887,-0.36908259987831116,0.2424709051847458,0.24843522906303406,0.033544617656337816,0.369688207812523,0.01112850003532202
1802,1623510943.3368914,0.0,-0.02285274863243103,0.025025034323334694,0.035300981253385544,0.0013865188089061953,-0.11112366892961051,0.724214972254014,-0.47241324186325073,-0.12611059844493866,0.344309002161026,0.16025943092242056,0.4601652943585466,-0.034312798836660545
1803,1623510943.346936,0.0,-0.026989031583070755,0.02092977613210678,0.034374091774225235,0.00047732372530232686,-0.11061641210599729,0.724559378413888,-0.05056852847337723,-0.5926964282989502,-0.5281425714492798,-0.048797230746061994,0.07782190227003356,0.009920436363454471
1804,1623510943.357228,0.0,-0.030308039858937263,0.01444938126951456,0.029015611857175827,-0.0009256543000545278,-0.1094634902667185,0.7246565102597415,-0.1443118005990982,-0.6331765055656433,-0.340656042098999,-0.11182115397633667,0.08326774482201084,0.01626012525130453
1805,1623510943.366649,0.0,-0.03176187723875046,0.010879380628466606,0.027385976165533066,-0.0017222103852587226,-0.10856595328544537,0.724527757458258,-0.1485728621482849,-0.535172164440155,-0.23412957787513733,-0.1232231374018551,0.10383743843232048,0.00036049240866265327
1806,1623510943.37697,0.0,-0.033435720950365067,0.008587558753788471,0.02511054277420044,-0.0020840223790039927,-0.10783964034068956,0.7245305149020943,-0.08252646774053574,-0.003605184145271778,-0.2735443711280823,-0.06911221394699639,0.08506895691254977,-0.005808571942354696
1807,1623510943.3869684,0.0,-0.033983249217271805,0.013555971905589104,0.022062383592128754,-0.00046624437514299066,-0.10695913371027987,0.7244150154011115,0.006955750752240419,0.4928080439567566,-0.10416730493307114,0.050694812615404566,0.07499504847641501,-0.004613955521681783
1808,1623510943.3970392,0.0,-0.034157272428274155,0.01685936190187931,0.022006455808877945,0.000542070654543661,-0.10631510625769164,0.7243417213056512,0.16354963183403015,0.13381393253803253,0.13871298730373383,0.13107079677471717,0.07784923037351771,-0.009191634738650364
1809,1623510943.4069598,0.0,-0.03347749635577202,0.015575173310935497,0.02433117851614952,0.00023498630261432202,-0.10551368924419811,0.7243701103671435,0.1614190936088562,-0.2773781418800354,0.1355171948671341,0.05110634241990441,0.07077377659926362,-0.0039231664018943005
1810,1623510943.416945,0.0,-0.03284352645277977,0.011644503101706505,0.023692067712545395,-0.0006683022052564672,-0.10538594410980981,0.7243988122448304,0.1241348385810852,-0.47338682413101196,-0.17447476089000702,-0.05045295420128272,0.05068055344409119,0.002574187636750534
1811,1623510943.4752665,0.0,-0.033282555639743805,0.0205362681299448,0.027376733720302582,0.00043254162132649876,-0.10675635721152536,0.7389420128820194,0.0548926517367363,-0.03449785336852074,0.13764771819114685,-0.003351107132913374,0.03599874335609356,0.018256590265624074
1812,1623510943.4849834,0.0,-0.029905617237091064,0.01903543248772621,0.025613103061914444,0.00047893198669383963,-0.107638682787482,0.7391575785630138,0.17313700914382935,-0.34555506706237793,-0.1840621381998062,0.07305010485708215,-0.01513371197941773,0.03575717231949011
1813,1623510943.4957166,0.0,-0.02775784581899643,0.01609894447028637,0.024524755775928497,-0.00035134042939435894,-0.10748565443865542,0.7385113299393999,0.4309310019016266,-0.332771897315979,-0.14038629829883575,-0.03140533687357264,-0.03702485157751208,-0.0157752863369672
1814,1623510943.5051563,0.0,-0.024243511259555817,0.013477573171257973,0.023656539618968964,-0.0011960096795345654,-0.10660599795973333,0.7380897590797526,0.7078997492790222,-0.48403945565223694,-0.06794831901788712,-0.07988855834401193,0.05407227409051335,-0.052606565031666164
1815,1623510943.5150993,0.0,-0.01912439800798893,0.011528676375746727,0.020917680114507675,-0.001262943758329721,-0.10585536230858925,0.7381501777829398,-0.007957951165735722,-0.027041003108024597,-0.23199903964996338,-0.056402061150292046,0.07054811429809588,-0.023546283644743406
1816,1623510943.5255618,0.0,-0.016124922782182693,0.013262417167425156,0.018532391637563705,-0.0003931997920513658,-0.1049593104814831,0.7382067052906196,0.3521014451980591,0.27762463688850403,-0.2905886173248291,0.024590649443585286,0.08436382006404783,0.0028826017064806004
1817,1623510943.5349376,0.0,-0.012717231176793575,0.01570703089237213,0.016439169645309448,0.0006784854085653408,-0.1049419599427524,0.7391285822087049,0.1294611692428589,0.3021257221698761,-0.11375468969345093,0.10118273121888767,0.06052164258000236,0.04601250179953793
1818,1623510943.5451112,0.0,-0.011241983622312546,0.01688692532479763,0.015012390911579132,0.0007866040699147647,-0.10495503049070208,0.7398859337107891,0.28392452001571655,0.18920767307281494,-0.07220937311649323,0.0723517955108333,0.006063490544705622,0.09202610493859721
1819,1623510943.5551786,0.0,-0.008819246664643288,0.017430074512958527,0.013515874743461609,0.0006739189415658625,-0.1020734096949541,0.7400961593049106,-0.07293909043073654,0.008112724870443344,-0.11801574379205704,0.006561804027348456,0.11670723985386905,0.059764543448526435
1820,1623510943.5650682,0.0,-0.00655771791934967,0.016020191833376884,0.012459557503461838,0.00021100241042713852,-0.09970107241212234,0.7403108346649858,0.14863592386245728,-0.07284737378358841,-0.29378440976142883,-0.028974438339099948,0.27628779906091144,0.021006076495028832
1821,1623510943.6206374,0.0,-0.022000078111886978,0.00570273119956255,-0.017025453969836235,-0.0008428944463109711,-0.09592868831283237,0.7407088156967897,-0.32434147596359253,0.21583929657936096,-0.2916538715362549,-0.12830758780361765,0.3315702607427252,0.044828863759336555
1822,1623510943.6301317,0.0,-0.024731747806072235,0.003777315840125084,-0.016918562352657318,-0.0012347252581278723,-0.09613730157601744,0.74203989489387,-0.1730739325284958,-0.2944223880767822,0.08225397020578384,-0.11420372988175478,0.18143836074141412,0.10653191311560026
1823,1623510943.6403406,0.0,-0.02947608195245266,0.001100366935133934,-0.014663700014352798,-0.0019513381919194286,-0.09442737841128408,0.7420514782647322,-0.357364684343338,-0.23157177865505219,0.2835889458656311,-0.05012738264336604,0.05953818341348094,0.07915385996578626
1824,1623510943.6501722,0.0,-0.033193446695804596,-0.0010575761552900076,-0.012551622465252876,-0.0024852205786950604,-0.09269723705444281,0.7417644078451923,-0.20609714090824127,-0.0920221284031868,0.17812778055667877,-0.06755777779579861,0.15756005972770187,-0.007968829188561876
1825,1623510943.6600642,0.0,-0.035795435309410095,0.0007940457435324788,-0.012534521520137787,-0.0019155971712238526,-0.0916735901851116,0.7418385365738349,-0.22101083397865295,0.23820984363555908,-0.0690135806798935,-0.007983849879011523,0.14409514794615602,-0.014750005624429293
1826,1623510943.6700683,0.0,-0.0370648130774498,0.002231556922197342,-0.012790191918611526,-0.001446893176126833,-0.0911625858625438,0.7420227071389013,0.09537269920110703,0.07735491544008255,0.006620192434638739,0.05196330393686308,0.08638772413235495,0.009145002721054002
1827,1623510943.6801734,0.0,-0.03761723265051842,0.0020130034536123276,-0.012093238532543182,-0.0014788170081492177,-0.09071787780420813,0.7421154737240625,0.1198737770318985,-0.11545795202255249,0.04070865362882614,0.02902349740188933,0.05031453008178886,0.013553103732926418
1828,1623510943.6900907,0.0,-0.03771829977631569,9.612606663722545e-05,-0.011719516478478909,-0.0020250473743071915,-0.0903792609432808,0.7421260617818418,0.13052643835544586,-0.18256962299346924,0.05562235787510872,-0.02534752533925463,0.03895932000907992,0.005702272472018218
1829,1623510943.70018,0.0,-0.03826076164841652,-0.0009966229554265738,-0.010973652824759483,-0.002362878228380244,-0.09014456303131299,0.7421024493996717,0.08578531444072723,-0.10480530560016632,0.08331923931837082,-0.047388012605869015,0.029538949914780534,-0.001119720880764079
1830,1623510943.7101166,0.0,-0.03839543089270592,-0.0010945122921839356,-0.010224008932709694,-0.0024013967077485612,-0.09009361157528703,0.7420362350133375,0.09856849163770676,0.04539697989821434,0.08331923931837082,-0.02349027533790456,0.01501815674122401,-0.005756146731686306
1831,1623510943.7697604,0.0,-0.038678914308547974,-0.0019415009301155806,-0.006660526618361473,-0.0027061789240175257,-0.09121878997719104,0.7418283023640545,0.0005641641328111291,0.08800756186246872,0.013011779636144638,-0.024640532607345566,-0.006774630524209338,-0.002796398565014923
1832,1623510943.7791278,0.0,-0.038691069930791855,-0.0014943216228857636,-0.0066448114812374115,-0.004335704221048592,-0.09075908361393725,0.7427243742812002,0.048501063138246536,0.06457174569368362,-0.011489302851259708,-0.0144328680295656,-0.02781605239451403,0.0040301458434085485
1833,1623510943.7893136,0.0,-0.038734320551157,-0.0015559118473902345,-0.006796626374125481,-0.004321960550220244,-0.0898513578844411,0.7431180259403647,-0.01754533126950264,-0.04728102684020996,-0.049838822335004807,-0.011241716443724131,-0.031406049432245196,0.009655691329390868
1834,1623510943.7995918,0.0,-0.037956755608320236,-0.0019433022243902087,-0.007478876039385796,-0.004292672558974031,-0.08785666216648194,0.7446826735281007,0.5704806447029114,0.14127077162265778,-0.005097716581076384,-0.008562324430901842,-0.020819881578132145,0.020847760403190647
1835,1623510943.8099058,0.0,-0.03777671232819557,-0.002116305287927389,-0.008224021643400192,-0.004451477306542509,-0.08902683684024215,0.7456866875229878,0.10069902241230011,-0.14848116040229797,-0.06688304990530014,-0.0076261146693920616,0.012777981295498893,0.11038127001547941
1836,1623510943.8193603,0.0,-0.03350221738219261,-0.003115310799330473,-0.007466381415724754,-0.004697988917137366,-0.0909495855130602,0.7461664651656122,0.3521014451980591,-0.34555506706237793,0.1728014498949051,-0.0054367269784594404,-0.13747369736691034,0.07737275229751153
1837,1623510943.8295493,0.0,-0.03288543224334717,-0.003694233251735568,-0.0054726917296648026,-0.004768305099848463,-0.09050874121038864,0.7461605939224586,0.5736764669418335,-0.2922918498516083,0.3538963794708252,-0.005792402013104568,-0.07867734336427631,0.028846586993049362
1838,1623510943.839718,0.0,-0.02827409841120243,-0.0035067659337073565,-0.0015315916389226913,-0.004689857650479065,-0.09077862561404111,0.7456518758802585,0.5481101274490356,0.15085816383361816,0.41035541892051697,-0.010208335898752979,-0.0008604960997767437,-0.023501505392710495
1839,1623510943.8495636,0.0,-0.023630142211914062,-0.0028979142662137747,0.0027759578078985214,-0.004178395143547217,-0.0917216072085956,0.745578231883205,0.7057692408561707,-0.2262454628944397,0.31022053956985474,0.02331736807900306,-0.051633968806001844,-0.032020563355485115
1840,1623510943.8596582,0.0,-0.017944715917110443,-0.005205047316849232,0.006084546446800232,-0.004802385177765392,-0.09221420140011169,0.7455374687377626,0.551305890083313,-0.21133175492286682,0.3624185025691986,0.0028332440472619816,-0.08176554105068615,-0.007179513268867998
1841,1623510943.9200814,0.0,0.004037660546600819,-0.028609251603484154,0.02157691866159439,-0.00940184450595781,-0.0864138434834255,0.7464259713280746,0.3137519061565399,-0.361534059047699,0.19623726606369019,-0.3772966939767814,-0.27424775075228425,0.024999836077124617
1842,1623510943.9301267,0.0,0.00631749676540494,-0.026547836139798164,0.022613633424043655,-0.00860436579526394,-0.0876835074991437,0.7483952844443887,-0.7142282724380493,0.6099871397018433,0.025794953107833862,-0.3106465779429331,-0.28199751184369437,0.10230746500800088
1843,1623510943.9398963,0.0,0.003924376331269741,-0.01587848924100399,0.022513989359140396,-0.005924139603001172,-0.08637353599442293,0.7482018962354374,0.13265696167945862,0.11250864714384079,0.03751286119222641,0.16734273529134472,-0.00835846146530577,0.1081084956443068
1844,1623510943.9499977,0.0,-0.0017230979865416884,-0.011683525517582893,0.02397856116294861,-0.0050150490710884205,-0.08403143904252575,0.7475041004090417,-0.4404553174972534,-0.08563054352998734,0.40289855003356934,0.2139176898645051,0.18413337806642172,-0.027138969307409534
1845,1623510943.9598832,0.0,-0.00023434427566826344,-0.015321063809096813,0.02940255030989647,-0.006230991283018829,-0.0853570235463011,0.748144519568928,0.6216133236885071,-0.6438291072845459,0.456161767244339,0.010008600530419706,0.09960654821946159,-0.025022694564378473
1846,1623510943.969982,0.0,-0.001861074473708868,-0.019834760576486588,0.029547952115535736,-0.0077634698905387,-0.08572452222842272,0.7497631412953673,-0.34990784525871277,-0.7183976173400879,-0.21815060079097748,-0.12888525522641592,-0.07804515821862246,0.10292135397400616
1847,1623510943.979855,0.0,-0.004055534489452839,-0.01945485919713974,0.02569316327571869,-0.007892329361887024,-0.08447350684427682,0.7499149660236987,-0.22740241885185242,0.24566669762134552,-0.35770025849342346,-0.10024778077271461,0.019595298899740043,0.09836903443943207
1848,1623510943.9899673,0.0,-0.008059096522629261,-0.01703496463596821,0.02305687591433525,-0.00737055963728548,-0.082343378194325,0.7496375938169645,-0.40104052424430847,-0.014257828705012798,-0.212824285030365,0.009466386007598677,0.16463312514530887,-0.0012522432764663334
1849,1623510943.9998744,0.0,-0.01201909501105547,-0.01339742075651884,0.020392518490552902,-0.006531227218049281,-0.08254872517545453,0.7495938224522977,-0.16455182433128357,0.5535281300544739,-0.3129591643810272,0.06775061838986242,0.11392735315564108,-0.019831145857762217
1850,1623510944.0103877,0.0,-0.016397833824157715,-0.011601610109210014,0.01934800297021866,-0.006294468710096805,-0.08208384670793956,0.7497341854806381,-0.059090644121170044,-0.002539919689297676,-0.060491468757390976,0.06414961891044851,0.021267176916390126,0.0012806315022337899
1851,1623510944.0691478,0.0,-0.026190977543592453,-0.015576538629829884,0.013504303991794586,-0.00815543970490936,-0.08034810455467359,0.7490790014541061,-0.002631629351526499,0.050723303109407425,-0.06262199580669403,-0.03911828386067383,0.1484303269887382,-0.002323881946556549
1852,1623510944.0791695,0.0,-0.026435965672135353,-0.015687335282564163,0.013018772006034851,-0.008319236144135198,-0.0805728592134031,0.7489538674165788,0.06767582148313522,0.012373782694339752,-0.03705565258860588,-0.06916135168012795,0.1211591227288095,-0.014449751307062723
1853,1623510944.0895097,0.0,-0.027162320911884308,-0.015348332934081554,0.012741915881633759,-0.008315564595725425,-0.08090488819229336,0.7488125925236232,0.016543131321668625,0.10931285470724106,-0.014685096219182014,-0.009703840866483699,-0.023525451866460347,-0.01327566569124781
1854,1623510944.0990634,0.0,-0.02780652604997158,-0.013462541624903679,0.012791156768798828,-0.007890979531860208,-0.08128109983036072,0.7487601375088053,0.01867366023361683,0.23607932031154633,0.02366442233324051,0.018313299977717204,-0.03514610906424218,-0.010385247027119442
1855,1623510944.1091683,0.0,-0.0284851286560297,-0.011652164161205292,0.013083208352327347,-0.007447283376189058,-0.08174530063421334,0.748736389465679,-0.01221900898963213,0.15724974870681763,0.027925480157136917,0.04442527673255273,-0.04287719423132589,-0.0034998767607541453
1856,1623510944.1192195,0.0,-0.028683636337518692,-0.010765811428427696,0.013461798429489136,-0.007248169210974362,-0.08249179029872225,0.7487535058898717,0.05382738634943962,0.09759493917226791,0.04923076927661896,0.03516937935244965,-0.05985753490509987,-0.0004026625487713317
1857,1623510944.1293821,0.0,-0.02911609224975109,-0.010217231698334217,0.013961944729089737,-0.007127233429833575,-0.08320807854039378,0.748794645031237,0.03571789339184761,0.053919095546007156,0.05455709248781204,0.018014230570676634,-0.07321823076314592,0.0027072301971701267
1858,1623510944.139205,0.0,-0.029417993500828743,-0.009646548889577389,0.014439400285482407,-0.00742568288618968,-0.08553629285606223,0.754085818347991,-0.0005011003231629729,0.10079073160886765,0.06201394274830818,0.017531674625779217,-0.08385562279630099,0.007746550449533309
1859,1623510944.1491284,0.0,-0.02831350639462471,-0.009148030541837215,0.01514342799782753,-0.0075870195960384135,-0.08320324711591737,0.7554894141659518,0.5204132199287415,-0.007866241969168186,0.006620192434638739,0.015441104899005395,-0.0678306595632508,0.024219177329224722
1860,1623510944.1592574,0.0,-0.028416946530342102,-0.006364613305777311,0.016067981719970703,-0.0070038087144869005,-0.08536358534143801,0.7566183316902702,0.5843290686607361,0.09652967751026154,0.09929820150136948,0.02278672541804273,-0.033831587902113255,0.10799054694595621
1861,1623510944.2152593,0.0,-0.016430310904979706,0.011404041200876236,0.0027060285210609436,-0.003445458404742599,-0.0943650596816025,0.7570467219235073,0.4341267943382263,0.45339325070381165,-0.4865972697734833,0.3545040418210425,-0.32047893042204106,0.04392019546107313
1862,1623510944.2247922,0.0,-0.012941675260663033,0.016553033143281937,-0.001844620332121849,-0.002493788862645757,-0.09289211762684021,0.7564921394222018,0.23279182612895966,0.42143532633781433,-0.34385183453559875,0.2951258446439209,-0.14809121914081713,-0.02518755868192388
1863,1623510944.2347362,0.0,-0.008910920470952988,0.020816601812839508,-0.005786880850791931,-0.0018607221802782181,-0.09143086005514628,0.7559012613966158,0.604569137096405,0.2648414671421051,-0.3747445046901703,0.08531278220642646,0.13140817727895418,-0.05658335369160236
1864,1623510944.2447524,0.0,-0.001921675051562488,0.02158227562904358,-0.010782653465867043,-0.0019938724152904763,-0.09444091194930224,0.7566967875303281,0.327600359916687,0.6014650464057922,-0.5462520718574524,0.0196718877229256,-0.019865557833528443,-0.004554171580963995
1865,1623510944.2550757,0.0,0.0002203110052505508,0.023859325796365738,-0.01587532088160515,-0.0019096836821637653,-0.10110846001501128,0.7597231376861381,0.3180129826068878,0.7282314896583557,-0.5920584201812744,-0.000494655217582065,-0.457831880542543,0.17012555913726676
1866,1623510944.2648244,0.0,0.0033543857280164957,0.026875946670770645,-0.020622940734028816,-0.00129981916447737,-0.09651644310556673,0.7596741039348847,0.2221391797065735,0.19346873462200165,-0.40883296728134155,0.039425740006357485,-0.18180134079411914,0.16965745227070467
1867,1623510944.275185,0.0,0.007036497350782156,0.0245740357786417,-0.02213664911687374,-0.0021844313515224922,-0.09276193129657831,0.7576997122934842,0.8240135908126831,-1.0624780654907227,-0.06155673414468765,0.01067994922908701,0.43365954188861644,-0.07490390562582352
1868,1623510944.284985,0.0,0.0025619566440582275,0.0193101167678833,-0.025111885741353035,-0.003448943834596256,-0.0925928155890613,0.7592049194788553,-0.41169318556785583,-0.8835136294364929,-0.40031084418296814,-0.10015766935598518,0.2214967671143721,-0.038947120675363135
1869,1623510944.2950187,0.0,-0.0019948093686252832,0.013278285972774029,-0.031985994428396225,-0.004691191659235323,-0.09460403896171007,0.7612450826553734,-0.059090644121170044,0.389477401971817,-1.0352083444595337,-0.17434401343282033,-0.08742206473227261,0.15793843961702778
1870,1623510944.3047254,0.0,-0.008320808410644531,0.016447098925709724,-0.04014171287417412,-0.0036329910301455826,-0.09632835104692705,0.7630131765389454,-0.8367336988449097,0.7463409900665283,-0.8977893590927124,-0.04881771742891231,-0.2077049196269248,0.19117594571888186
1871,1623510944.363615,0.0,-0.005808188579976559,0.015962449833750725,-0.03149842098355293,-0.0011281175184055248,-0.09965753627450646,0.7646014494553394,0.4213436245918274,-0.324249804019928,-0.6431911587715149,0.08816562179526181,-0.16125830972728233,0.10404562985001457
1872,1623510944.3737679,0.0,-0.0060642254538834095,0.019344814121723175,-0.03598611801862717,9.483300566354158e-05,-0.10043214748752358,0.7645602730412578,0.2551623582839966,0.48535120487213135,-0.25117382407188416,0.08224918559080942,-0.08210209659404388,0.0029191698238416855
1873,1623510944.3833501,0.0,-0.008179433643817902,0.024647962301969528,-0.03214433044195175,0.001901079216978671,-0.1008767512599229,0.7645120305121043,-0.5096974968910217,0.5577892065048218,0.6915852427482605,0.14425207794128558,-0.0758389803528293,-0.007000218044697121
1874,1623510944.393143,0.0,-0.007471347227692604,0.024411523714661598,-0.02344481833279133,0.002217813685814335,-0.10231584111099132,0.7643531795401629,0.3787330389022827,-0.3519466519355774,0.9589666128158569,0.12815367589322568,-0.09278149582453449,-0.009799345643873435
1875,1623510944.4034922,0.0,-0.007469510659575462,0.021355552598834038,-0.014642671681940556,0.001690913613759143,-0.1039509913773813,0.7641310563130209,-0.25296875834465027,-0.29335713386535645,0.5243387222290039,0.004749731781454229,-0.14933611034788466,-0.018866218463376577
1876,1623510944.413331,0.0,-0.0081557622179389,0.018012912943959236,-0.015998177230358124,0.000989608171727649,-0.10548845635070363,0.7637825894893684,0.08578531444072723,-0.5713911652565002,-0.34491708874702454,-0.05850624269725176,-0.16459176449970875,-0.030352653714101372
1877,1623510944.4231162,0.0,-0.009694797918200493,0.018104400485754013,-0.01916750706732273,0.0012550848712636897,-0.10658256274296495,0.7637421669454658,-0.3158193826675415,0.10505179315805435,-0.22347693145275116,-0.03347671435803312,-0.14075278813599715,-0.022586673559863636
1878,1623510944.4333913,0.0,-0.01061264332383871,0.017560826614499092,-0.0195182953029871,0.0013958052926815803,-0.10752013165017478,0.7636175401376013,0.11135166138410568,-0.22091913223266602,0.06840553134679794,0.017506192908141593,-0.10225480066436703,-0.007080131622943164
1879,1623510944.4437149,0.0,-0.012606704607605934,0.016797568649053574,-0.01824306882917881,0.0014376777232905646,-0.10880187046791798,0.7634638663098388,-0.21248872578144073,-0.03662838414311409,0.09716767072677612,0.012231076164219262,-0.1070028175512713,-0.012908368044854854
1880,1623510944.45332,0.0,-0.013517167419195175,0.016757862642407417,-0.017708156257867813,0.0016280799178643376,-0.1104507360897746,0.7633457538780781,-0.016480065882205963,-0.06965158134698868,0.027925480157136917,0.010178369206282595,-0.1515527290214183,-0.013846940083204891
1881,1623510944.512481,0.0,-0.014394068159162998,0.009389241226017475,-0.016287997364997864,-0.00013875769736612642,-0.11690877462033045,0.7717772484592457,0.04317474365234375,0.032613806426525116,-0.009358773939311504,-0.021249657155599268,-0.17188229009450193,0.009260444398115391
1882,1623510944.52254,0.0,-0.011395185254514217,0.0048593683168292046,-0.015181479975581169,-0.0012743851045080579,-0.11813964163774451,0.7717182093815187,0.21468232572078705,-0.7141366004943848,0.1216687560081482,-0.10330898198124984,-0.1497944612001089,0.030978535097297727
1883,1623510944.5322115,0.0,-0.011179516091942787,0.00023251638049259782,-0.013759319670498371,-0.0019353826970114202,-0.11982107002966397,0.7717679741370275,0.3180129826068878,-0.4478204548358917,0.21328149735927582,-0.0898644898003829,-0.1319891808265312,0.0024006130777198707
1884,1623510944.5424178,0.0,-0.0053836931474506855,-0.005302028264850378,-0.009737150743603706,-0.0030826847315475053,-0.12153868673381424,0.7715361012831097,0.7260092496871948,-0.7663345336914062,0.49877235293388367,-0.09581995261341028,-0.17548845299931023,-0.00997233931167002
1885,1623510944.5525079,0.0,-0.0006322161643765867,-0.006946737878024578,-0.005474792793393135,-0.0026775347421981455,-0.12256853323049641,0.7711560418741645,0.5896553993225098,-0.27844342589378357,0.4359217584133148,-0.04302500402087345,-0.14965866265948843,-0.029911662867810662
1886,1623510944.5625834,0.0,0.00717443460598588,-0.011323519051074982,-0.00037107430398464203,-0.0030525282740266613,-0.12333595558737055,0.7710175713387439,0.5172174572944641,-0.3093360960483551,0.47746706008911133,-0.003476429293606948,-0.1007120978853585,-0.029969282384884603
1887,1623510944.572422,0.0,0.015517739579081535,-0.017177386209368706,0.00340854749083519,-0.004072585682440746,-0.12435309285378082,0.7710684882810845,0.597112238407135,-0.7290502786636353,0.3581574559211731,-0.0584804616824336,-0.10010309046913489,-0.006292135363980916
1888,1623510944.5824664,0.0,0.02330920845270157,-0.0249903853982687,0.007198292762041092,-0.005485374669778095,-0.1243917022006764,0.7712746938068352,0.6301354765892029,-0.8281198740005493,0.43805229663848877,-0.11794226221734391,-0.061554301403772965,0.011942615045977838
1889,1623510944.5933955,0.0,0.028430882841348648,-0.03433828800916672,0.011396441608667374,-0.006930471232427196,-0.12473986385695922,0.7717142525844327,0.30309927463531494,-1.0017579793930054,0.38478904962539673,-0.1441707617775556,-0.019264950143374,0.031798935951706034
1890,1623510944.6021864,0.0,0.03404434397816658,-0.04311428591609001,0.014793194830417633,-0.008068974612624513,-0.12659573313112765,0.7726855200705786,0.44690996408462524,-0.8142714500427246,0.3762669563293457,-0.13637494368246736,-0.10196005179565183,0.07687817943064112
1891,1623510944.6607728,0.0,0.02360442839562893,-0.04537816718220711,0.03094247728586197,-0.006981097749024466,-0.12679473439011452,0.7740341329631575,-0.32753729820251465,-0.572456419467926,0.8843981027603149,-0.08741978790408413,-0.01976096519870313,0.10352046320445313
1892,1623510944.6698914,0.0,0.022142482921481133,-0.04912780225276947,0.03879372403025627,-0.008241685960747189,-0.12699232175205039,0.7752348330698481,-0.2891877591609955,0.5833555459976196,0.2931763231754303,-0.12078943412688188,0.06001554086681712,0.12225147001576775
1893,1623510944.6799119,0.0,0.015016873367130756,-0.045241694897413254,0.03756486997008324,-0.007437827676209631,-0.12664298083230105,0.7752031511429636,-0.3893226087093353,0.352193146944046,-0.41309401392936707,-0.05408024772169946,0.019824306331401368,0.07794423143044474
1894,1623510944.6901107,0.0,0.009201573207974434,-0.03938981145620346,0.03228086978197098,-0.006321740297404538,-0.1262288040542381,0.7751468632452146,-0.7302072644233704,0.3766942322254181,-0.511098325252533,0.09562362265084044,0.04179913695238585,-0.002527277399000345
1895,1623510944.7003636,0.0,0.003223815932869911,-0.03667568042874336,0.029171008616685867,-0.0061802729106638365,-0.12623585169680018,0.7755694607038013,-0.5725480914115906,0.0517885647714138,-0.025337740778923035,0.07614024701248637,0.0217271195739555,0.013375173091360342
1896,1623510944.710871,0.0,-0.0008569882484152913,-0.039937037974596024,0.02996140718460083,-0.007660032841438902,-0.126981327566802,0.7761106170914295,0.005890486296266317,-0.4765826165676117,0.09397187829017639,-0.04786439483464637,-0.03017207502552956,0.04590911365990621
1897,1623510944.7203047,0.0,-0.00388766685500741,-0.04459463059902191,0.02996738627552986,-0.00935165842221352,-0.1269783222863899,0.7765750070885682,-0.3808005154132843,-0.16872118413448334,-0.11162415891885757,-0.15913497435507243,-0.05840131423696618,0.05265418108749738
1898,1623510944.730085,0.0,-0.006191137712448835,-0.045833341777324677,0.028009183704853058,-0.00998370818687367,-0.12679686142983865,0.7767975186617138,-0.001566364779137075,0.044331714510917664,-0.22347693145275116,-0.13108780235472747,-0.0008769066028470932,0.038979919868886756
1899,1623510944.740362,0.0,-0.00776310870423913,-0.04420831426978111,0.02580934762954712,-0.009751428872110418,-0.12730046866509853,0.7768584116306523,-0.007957951165735722,0.17429398000240326,-0.20643270015716553,-0.031811224833499796,-0.00399108066820462,0.01570985375341318
1900,1623510944.7500272,0.0,-0.009029095061123371,-0.0404975526034832,0.023982267826795578,-0.009015288238709555,-0.12770741254443352,0.7768778664302587,-0.07400435209274292,0.4331532418727875,-0.14358209073543549,0.03937628914329126,-0.054026995855489375,0.003369261653007878
1901,1623510944.8084497,0.0,-0.013670109212398529,-0.029168708249926567,0.01929856464266777,-0.0074189124016640975,-0.1327137656870312,0.7761473652281967,-0.013284273445606232,0.400130033493042,0.006620192434638739,0.1882555498202505,-0.002377940677179219,-0.0005777634686043408
1902,1623510944.8180075,0.0,-0.01428136881440878,-0.025442371144890785,0.019446108490228653,-0.006581663342046067,-0.1339284794789505,0.7759282273163473,-0.026067446917295456,0.39693424105644226,0.03431706875562668,0.2017887174970767,-0.03042913833812037,-0.01288831119232347
1903,1623510944.8290327,0.0,-0.014894985593855381,-0.022768903523683548,0.019879356026649475,-0.0060219464115621735,-0.13556825998956817,0.7758368052259248,-0.016480065882205963,0.23820984363555908,0.06414447724819183,0.07876116418009786,-0.12885867252126074,-0.015686862528462187
1904,1623510944.8378928,0.0,-0.01575133018195629,-0.021557414904236794,0.020690277218818665,-0.008554156319804038,-0.13751319352458594,0.7776957183244662,-0.033524297177791595,0.06776753813028336,0.09503714740276337,0.07318404272617872,-0.13812145787947672,-0.01309842255026129
1905,1623510944.8479695,0.0,-0.01639285311102867,-0.020228376612067223,0.02154412865638733,-0.00871622245159999,-0.135214059290849,0.7783227785790247,-0.0750696137547493,0.3298225998878479,0.06734026968479156,0.07524993097493977,-0.14492605658106703,-0.014533106583963758
1906,1623510944.8579397,0.0,-0.015688316896557808,-0.016501804813742638,0.02198372408747673,-0.008409149997489998,-0.1358112479163919,0.7792861736318051,-0.8505821228027344,0.8944127559661865,0.10568979382514954,0.05183105330986613,-0.07428411119722643,0.0264705746586035
1907,1623510944.868027,0.0,-0.015616304241120815,-0.009531009942293167,0.02326388657093048,-0.007044368430098993,-0.13831326569512825,0.779387933056312,0.9422579407691956,0.08055070787668228,0.23352152109146118,0.08590308215560859,-0.11715165407079552,0.051646842465280014
1908,1623510944.8780167,0.0,-0.013122719712555408,-0.0023035809863358736,0.02458822727203369,-0.004996301175881734,-0.13930688286468648,0.779546317610418,-0.08039593696594238,0.5386143922805786,0.25482678413391113,0.17193683409562674,-0.17030651283515083,0.019847782573444727
1909,1623510944.8878314,0.0,-0.007035990711301565,0.001432030345313251,0.026959020644426346,-0.004304726092511521,-0.14279892112389903,0.7795297567706894,0.31162139773368835,0.9285011887550354,-0.1659526526927948,0.1459885245739313,-0.22825093977650365,0.005940582171924737
1910,1623510944.8979874,0.0,-0.002917459700256586,0.005463632754981518,0.023631785064935684,-0.003574559067724928,-0.14331232603362248,0.7789590210086127,0.32120877504348755,0.7772336602210999,-0.49192357063293457,0.08836381753162544,-0.19476468332578,-0.0268331853283231
1911,1623510944.961067,0.0,0.051798172295093536,0.0654858872294426,0.0006400346755981445,0.008346476570265104,-0.14487061310165283,0.779925600474785,0.5257395505905151,1.133031964302063,-0.21388955414295197,1.0133758926751764,-0.8769513808844902,-0.03310624698369513
1912,1623510944.97097,0.0,0.058470718562603,0.06760301440954208,0.0005388911813497543,0.00827676205139459,-0.14477601980191174,0.780551051760651,-0.6939882636070251,0.7154483199119568,0.19304147362709045,0.8872251886448789,-0.7646808708321663,0.025943434544897555
1913,1623510944.9815872,0.0,0.05873369798064232,0.061434999108314514,-0.0019124671816825867,0.006499055761814872,-0.142961801972955,0.7811518863769478,0.44158366322517395,-1.3245331048965454,-0.489793062210083,-0.0357997874481433,0.05198595929886498,0.06880373193084198
1914,1623510944.9912024,0.0,0.050417255610227585,0.05674644559621811,-0.00682312436401844,0.005466342649661969,-0.1410721884948652,0.784547812944484,-1.0018497705459595,-0.879252552986145,-0.33426445722579956,-0.14299022445779466,0.1845059775911625,0.19855999456356238
1915,1623510945.0012321,0.0,0.044882338494062424,0.05394459143280983,-0.00890619307756424,0.005417069902214591,-0.14334874516376928,0.7867199415141397,-1.065765619277954,0.214774027466774,-0.0967104583978653,-0.08039481534856141,0.021985737587659458,0.28423879576141325
1916,1623510945.0116265,0.0,0.036554932594299316,0.05439840257167816,-0.009971009567379951,0.0062403291633679955,-0.14704263978422977,0.7903180175620952,-0.8782790303230286,0.009177989326417446,-0.0828620195388794,0.031472630648559874,-0.2612598768190393,0.28214891057431146
1917,1623510945.0210268,0.0,0.031322356313467026,0.05356420576572418,-0.010510237887501717,0.006718211909432767,-0.14909262787380181,0.7930955345081969,-0.49371853470802307,0.02089589834213257,-0.14997367560863495,0.07019193726509404,-0.3106764062175898,0.3232907541255661
1918,1623510945.0317914,0.0,0.026546785607933998,0.05763612687587738,-0.012614020146429539,0.008355539111850635,-0.1477537938354797,0.7940455825054786,-0.4873269498348236,0.6259661316871643,-0.23306430876255035,0.0978575004467885,-0.08744560643934186,0.22101075435193154
1919,1623510945.0411322,0.0,0.021930400282144547,0.05990426987409592,-0.011755196377635002,0.009501815556841361,-0.14625543640311353,0.7938815873980688,-0.7610999345779419,0.11570443958044052,0.10782031714916229,0.14807143001268333,0.12849668760419375,0.05949461410525235
1920,1623510945.0511339,0.0,0.016840774565935135,0.057529523968696594,-0.012244489043951035,0.009269043022635072,-0.1458513478024603,0.7936238889358183,-0.41701948642730713,-0.4478204548358917,-0.23839062452316284,0.066519071824589,0.11203732840421528,-0.020527898818529667
1921,1623510945.1096864,0.0,-0.009143930859863758,0.052873510867357254,-0.010216742753982544,0.011516110183031399,-0.14881050899262155,0.7953943941495348,-0.11448439955711365,-0.0920221284031868,0.21115097403526306,-0.04527122636777375,0.36461515025943686,0.012854468201132847
1922,1623510945.1192415,0.0,-0.010641835629940033,0.051833998411893845,-0.008457520976662636,0.01176528931473083,-0.14945356533795243,0.795277173050038,0.037848420441150665,-0.2443549633026123,0.20582464337348938,-0.01922918186794212,0.32312937582460166,0.020972551919870012
1923,1623510945.129618,0.0,-0.01149152684956789,0.05074532702565193,-0.006315639242529869,0.01211053158029484,-0.15186251304425918,0.7952056517411056,-0.10915807634592056,-0.1431548297405243,0.2143467664718628,0.029413525163866736,-0.14187188181839538,-0.010876784282130443
1924,1623510945.1391912,0.0,-0.01243563462048769,0.050094831734895706,-0.004165953025221825,0.012473850254142688,-0.1522854889518441,0.7950629618004168,-0.06654749810695648,-0.13676324486732483,0.2686752378940582,0.03317625090004801,-0.1567332483465999,-0.010809865470588733
1925,1623510945.149631,0.0,-0.013367601670324802,0.04958786815404892,-0.0020460933446884155,0.012888230043262783,-0.15160466720169222,0.7946608781991468,-0.021806389093399048,-0.1665906459093094,0.21647728979587555,0.03903064189295964,-0.005015467597352621,-0.02388751157092387
1926,1623510945.1591966,0.0,-0.013389026746153831,0.04698130860924721,-5.936063826084137e-05,0.012595187383944897,-0.15255759151364967,0.794221295346575,-0.04950326308608055,-0.4020141065120697,0.18878041207790375,0.010257849437335795,-0.006328074575163288,-0.042635949565473084
1927,1623510945.169243,0.0,-0.014268031343817711,0.04322799667716026,0.0015558451414108276,0.01200037255454802,-0.15402863190899319,0.7938302141664223,-0.02074112370610237,-0.5053447484970093,0.14084351062774658,-0.04022231824964878,-0.11587021385208131,-0.044652229709601934
1928,1623510945.179363,0.0,-0.015337593853473663,0.03918277844786644,0.0027625225484371185,0.011382490298273526,-0.155023894563165,0.7935823878174717,-0.04843800142407417,-0.4307762384414673,0.10249399393796921,-0.06338626756714733,-0.13126283167221972,-0.03243837695245143
1929,1623510945.1893063,0.0,-0.016070013865828514,0.03582628071308136,0.003715105354785919,0.0123810203383337,-0.15819689073270068,0.801383629716359,-0.015414802357554436,-0.3146623969078064,0.08544976264238358,-0.07040509407643122,-0.12209010491307304,-0.023388951853960824
1930,1623510945.1993384,0.0,-0.017578991129994392,0.03356439620256424,0.004128344357013702,0.01260345472291588,-0.155972079931828,0.8018530401938109,-0.20822766423225403,-0.22944125533103943,-0.05516514554619789,-0.07931138651430059,-0.12839679170173424,-0.020800367104163452
1931,1623510945.2594109,0.0,0.004998990334570408,0.005097963847219944,0.011532280594110489,0.009951117943368656,-0.162156721234342,0.8022000717952849,1.0626327991485596,-1.0550211668014526,0.3347216248512268,-0.23253177311637804,-0.21280926283657528,-0.012065961580020414
1932,1623510945.269023,0.0,0.013328404165804386,-0.006409239489585161,0.01585940644145012,0.007782571107239636,-0.16284431957010947,0.8017981330272367,0.1198737770318985,-0.481908917427063,0.25269627571105957,-0.4242959153701377,-0.2875588628439802,-0.02769308644418133
1933,1623510945.2791078,0.0,0.02476496808230877,-0.018508605659008026,0.018636707216501236,0.005606426469568965,-0.1639167648854591,0.801989971836083,1.0892643928527832,-1.9573001861572266,0.3485700786113739,-0.20935471754574217,-0.08688351537479312,-0.013536840613036174
1934,1623510945.2889938,0.0,0.03350943699479103,-0.029992956668138504,0.021282102912664413,0.00377440031908903,-0.16374076965958895,0.802502726377403,0.4905858039855957,-0.8600777983665466,0.307024747133255,-0.20276626207795487,-0.059787988546125645,0.032534670662295546
1935,1623510945.2989519,0.0,0.04309054836630821,-0.041601695120334625,0.025074724107980728,0.002197548333841823,-0.16385507393306198,0.8031568723516442,0.7526409029960632,-1.1743308305740356,0.4284649193286896,-0.18565815387069587,-0.004889534388229191,0.056288373505031006
1936,1623510945.3092005,0.0,0.05103909596800804,-0.05329408124089241,0.027784403413534164,0.00047132653044758277,-0.1644345240429254,0.8038001795961942,1.2618372440338135,-1.38844895362854,0.3581574559211731,-0.16623241436020497,-0.0009602548601469669,0.0683310916687659
1937,1623510945.3189611,0.0,0.055784475058317184,-0.06392137706279755,0.03174752742052078,-0.0008922188102552797,-0.16652754439551087,0.8048736321700869,0.5310658812522888,-1.0710002183914185,0.4891849756240845,-0.15339961460296683,-0.11044983964411029,0.08918799089142473
1938,1623510945.3297288,0.0,0.060271672904491425,-0.07119906693696976,0.03450203314423561,-0.0012829428888376099,-0.16631720622795343,0.8058745745846079,0.11135166138410568,-0.5745869278907776,0.26228365302085876,-0.09902750660117855,-0.13103534699494324,0.11113208198830243
1939,1623510945.3391323,0.0,0.056068528443574905,-0.06475701928138733,0.03602636978030205,0.000529590548178277,-0.1641893384296669,0.8077464294027565,-1.1200940608978271,0.9210443496704102,0.08651503175497055,0.0434683053869679,0.08816913725233783,0.13535575574140604
1940,1623510945.3490484,0.0,0.05219145491719246,-0.0589807964861393,0.037258077412843704,0.0017240564249237575,-0.16365159926747522,0.8095172320778317,-0.5299375057220459,0.5545933842658997,0.4359217584133148,0.1527256044821078,0.17577007218782167,0.18333018330655945
1941,1623510945.4098237,0.0,0.01284770481288433,-0.07098578661680222,0.06047474965453148,-0.0041201538279776045,-0.16811032734403716,0.8141390486969755,-0.8367336988449097,0.16896764934062958,-0.18193161487579346,-0.12683067646791168,0.4550015216399716,0.15908341303395526
1942,1623510945.419904,0.0,0.005660964176058769,-0.06980306655168533,0.059679534286260605,-0.004270897674804642,-0.16892878348317217,0.814651690869898,-0.5054364204406738,0.10931285470724106,-0.05836093798279762,-0.2125456566119831,0.38177396859710433,0.08480394051616448
1943,1623510945.429964,0.0,-0.0015757179353386164,-0.06947141885757446,0.05934075638651848,-0.0046092065509354685,-0.17052188154521658,0.8148625382583794,-0.554438591003418,0.09439914673566818,-0.046643029898405075,-0.024445192975663898,-0.09032520352333165,0.038111749965599774
1944,1623510945.4398293,0.0,-0.006824791431427002,-0.07157973945140839,0.05866305157542229,-0.005659105154894144,-0.17068330776177476,0.814644748274592,-0.4404553174972534,-0.07604316622018814,-0.1339947134256363,-0.06547500660900896,-0.09969176914729876,0.004236555898738422
1945,1623510945.450023,0.0,-0.011414007283747196,-0.07200048118829727,0.05678756162524223,-0.006260850468556404,-0.1694162869779994,0.8137557133785015,-0.17946553230285645,-0.09841372072696686,-0.24371695518493652,-0.08362679220430952,0.04114256296020101,-0.04704570156904531
1946,1623510945.4599013,0.0,-0.0137381162494421,-0.07138308882713318,0.05379123613238335,-0.006458578943143285,-0.1695654318878962,0.8130397732287011,-0.062286440283060074,0.11783496290445328,-0.340656042098999,-0.044986776712764256,0.06661155649452856,-0.07922764567808929
1947,1623510945.4701078,0.0,-0.01573801226913929,-0.07278551906347275,0.051143039017915726,-0.007281571253709117,-0.1708099920130149,0.8127722478169673,-0.21781504154205322,-0.16019906103610992,-0.23732537031173706,-0.048265567261734206,-0.05049896524435542,-0.0585873289681615
1948,1623510945.479917,0.0,-0.01736455038189888,-0.07360827177762985,0.04798883572220802,-0.007913001799611432,-0.17231788968347853,0.8126727469356483,0.05063159391283989,0.004916931502521038,-0.33532971143722534,-0.07229852849466337,-0.13058111368489467,-0.021679550428125038
1949,1623510945.4899232,0.0,-0.018440600484609604,-0.07360582798719406,0.04488643631339073,-0.008292453979525424,-0.17301390859225788,0.8124695766441268,-0.11448439955711365,0.06350647658109665,-0.3001759946346283,-0.05391118862896551,-0.12128643080771977,-0.014086353086358876
1950,1623510945.5000272,0.0,-0.018832508474588394,-0.07264156639575958,0.04216906055808067,-0.00844116121706668,-0.17379514500616777,0.8121464111910146,0.01441260240972042,0.19240346550941467,-0.2543696165084839,-0.027024138295695905,-0.07684139415560275,-0.02466991023667073
1951,1623510945.5600965,0.0,-0.0187514740973711,-0.06549796462059021,0.03348134085536003,-0.013091966898666048,-0.1815809300846727,0.8225163479695283,0.1283959001302719,0.214774027466774,-0.13186419010162354,0.006884769363883509,-0.07335589564844543,-0.00825089475457284
1952,1623510945.5696733,0.0,-0.023002823814749718,-0.060626883059740067,0.032593756914138794,-0.012749521275374508,-0.18263411967103654,0.8229569677180791,-0.3104930520057678,0.6227703094482422,0.03857812657952309,0.029754639021209357,-0.06483256935304106,0.05180927058010825
1953,1623510945.5799239,0.0,-0.02075672149658203,-0.05605221167206764,0.03196464851498604,-0.012199962315806688,-0.18389164805413882,0.8232875539260855,-0.735533595085144,0.9775033593177795,-0.1478431522846222,0.03803415330243165,-0.1366290571321961,0.0374229955840735
1954,1623510945.590018,0.0,-0.019412681460380554,-0.05192463472485542,0.03284505754709244,-0.011980921402059343,-0.18667860371973122,0.8232776063633769,0.6599628925323486,0.8134526610374451,-0.18299688398838043,0.03914461786280659,-0.1692532941295418,0.014425187917745807
1955,1623510945.599998,0.0,-0.014929374679923058,-0.04634210839867592,0.029680535197257996,-0.011445086100361969,-0.1877156476671115,0.8231075322175287,0.031456831842660904,0.9221096038818359,-0.2682180404663086,0.038523482018582446,-0.1878058055204415,-0.010987148105566322
1956,1623510945.6100452,0.0,-0.0098904212936759,-0.04011562094092369,0.026646919548511505,-0.011196695088118692,-0.18866521714580264,0.822554993538366,0.9518453478813171,0.6717724800109863,-0.5036414861679077,0.03834542859886558,-0.1175795607186261,-0.03496743393496951
1957,1623510945.620008,0.0,-0.0013747578486800194,-0.03400212898850441,0.021548908203840256,-0.010552544584943868,-0.18914331390820208,0.8221454132299655,0.9411926865577698,1.0435497760772705,-0.4301382601261139,0.04005667464126172,-0.06420696318333557,-0.04792207795174022
1958,1623510945.6298418,0.0,0.003486246569082141,-0.0250246562063694,0.016120009124279022,-0.009315219240112659,-0.1893106335420907,0.8223250199341603,0.8932557702064514,0.8848253488540649,-0.5047067403793335,0.08729864189893743,-0.0277951859818244,-0.01640225720503949
1959,1623510945.6397336,0.0,0.011264371685683727,-0.01445276290178299,0.010986816138029099,-0.00761051536528682,-0.18895434702263209,0.8227818952046589,0.0964379608631134,1.4249144792556763,-0.5345341563224792,0.14508951160409475,-0.006097687557830546,0.02950251211305191
1960,1623510945.6497378,0.0,0.015599602833390236,-0.005782337859272957,0.008421670645475388,-0.0068289698214859945,-0.18859141172168126,0.8233038448334258,1.0253485441207886,0.8038652539253235,-0.2447822093963623,0.13788622587454505,0.04090599923253776,0.05174875709822663
1961,1623510945.7116067,0.0,0.011733955703675747,0.0009457743144594133,-0.011404125019907951,-0.007747707357792531,-0.1918640058227567,0.826147022412308,0.022934718057513237,1.090421438217163,-0.7742186784744263,0.1113938073774892,-0.14408915740423747,0.13823408840018475
1962,1623510945.7215676,0.0,0.00713527575135231,0.010965147987008095,-0.017995666712522507,-0.004972780174766517,-0.19300614035168467,0.8277192474477713,-0.07826540619134903,1.34395432472229,-0.5260120630264282,0.2015919633188992,-0.254969157047337,0.19840315979341622
1963,1623510945.731723,0.0,0.0021172722335904837,0.018269844353199005,-0.02060687355697155,-0.002803141921626881,-0.1911681199602221,0.828098012626199,0.02932630479335785,0.3724331557750702,-0.02320721372961998,0.26369656690087295,0.012547091143693236,0.11461092490102444
1964,1623510945.741975,0.0,-0.0009796734666451812,0.015133232809603214,-0.013401664793491364,-0.0035479854052661505,-0.19016086966590628,0.8274876893155851,-0.004762158263474703,-0.5980227589607239,1.272154450416565,0.10507873179821647,0.1503107373539846,-0.004733030529725813
1965,1623510945.7517118,0.0,-0.007351990323513746,0.010067285038530827,-0.012307967990636826,-0.004848548660395871,-0.18952648545815182,0.8275660216025956,-0.8814747929573059,-0.8440988659858704,-0.998989462852478,-0.08694348341471818,0.07530090898548712,-0.03628389456154954
1966,1623510945.7614684,0.0,-0.00925120897591114,0.005483697168529034,-0.02192767709493637,-0.006273798069988287,-0.19097504872700446,0.828158234939456,0.04637053608894348,-0.9655389785766602,-0.5984500050544739,-0.1386712225800989,-0.0323989525144219,0.027319537250963043
1967,1623510945.771429,0.0,-0.010792962275445461,0.003157989587634802,-0.026670774444937706,-0.0069802112442804015,-0.19072441904617599,0.8289139908201386,0.14863592386245728,-0.13143692910671234,-0.3502434194087982,-0.12014400175873972,-0.05282938683231065,0.06509702494599985
1968,1623510945.7816188,0.0,-0.015494224615395069,0.01013483852148056,-0.028191301971673965,-0.004872845625590372,-0.18967231760214964,0.8287213199925884,-0.07720014452934265,0.9274359345436096,0.15682248771190643,0.040631429895089444,0.05159875962980735,0.03551462513502563
1969,1623510945.791329,0.0,-0.019448120146989822,0.019348319619894028,-0.02593206614255905,-0.0019174799937964754,-0.18871558361723384,0.8278520247207077,0.02186945453286171,0.6504671573638916,0.298502653837204,0.24491920481455004,0.10032859055315534,-0.046628879260479955
1970,1623510945.8013246,0.0,-0.02177094668149948,0.023317428305745125,-0.022116174921393394,-0.0005253277009242968,-0.1889129414577428,0.8272808815611152,-0.2966446280479431,0.27655935287475586,0.42100805044174194,0.24179427297633257,0.03021224215016837,-0.08178243131652094
1971,1623510945.8630493,0.0,-0.025166617706418037,-0.0040967403911054134,-0.012539129704236984,-0.006473221027088867,-0.19246383877788642,0.8234811738087006,0.30203402042388916,-0.40947094559669495,0.541382908821106,-0.37838974253117463,-0.001385462277247699,-0.05784900822560664
1972,1623510945.8737726,0.0,-0.02392818219959736,-0.007229655049741268,-0.006768530234694481,-0.0073236397338200705,-0.19378708679718692,0.8230135898056885,-0.08039593696594238,-0.10160951316356659,0.5158165693283081,-0.5228160924138071,-0.04990951418511385,-0.042463810487819525
1973,1623510945.8830755,0.0,-0.024652812629938126,-0.0059093087911605835,-0.0035839248448610306,-0.007095948747836148,-0.19433485595691452,0.8220661428199826,-0.12726756930351257,0.3575194478034973,0.12806034088134766,-0.04848093702344815,-0.10710511755764343,-0.07406606487333736
1974,1623510945.8930838,0.0,-0.025194408372044563,0.0016116409096866846,-0.004527779296040535,-0.0004926037313084247,-0.1970517453106572,0.8214670052785651,-0.1815960556268692,0.9434149265289307,-0.15316946804523468,0.03238219238886287,-0.06410204704805152,-0.09567889184341866
1975,1623510945.9030216,0.0,-0.025573622435331345,0.0075879450887441635,-0.005306318402290344,0.0015015020600014223,-0.19407334141106536,0.8220248543321729,-0.001566364779137075,0.22649192810058594,0.05136130005121231,0.03624936494798194,-0.07028860053393902,-0.08706879226610455
1976,1623510945.913436,0.0,-0.021713681519031525,0.0027065242175012827,-0.00045857951045036316,0.0001794469077640859,-0.19569190670375658,0.8241665597835783,0.059153709560632706,-0.8025535345077515,0.6660189032554626,0.0265803125851752,-0.041969437752749805,-0.021224144008901737
1977,1623510945.9231575,0.0,-0.02327030338346958,-0.006784945726394653,-0.0025999564677476883,-0.002473986399661718,-0.1969898057799148,0.8245277349261421,-0.005827422719448805,-1.1285244226455688,-0.7870018482208252,-0.1645750600992322,-0.1056433066744422,0.12427807173835032
1978,1623510945.9333568,0.0,-0.016784103587269783,-0.02112000063061714,-0.006927410140633583,-0.006463605694655733,-0.1984095488324101,0.8243916189035054,-0.5384596586227417,-1.2297245264053345,-0.43759509921073914,-0.33909631476465085,-0.17028290321249226,0.024877636505965202
1979,1623510945.9429975,0.0,-0.014054595492780209,-0.025612441822886467,-0.012425478547811508,-0.006837168809003813,-0.20054601602554734,0.8241774635714869,0.6194828152656555,-0.9644737243652344,-0.2820664942264557,-0.22316058199742184,-0.15948985558419854,-0.017064094327025516
1980,1623510945.9531455,0.0,-0.007184125017374754,-0.030209707096219063,-0.009522274136543274,-0.0075202029974580226,-0.2010292718147607,0.8240446605746101,0.8708852529525757,-0.28909605741500854,0.685193657875061,-0.06619932476984616,-0.1411684049563493,-0.02148303089937683
1981,1623510946.0138683,0.0,0.03941327705979347,-0.07546741515398026,0.012068837881088257,-0.013538444264173125,-0.19922005638733847,0.8244947432695748,0.7845988273620605,-1.0710002183914185,0.29104578495025635,-0.7484368003485714,-0.7006051768558262,0.006254702204586321
1982,1623510946.023212,0.0,0.04381593316793442,-0.08499601483345032,0.014843158423900604,-0.01475421685135947,-0.19852364084445717,0.8252832870130014,0.5001732110977173,-0.9378421306610107,0.28678473830223083,-0.702870650444638,-0.5497763562638093,0.055328961808047396
1983,1623510946.0331755,0.0,0.04632119834423065,-0.09344310313463211,0.016812391579151154,-0.015617739175272996,-0.19782688551355476,0.8258753782843717,0.41921308636665344,-1.0582170486450195,0.18878041207790375,-0.12666754000673275,0.05305589271287995,0.07613736439880928
1984,1623510946.0431876,0.0,0.049021556973457336,-0.09589315950870514,0.017185844480991364,-0.015620739348999255,-0.19849331989835417,0.8284971676524986,-0.5682870745658875,-0.14528536796569824,-0.08605781197547913,-0.05381970656580982,-0.002740667689107723,0.15342719574446106
1985,1623510946.0535939,0.0,0.04504070058465004,-0.08877193182706833,0.016173947602510452,-0.01396424983674642,-0.1967657002115336,0.8295685572432132,-1.2745574712753296,0.8677811622619629,-0.043447237461805344,0.06865642596911618,0.049368704059020045,0.17545926388864536
1986,1623510946.0637584,0.0,0.039340317249298096,-0.08448422700166702,0.017093509435653687,-0.013273499354109014,-0.20019426032856158,0.83236632607988,-0.7706872820854187,0.23927511274814606,0.261218398809433,0.12376791862515821,-0.07284686973961771,0.18032171228781468
1987,1623510946.0733695,0.0,0.032772716134786606,-0.08197753876447678,0.019716624170541763,-0.01319125768792341,-0.20262681072737224,0.8364430793126956,-0.2646866738796234,0.0933338850736618,0.27293628454208374,0.0513438508104628,-0.26459977737583973,0.3290567013241047
1988,1623510946.0834262,0.0,0.029962090775370598,-0.08470085263252258,0.02348434552550316,-0.014605994190432514,-0.20476526696995478,0.8384743117249225,-0.4500426948070526,-0.684309184551239,0.4966418445110321,-0.051110054907173914,-0.26483435111907117,0.34189036452618066
1989,1623510946.094173,0.0,0.023532388731837273,-0.0889664962887764,0.027616266161203384,-0.016217372490655267,-0.20150660341242632,0.8372788402350474,-0.40530160069465637,-0.5681953430175781,0.6372567415237427,-0.14325624860114083,-0.00948853274573754,0.09790050146707226
1990,1623510946.103137,0.0,0.01942078210413456,-0.09578268975019455,0.03229716792702675,-0.018421763599120934,-0.19916143413360465,0.8351856154988977,-0.3435162603855133,-0.5713911652565002,0.3304605782032013,-0.20041328890772392,0.2838591557245081,-0.1583180473060354
1991,1623510946.159434,0.0,-0.006458469200879335,-0.09061763435602188,0.02988380566239357,-0.018723862853242956,-0.2043879310629957,0.8354039831905351,-0.021806389093399048,-0.45101624727249146,0.07799291610717773,-0.06029753459989736,0.4720256844038162,-0.14153661693035258
1992,1623510946.1695902,0.0,-0.009398854337632656,-0.09329149127006531,0.028817247599363327,-0.01980043114057946,-0.20425095849015606,0.8346317714404455,-0.24870771169662476,-0.056868407875299454,-0.2586306631565094,0.0046792413492035756,0.3466074891848608,-0.06128202335068315
1993,1623510946.179568,0.0,-0.012454112060368061,-0.09215925633907318,0.025304168462753296,-0.01982906921193093,-0.20511054139183715,0.8344797931226744,-0.134724423289299,0.2467319518327713,-0.3747445046901703,-0.06497553936863461,-0.02532791495300816,-0.05298654817235737
1994,1623510946.1892805,0.0,-0.014666881412267685,-0.09034515917301178,0.02189507707953453,-0.01967080326423537,-0.205760557797762,0.8343864878384074,-0.1485728621482849,0.28188568353652954,-0.2735443711280823,0.00063440783748295,-0.08457925200679908,-0.014586692649132834
1995,1623510946.1992784,0.0,-0.014795000664889812,-0.09050053358078003,0.019439298659563065,-0.020027438065920423,-0.2063406967503945,0.8339557838459568,0.15928857028484344,-0.05047682300209999,-0.24584747850894928,-0.004896304445417098,-0.0655514992498942,-0.02332729852797727
1996,1623510946.2096858,0.0,-0.014921160414814949,-0.090535007417202,0.016960464417934418,-0.020308736579766618,-0.2065402115709502,0.833309127416026,0.08898111432790756,0.18494662642478943,-0.25969594717025757,-0.03275950057123269,-0.04238171955845081,-0.051919513893048774
1997,1623510946.2197847,0.0,-0.014004584401845932,-0.08849191665649414,0.014510788023471832,-0.02001392049031931,-0.2076302385553545,0.8331383915893721,0.11454745382070541,0.3244962692260742,-0.23306430876255035,-0.005834175045060722,-0.058849248192962736,-0.04426188097579551
1998,1623510946.2296927,0.0,-0.014058499597012997,-0.08588629215955734,0.01287299394607544,-0.019569694397523207,-0.2090340978242765,0.8332110331286207,-0.0005011003231629729,0.35538893938064575,-0.14038629829883575,0.03675000945512004,-0.11961547636785208,-0.007209377249415808
1999,1623510946.2393537,0.0,-0.014452436938881874,-0.08366739749908447,0.011783197522163391,-0.019246461912490624,-0.21027789185432327,0.8331616388518719,-0.04311167821288109,0.21796981990337372,-0.0871230736374855,0.04286433445138243,-0.1400662453778328,0.002389726684512891
2000,1623510946.2498903,0.0,-0.015262573026120663,-0.08214928954839706,0.011134523898363113,-0.020189762942881564,-0.21894589842483778,0.8469007187449207,-0.06441696733236313,0.22649192810058594,-0.039186179637908936,0.04294604502997781,-0.1365944576165893,0.003557126715428614
2001,1623510946.3121896,0.0,-0.001113169826567173,-0.05494378134608269,0.01805797591805458,-0.017124586565624697,-0.2228839816860795,0.8484292036755008,0.4799331724643707,0.9775033593177795,-0.0455777682363987,0.18739695488253172,-0.1926736359470286,0.029198511687330717
2002,1623510946.3211694,0.0,0.005752800963819027,-0.04936586692929268,0.016924098134040833,-0.01628769903880746,-0.22410692217155523,0.8483354498344501,0.8357315063476562,0.5790944695472717,-0.0455777682363987,0.40569848725752644,-0.2536175490898509,0.02730196039037677
2003,1623510946.3314972,0.0,0.012953528203070164,-0.0375155434012413,0.014310546219348907,-0.014420748953073298,-0.2249649105178643,0.8486631292997967,0.18698544800281525,0.983894944190979,-0.3662223815917969,0.15183407962629397,-0.12398182851252912,0.0100637218265313
2004,1623510946.3411458,0.0,0.01933339051902294,-0.02541622333228588,0.011211257427930832,-0.01217969337755928,-0.22476554350013062,0.8491794512466542,0.026130512356758118,1.7892348766326904,-0.37794029712677,0.19678541373167222,-0.04743521205439364,0.040992569850837074
2005,1623510946.3511074,0.0,0.025761505588889122,-0.016700219362974167,0.009288236498832703,-0.01071333334028221,-0.2243986374138632,0.8494560349555684,0.5726111531257629,0.6941430568695068,-0.10629783570766449,0.19685968130115913,0.03614099678675679,0.04262070358755384
2006,1623510946.361556,0.0,0.031425975263118744,-0.009372632950544357,0.00786784291267395,-0.009911445891153184,-0.22360516001268163,0.8499998320526784,0.5363922119140625,0.5162438750267029,-0.27034857869148254,0.12910183993722119,0.06829339458703505,0.04235981475331897
2007,1623510946.3712356,0.0,0.03525650501251221,-0.0016981252701953053,0.005628027021884918,-0.008976066734908347,-0.22404336047528764,0.8508830110226022,0.24344445765018463,0.6824251413345337,-0.2852622866630554,0.09244877617039543,0.03271389002124659,0.07156248953526426
2008,1623510946.3814073,0.0,0.0387294627726078,0.0035378632601350546,0.003376837819814682,-0.00862823260662654,-0.22526335041832438,0.8518301738257411,0.4064299166202545,0.040070656687021255,-0.24584747850894928,0.07304257119766454,-0.08000965662304907,0.09610591109125217
2009,1623510946.3911169,0.0,0.03863148018717766,-0.003160604042932391,0.002862449735403061,-0.01118904405364212,-0.22388959613465925,0.8537140466809227,-0.010088480077683926,-1.607893466949463,-0.1936495155096054,-0.07914659444454468,-0.010380809462595102,0.11874568299253269
2010,1623510946.40132,0.0,0.03276437520980835,-0.012322447262704372,-0.002805860713124275,-0.013880544329481867,-0.21980542684346455,0.8548159165251068,-1.103049874305725,-0.7365071177482605,-0.7646312713623047,-0.26761139541731327,0.23140101726798107,0.16252376960501333
2011,1623510946.4639983,0.0,0.00259035755880177,0.035781316459178925,-0.014995062723755836,-0.001108895416446952,-0.22474518091639537,0.8597362155444968,-0.6322029232978821,0.17535923421382904,0.3570922017097473,0.5749826150596795,0.5618154883581576,0.09586779035313314
2012,1623510946.4740891,0.0,-0.0031560049392282963,0.03534771129488945,-0.017518213018774986,-0.0010964517758906625,-0.22498737147262168,0.859676569045636,-0.2838614284992218,-0.10054424405097961,-0.5675573348999023,0.7576916165311997,0.3935283735147809,0.011609075442983122
2013,1623510946.4840755,0.0,-0.00965182390064001,0.036173343658447266,-0.021895546466112137,-0.0006206156094539575,-0.22651522331578905,0.8605238103392163,-0.711032509803772,-0.05580314248800278,-0.1616915911436081,0.04097502680678783,-0.06326486854633057,0.025127939496134184
2014,1623510946.4941058,0.0,-0.014279131777584553,0.03257280960679054,-0.020407583564519882,-0.0011380130338317224,-0.22704797110401903,0.8612294948710485,-0.4415205717086792,-0.7929661273956299,0.41142067313194275,0.008084620741485431,-0.11269919313630013,0.07330978746712379
2015,1623510946.504189,0.0,-0.018868008628487587,0.023008134216070175,-0.01753750815987587,-0.0033653462701295003,-0.22625009479519478,0.8607103930438083,-0.5139585733413696,-0.9655389785766602,-0.24584747850894928,-0.12244147358247985,-0.006715529987969617,0.02585558973242535
2016,1623510946.5140574,0.0,-0.02248609997332096,0.016485584899783134,-0.02282990887761116,-0.004801459750485751,-0.22578122654960572,0.8596240928858676,-0.21674978733062744,-0.42758044600486755,-0.6165595054626465,-0.19157335214894497,0.06460877760958483,-0.07799843127533516
2017,1623510946.5244112,0.0,-0.026803411543369293,0.022291379049420357,-0.030573610216379166,-0.0027551070688411686,-0.22559812824238154,0.8587974009956589,-0.3658868074417114,0.9061306715011597,-0.713498592376709,-0.010909281476625718,0.038702914972923885,-0.10321248846789696
2018,1623510946.534227,0.0,-0.029084259644150734,0.03208314627408981,-0.03142203390598297,0.0005864692534337176,-0.22636292356419144,0.8583674347761205,-0.09744016826152802,1.4621987342834473,0.39331117272377014,0.24408205852143314,-0.028947529383980583,-0.0665077855872613
2019,1623510946.544152,0.0,-0.031004568561911583,0.04309672489762306,-0.02691991627216339,0.004153469600970832,-0.22707558241206308,0.8581095184752218,0.04424000903964043,0.6078566312789917,0.6809325814247131,0.36390291481164544,-0.07368881850287037,-0.03873756236485609
2020,1623510946.5540633,0.0,-0.028103312477469444,0.043503690510988235,-0.015468203462660313,0.004584540193391572,-0.2288126396541361,0.8578275142817559,0.21361705660820007,-0.3871003985404968,1.6226264238357544,0.23883247018522913,-0.12547758946437443,-0.030123083165989162
2021,1623510946.617082,0.0,-0.027868647128343582,0.027175888419151306,-0.009913215413689613,0.005250701997946874,-0.23156330533028782,0.8639421732760839,0.28498977422714233,-0.3508813977241516,0.07692764699459076,0.04674368963474251,-0.1430716141183664,-0.01629006283580927
2022,1623510946.62717,0.0,-0.03197304531931877,0.02853958122432232,-0.01572427712380886,0.006118389630737159,-0.232230838316666,0.864086003252734,-0.2146192491054535,0.2691025137901306,-0.7348038554191589,-0.07521145380487022,-0.018672757998616018,0.037044352967172664
2023,1623510946.6371691,0.0,-0.031186653301119804,0.024860281497240067,-0.019794315099716187,0.00628828568769535,-0.2338576460750884,0.8648150224206445,-0.6939882636070251,0.30532151460647583,-0.2533043324947357,0.020300432757739607,-0.12908523745544664,0.0454061276827379
2024,1623510946.6471956,0.0,-0.028621705248951912,0.021902834996581078,-0.019616559147834778,0.006409251811489242,-0.23734214723401878,0.8650389969115131,0.7696850895881653,-0.879252552986145,0.25802260637283325,0.042011858977250426,-0.23316388812273062,0.04278062758886259
2025,1623510946.6574068,0.0,-0.025745587423443794,0.016520239412784576,-0.014912968501448631,0.0054317922399826635,-0.2376098964542226,0.8647114399007267,0.5449143052101135,-0.6044143438339233,0.333656370639801,-0.03287941536582967,-0.17786785224676283,0.0016170566255002555
2026,1623510946.6670754,0.0,-0.020854368805885315,0.017152296379208565,-0.01359003409743309,0.006161433184816351,-0.2381935112229001,0.8639965898583838,0.8154914975166321,-0.08456528186798096,0.32833003997802734,-0.02429856869288368,-0.05070745165161181,-0.0509997390313643
2027,1623510946.676988,0.0,-0.01558930054306984,0.011420178227126598,-0.009128574281930923,0.005928140523658809,-0.238327010499007,0.8639089644271685,0.031456831842660904,-0.4105361998081207,0.3613532483577728,0.022019255026694013,-0.0428485243747076,-0.0445131216751538
2028,1623510946.687177,0.0,-0.009525422006845474,0.00819556973874569,-0.0051452890038490295,0.0056615433116934955,-0.23861293517553045,0.8637928513033715,0.4618236720561981,-1.0507601499557495,0.49557656049728394,-0.009892655896357799,-0.03431850095532591,-0.013773193982629857
2029,1623510946.69735,0.0,-0.0038383682258427143,0.00188223528675735,-0.0026725102216005325,0.0046662482999177135,-0.23749421403281115,0.8641113740588543,0.5214784741401672,-0.8377072811126709,0.29637211561203003,-0.07106263624318483,0.05037169262128641,0.01052449157437223
2030,1623510946.7072036,0.0,-8.804191020317376e-05,-0.0058364346623420715,-0.0007121935486793518,0.0039876274938311085,-0.23709124401356618,0.8648566027008244,0.02506524696946144,-0.6779175996780396,0.10888558626174927,-0.10116580899526255,0.08561740768786953,0.05304421645990672
2031,1623510946.767996,0.0,0.010166700929403305,-0.01477204542607069,0.014231089502573013,0.0037806804921124704,-0.24046984223871698,0.8664281824183877,-0.3616257607936859,0.06776753813028336,0.33259111642837524,-0.13551349954217048,-0.21451494513697908,0.06981457337924299
2032,1623510946.7776682,0.0,0.010363176465034485,-0.01701986975967884,0.01873469352722168,0.0029929170403049307,-0.24043466646681622,0.8670424964023861,0.34890565276145935,0.02728748321533203,0.3123510777950287,-0.13913417986548515,-0.26182461348450353,0.07071879114540533
2033,1623510946.787638,0.0,0.010506109334528446,-0.019457360729575157,0.023738808929920197,0.002283011677250195,-0.23836954348426853,0.8668976248644735,-0.033524297177791595,0.22649192810058594,0.35602691769599915,-0.07522532793342646,0.07366006138583661,0.03516139410184763
2034,1623510946.7982495,0.0,0.006479104980826378,-0.01789161004126072,0.025968141853809357,0.0026368355226146084,-0.23664884114311,0.8665654078942737,-0.2380550652742386,0.177489772439003,0.14723511040210724,-0.017509539978612067,0.1946890408062923,-0.02360781996819955
2035,1623510946.8076077,0.0,0.004230883903801441,-0.014827694743871689,0.02704516425728798,0.0034403788566347016,-0.23761856684370739,0.8665391579309685,-0.16668234765529633,0.3447362780570984,0.07586238533258438,0.05832554733703137,0.060462845895988174,-0.0270436133283711
2036,1623510946.8178372,0.0,0.0004803228657692671,-0.013678333722054958,0.028010360896587372,0.003580139651843825,-0.2376717009057544,0.8669996905298156,-0.07826540619134903,0.01130851823836565,0.11101610958576202,0.054772825196916716,-0.048740728574375156,0.014224711930350584
2037,1623510946.8277962,0.0,-0.0017144560115411878,-0.016477711498737335,0.02944358065724373,0.002667274419562618,-0.23745188494873717,0.8671171934634786,-0.018610596656799316,-0.1793738305568695,0.0982329398393631,-0.028289527114202236,0.00011341112653173213,0.03139820810103186
2038,1623510946.8375144,0.0,-0.004242484923452139,-0.019779695197939873,0.030152577906847,0.0016075016346074333,-0.23682941855284725,0.8666738723873596,-0.033524297177791595,-0.32638031244277954,0.0566876195371151,-0.09845377780169026,0.039483917152158876,-0.010954491941509362
2039,1623510946.8481462,0.0,-0.005271413829177618,-0.02204837277531624,0.02885059267282486,0.0009071680832751575,-0.23681649190326481,0.8662727494484872,-0.04950326308608055,-0.00999677088111639,-0.22773797810077667,-0.09608934700639414,0.038691687835996635,-0.045005629405078094
2040,1623510946.8575783,0.0,-0.0060444120317697525,-0.019402161240577698,0.024689573794603348,0.0016347199609557453,-0.2372146711759184,0.8660121034342583,-0.051633793860673904,0.49067750573158264,-0.4770098924636841,-0.013015368296925383,-0.014384100055447489,-0.03605908155700022
2041,1623510946.9203625,0.0,-0.013003025203943253,-0.012305269949138165,0.015782669186592102,0.0035916010027209275,-0.24004785775696127,0.8652241388627475,0.00908628012984991,0.25312355160713196,-0.017880890518426895,0.12121849839084949,0.04201861365124696,-0.018458004881905035
2042,1623510946.9300134,0.0,-0.0135381193831563,-0.010083494707942009,0.015834003686904907,0.004213827040942659,-0.2408285965960327,0.8651537160282121,0.020804189145565033,0.1998603194952011,0.028990745544433594,0.12543310727341397,0.028806607658695582,-0.009188779887670799
2043,1623510946.9408956,0.0,-0.01397376973181963,-0.008497164584696293,0.01629752293229103,0.004656340883253739,-0.2418961466876828,0.8651475302694849,0.03891368582844734,0.13274866342544556,0.074797123670578,0.057252368557724156,-0.08813660161184678,-0.0033047317294706787
2044,1623510946.9502697,0.0,-0.014481413178145885,-0.007961591705679893,0.01713750511407852,0.0008623784547443364,-0.24744475016892714,0.8665996079333513,0.04317474365234375,-0.014257828705012798,0.08544976264238358,0.04425636969693232,-0.10794165786904612,-2.3728524526236234e-05
2045,1623510946.9605055,0.0,-0.014683712273836136,-0.007473748177289963,0.01799958199262619,0.0005725532526612842,-0.24536394677671783,0.867547828233255,0.07513267546892166,0.24992775917053223,0.06414447724819183,0.04322847580991618,-0.11768319964143997,0.0026776037241081517
2046,1623510946.9702134,0.0,-0.01245469693094492,-0.0038395021110773087,0.018341410905122757,0.0007528890109727154,-0.2463572048452906,0.8690595483318415,-0.06867802888154984,-0.001474655233323574,0.14297404885292053,0.035226412826752006,-0.09105617096256187,0.03936694184456894
2047,1623510946.9800804,0.0,-0.013089116662740707,0.00406654691323638,0.019313812255859375,0.0025283984540095533,-0.24851502759612207,0.8696913093798257,0.015477865934371948,0.49919962882995605,0.10249399393796921,0.08733360997065026,-0.13680827771375612,0.10613256275451208
2048,1623510946.990081,0.0,-0.010897975414991379,0.010148514993488789,0.02030894160270691,0.003960774001164166,-0.24956746680167852,0.8700573938880158,-0.2380550652742386,0.8379537463188171,0.34643954038619995,0.1482543018410475,-0.17829999349837217,0.05683753400885117
2049,1623510947.0005507,0.0,-0.005454466212540865,0.014341756701469421,0.02291816473007202,0.00465820574286438,-0.2518857552045395,0.8701366563560325,1.1340055465698242,0.4459364116191864,-0.12760312855243683,0.11613991352398957,-0.16206816189589876,0.021093119669184368
2050,1623510947.0100985,0.0,-0.0024904338642954826,0.01583125628530979,0.02118406817317009,0.004645760980912003,-0.2524363318717169,0.8696809364561959,0.7292050719261169,0.07096333056688309,-0.3683529198169708,0.05158577906632775,-0.12615036210185018,-0.019571024038839258
2051,1623510947.0721407,0.0,0.03870167210698128,0.057382505387067795,-0.0021254178136587143,0.01124367981221952,-0.2534873826037236,0.8714485341844865,-0.3477773070335388,1.103204607963562,-0.15423473715782166,0.6343689147252422,-0.6229809415993287,0.02099046416364925
2052,1623510947.0824566,0.0,0.04279160127043724,0.058322466909885406,-0.002194344997406006,0.01072325321794429,-0.2534300074413781,0.8720398428857814,-0.5320680737495422,0.47150275111198425,0.2558920681476593,0.5417117991717884,-0.522657260446237,0.0701079662859518
2053,1623510947.0918434,0.0,0.039735790342092514,0.04989813640713692,-0.001998322084546089,0.008196861362729867,-0.2517522692091829,0.872982104045783,0.027195775881409645,-1.2382466793060303,-0.5025762319564819,-0.11185679846008495,0.07787833192981189,0.07924739476765423
2054,1623510947.1021502,0.0,0.032773613929748535,0.04237033799290657,-0.011114830151200294,0.006252364757104306,-0.25024252080614867,0.876075400369522,-1.0636351108551025,-0.841968297958374,-0.7944586873054504,-0.2317704812608297,0.14988162027350732,0.19175585584289523
2055,1623510947.1121385,0.0,0.027123626321554184,0.037705786526203156,-0.01582682877779007,0.005586869523274057,-0.25247128038903976,0.8781516688053123,0.07087161391973495,-0.2550075948238373,-0.25117382407188416,-0.15203082706762752,0.06035960555607382,0.25720552041620864
2056,1623510947.1224184,0.0,0.021893233060836792,0.044651422649621964,-0.02001202292740345,0.008232434526435205,-0.25567134687275705,0.8799225426869421,-1.4918713569641113,1.4100008010864258,-0.580340564250946,0.07685965933415034,-0.29704870084933355,0.21275197913454497
2057,1623510947.1321545,0.0,0.02006710134446621,0.05186877399682999,-0.024719445034861565,0.010635295969488964,-0.2575573857693666,0.8818348745648315,-0.11022334545850754,0.4917427897453308,-0.45570459961891174,0.2672856163552827,-0.33616184812893185,0.19414158909795826
2058,1623510947.142712,0.0,0.01529516652226448,0.05556321144104004,-0.02473139762878418,0.011895442604150583,-0.2556960213962056,0.8830005403457546,-0.35629943013191223,0.27655935287475586,0.677736759185791,0.2106378389157904,-0.015354692976639895,0.1610132037141433
2059,1623510947.152278,0.0,0.013395163230597973,0.05260246992111206,-0.017453694716095924,0.011420438121893903,-0.25617745722498825,0.883357902718759,-0.19224870204925537,-0.3135971426963806,0.983467698097229,0.054860361231630565,0.0708565111797188,0.08616188194484117
2060,1623510947.1627047,0.0,0.007367240265011787,0.04734283685684204,-0.01419840008020401,0.01024274321048265,-0.2569961952726644,0.8839262154415939,-0.3616257607936859,-0.6203933358192444,-0.6005805730819702,-0.07048406273528444,-0.04587184255142978,0.04852525939701848
2061,1623510947.2282996,0.0,-0.016933100298047066,0.04238632693886757,-0.008428437635302544,0.012043262028880473,-0.25590788207343357,0.8846313446672328,-0.002631629351526499,-0.29868343472480774,0.6926504969596863,-0.0933650245021397,0.2046766669518326,0.039590554866453624
2062,1623510947.2379208,0.0,-0.018163880333304405,0.03934374079108238,-0.004084337502717972,0.011557070984019861,-0.2562022057278634,0.8842945745105929,0.00908628012984991,-0.481908917427063,0.21115097403526306,-0.05810878932501242,0.23431235749757523,-0.006909285639435908
2063,1623510947.2481523,0.0,-0.01955517567694187,0.03689393773674965,-0.00300789438188076,0.011281388518409922,-0.2580187999696283,0.8837559466163653,-0.3392551839351654,-0.0685863122344017,0.05881815031170845,-0.04237987161789947,-0.10340948429690715,-0.04614088739523636
2064,1623510947.25796,0.0,-0.02127389796078205,0.03661198541522026,-0.0011184141039848328,0.011641417708624452,-0.25851114417102794,0.8832669479360391,0.0176083967089653,-0.25074654817581177,0.2750668227672577,0.0037344279386313764,-0.12083852215819366,-0.05429195600244089
2065,1623510947.2681992,0.0,-0.022308355197310448,0.03396562859416008,0.002466488629579544,0.011300965718072077,-0.2585722101290958,0.8828741991806868,-0.2785351276397705,-0.31253188848495483,0.34217849373817444,0.01135074109331022,-0.03209236747922611,-0.047107757031026924
2066,1623510947.278214,0.0,-0.023334123194217682,0.030388832092285156,0.002936486154794693,0.010609265144369572,-0.2593206625433093,0.8823053633659803,0.2402486652135849,-0.4755173325538635,-0.06262199580669403,-0.04599216469687841,-0.031223354035631472,-0.04633991307273038
2067,1623510947.2878618,0.0,-0.024561680853366852,0.02746993489563465,0.003121841698884964,0.010123174101332039,-0.2602071589560314,0.8816696375235047,-0.12300651520490646,-0.2922918498516083,0.057752884924411774,-0.06328588475201975,-0.07987543759192874,-0.05983228139381029
2068,1623510947.2987647,0.0,-0.02527427114546299,0.02399805746972561,0.003497019410133362,0.009448891360812783,-0.2611620040902356,0.8814289547038787,0.022934718057513237,-0.43290677666664124,-0.025337740778923035,-0.06129848317714338,-0.09301772123785204,-0.047378369538073416
2069,1623510947.308,0.0,-0.025823261588811874,0.02125364914536476,0.003228329122066498,0.012268019477118752,-0.2611211201985597,0.8857718335928042,0.02932630479335785,-0.12184953689575195,-0.03492512181401253,-0.06419570022524482,-0.09722139430291898,-0.03781686836627851
2070,1623510947.3180718,0.0,-0.026488475501537323,0.01991931162774563,0.0026805847883224487,0.012680052976798,-0.2571486881369132,0.8864514338329956,0.28392452001571655,-0.2592686712741852,-0.04451250284910202,-0.06989730794746028,-0.10532451705718394,-0.03369047831117514
2071,1623510947.3840814,0.0,0.005286253988742828,-0.023480048403143883,0.011734191328287125,0.006706891615928162,-0.26403251609609585,0.8855605059605924,0.9646285176277161,-0.8835136294364929,0.49025022983551025,-0.5410235086153213,-0.3274287641222558,-0.0064067499056139334
2072,1623510947.3941677,0.0,0.014933452941477299,-0.03534506633877754,0.016904905438423157,0.004683188489546464,-0.26459164665912344,0.8853103701175651,1.3971258401870728,-1.2542256116867065,0.603168249130249,-0.6008941953504635,-0.30792932801320133,-0.035572998840575694
2073,1623510947.4042299,0.0,0.023262973874807358,-0.044213518500328064,0.02169785276055336,0.0038357877831098064,-0.26372624894389085,0.8856730577839474,-0.015414802357554436,-0.8728609681129456,0.4700102210044861,-0.15564380821958534,-0.006797926704266309,-0.0023823031063137674
2074,1623510947.4142518,0.0,0.031294744461774826,-0.053530726581811905,0.02579837664961815,0.002669391342531552,-0.2633455103188858,0.8861443364654062,1.3502541780471802,-1.3085541725158691,0.335786908864975,-0.10899750193233819,0.05611323269509582,0.03863770222139183
2075,1623510947.4240954,0.0,0.038484081625938416,-0.06278976798057556,0.029497746378183365,0.001563062965973791,-0.26314272740402234,0.8867420095705139,0.030391570180654526,-0.7269197702407837,0.41994279623031616,-0.11814767557670236,0.025023622770582093,0.05313776048755649
2076,1623510947.4341671,0.0,0.046565622091293335,-0.07379373908042908,0.03382577374577522,0.00017260284154899108,-0.26361830744165515,0.8874514867611969,0.7760766744613647,-1.1391770839691162,0.37413641810417175,-0.12642715780271058,-0.01170718909620352,0.06708372883710437
2077,1623510947.4437792,0.0,0.052505962550640106,-0.07952354103326797,0.037317100912332535,-0.00019941452037849916,-0.264179035287673,0.8880179246021574,0.46395421028137207,0.25418880581855774,0.3251342475414276,-0.10113104481086901,-0.033862723017292304,0.0681408872047198
2078,1623510947.4540575,0.0,0.04849991202354431,-0.07312579452991486,0.03887583687901497,0.0015272762718357355,-0.26118726583552554,0.8903919876473478,-0.6013102531433105,1.2864301204681396,-0.303371787071228,0.04896844175525082,0.09382274516836395,0.1397613186219351
2079,1623510947.4646704,0.0,0.0432475320994854,-0.0671364888548851,0.04085950180888176,0.0026513003176375713,-0.26052210864498954,0.8921608372486413,-0.5885270833969116,0.5886818766593933,0.41674700379371643,0.15828516085341163,0.20820858250214122,0.19768073989371454
2080,1623510947.4741063,0.0,0.036448102444410324,-0.06542865931987762,0.04621085897088051,0.0027018181864080573,-0.2657914748602915,0.8950754691025573,-0.6567040085792542,0.10398653149604797,0.4966418445110321,0.08497779742944862,-0.19195834179727492,0.2296940754930687
2081,1623510947.535882,0.0,0.0035997512750327587,-0.07431099563837051,0.05178152397274971,-0.002783981743167775,-0.2648625092184931,0.8971209477615498,-0.4457816481590271,0.15085816383361816,-0.2074979543685913,-0.24206184131272435,0.17008122302248227,0.2295443860284789
2082,1623510947.5454097,0.0,-0.0024266683030873537,-0.07294594496488571,0.049902740865945816,-0.002955458710326715,-0.2650786232167587,0.897077081435639,-0.34671205282211304,0.06989806890487671,-0.16808317601680756,-0.26899877932350696,0.44593352265072134,0.08179574520724806
2083,1623510947.555624,0.0,-0.006202764809131622,-0.0756295844912529,0.048803944140672684,-0.004185515169522355,-0.2667532147244521,0.8967035584305654,-0.23166348040103912,-0.5053447484970093,-0.057295676320791245,-0.06467989717909858,-0.08487958636597087,-0.017316983925072714
2084,1623510947.5653005,0.0,-0.009150530211627483,-0.08042753487825394,0.04701818898320198,-0.005995635130965491,-0.26797227672942414,0.8963474034742105,-0.765360951423645,-0.02597573772072792,-0.23945589363574982,-0.1483045803280793,-0.17108482518612703,-0.03922336726689687
2085,1623510947.5754247,0.0,-0.011849719099700451,-0.08153752237558365,0.043469082564115524,-0.006784940462462745,-0.26643758874215273,0.8956550260270405,-0.04204641282558441,0.058180153369903564,-0.4663572311401367,-0.14320996243467915,-0.00775789965337958,-0.04901528125383787
2086,1623510947.5854511,0.0,-0.013184085488319397,-0.08003467321395874,0.03975370153784752,-0.006760250970994232,-0.2669113841758862,0.8946505080873435,-0.03458956256508827,0.05604962632060051,-0.287392795085907,-0.04943157393145066,0.06674331575999176,-0.08322179967953408
2087,1623510947.5956662,0.0,-0.015015548095107079,-0.08018717169761658,0.037409644573926926,-0.007244480187680102,-0.26810531362868,0.8940953475830227,-0.23912033438682556,0.013439047150313854,-0.2309337705373764,-0.02159373916207286,-0.07569018428937464,-0.08371101238190576
2088,1623510947.60557,0.0,-0.01728683151304722,-0.08102548867464066,0.035102833062410355,-0.00792565037192778,-0.2692279147959491,0.8938510566355133,-0.1304633617401123,-0.1058705672621727,-0.23199903964996338,-0.056460600713648106,-0.1173759603209403,-0.043332514865315114
2089,1623510947.6156476,0.0,-0.019538793712854385,-0.08122675865888596,0.033201102167367935,-0.008428537256910583,-0.2696776928157564,0.8935476023689531,-0.30410146713256836,0.1210307627916336,-0.19684530794620514,-0.06313919260596079,-0.08659096322002803,-0.02736749993300313
2090,1623510947.6255167,0.0,-0.020652398467063904,-0.08156605064868927,0.03172098472714424,-0.008902687318810339,-0.2709268512849976,0.8930858364740064,0.026130512356758118,0.07842018455266953,-0.13186419010162354,-0.050738479859354486,-0.08728489258083524,-0.036858249673430044
2091,1623510947.686441,0.0,-0.024351879954338074,-0.07158231735229492,0.02889271080493927,-0.011702800393126614,-0.27771932557495194,0.9047754792375661,0.663158655166626,-0.016388356685638428,0.07905817776918411,0.021633567013902722,-0.09512570289459248,-0.013210122389584217
2092,1623510947.695979,0.0,-0.023405011743307114,-0.0708465650677681,0.029709093272686005,-0.012258070410584132,-0.27878392812799974,0.9048986142925336,-1.533416748046875,0.9881560206413269,0.24843522906303406,0.059172935241227735,-0.09095049935018938,0.027779038810362068
2093,1623510947.706291,0.0,-0.021517887711524963,-0.06698741763830185,0.02963104471564293,-0.01230212135377294,-0.28169446281162547,0.9049028353304964,-0.3211456835269928,0.5609849691390991,-0.23626010119915009,-0.017031080518583746,-0.21014626173352713,0.006971468796145763
2094,1623510947.7169447,0.0,-0.018878575414419174,-0.06244276463985443,0.027600575238466263,-0.011888984133278754,-0.28241644686341055,0.9045363264294497,-0.1304633617401123,0.15938027203083038,-0.035990387201309204,0.02527770472650809,-0.17817499894465552,-0.015223735789410069
2095,1623510947.726084,0.0,-0.015330680646002293,-0.05907453969120979,0.025033697485923767,-0.012093870463006473,-0.28272358596726754,0.9042767415994453,0.6599628925323486,-0.049411557614803314,-0.340656042098999,0.02551938292037192,-0.05136591253482857,-0.03141401779129049
2096,1623510947.736066,0.0,-0.009752555750310421,-0.05449792742729187,0.019954174757003784,-0.012137397827364983,-0.28233023021661896,0.9040547375237605,0.45543208718299866,1.0201139450073242,-0.6463869214057922,-0.014418736009311109,-0.001894779838760907,-0.028090992019689426
2097,1623510947.7463193,0.0,-0.0008768830448389053,-0.049964435398578644,0.012648284435272217,-0.011248777000285204,-0.283807082308505,0.9041968151447076,0.2967076897621155,0.8997390866279602,-0.6005805730819702,0.031848939873982705,-0.034918685463322656,-0.0062245043018845855
2098,1623510947.756586,0.0,0.0030043728183954954,-0.04088912159204483,0.007039573043584824,-0.009857028885091733,-0.28306062495992235,0.9047600392666734,0.17739807069301605,1.1138572692871094,-0.7625007629394531,0.10858979773095735,-0.020685895423743533,0.031135595346817122
2099,1623510947.7664244,0.0,0.00954113993793726,-0.034419767558574677,0.002277929335832596,-0.009826712189095026,-0.2824674681780523,0.9051523904044176,1.4077785015106201,0.213708758354187,-0.4216161370277405,0.09154551053477225,0.08882202676863056,0.05365973891446115
2100,1623510947.776133,0.0,0.011618336662650108,-0.026783589273691177,-0.0019271411001682281,-0.009000371322019134,-0.2807963875075302,0.9057377317746989,0.38618990778923035,0.42995744943618774,-0.2959149181842804,0.06343015861925189,0.11853526540602109,0.0548646268332212
2101,1623510947.8397226,0.0,0.0006916581187397242,-0.01462620124220848,-0.020915567874908447,-0.008874829656445989,-0.2790956070511563,0.9060662186687969,-0.6886619329452515,2.0480940341949463,0.035382334142923355,0.13682215839219436,0.2380539871651485,0.048152294718568446
2102,1623510947.8499517,0.0,-0.0021957934368401766,-0.009710877202451229,-0.020693376660346985,-0.007909052499372498,-0.2784434966336984,0.9058443401575929,0.4256047010421753,0.34686681628227234,0.13232140243053436,0.18733739963689316,0.2273902074511775,0.01219031280964177
2103,1623510947.8599145,0.0,-0.008409743197262287,-0.011029538698494434,-0.015524596907198429,-0.008544257862531032,-0.2777960945216684,0.9056710912629344,-1.2500563859939575,-0.07497789710760117,-0.23199903964996338,0.0538743432219576,0.0714586100648248,-0.021897934248123793
2104,1623510947.8697317,0.0,-0.015086724422872066,-0.014362280257046223,-0.02444545552134514,-0.009863254993347781,-0.27691942517325135,0.9057582006822786,-0.5512428283691406,-0.6853744387626648,-0.8072418570518494,-0.08333927215673846,0.06703038801448144,-0.009162525382074516
2105,1623510947.8808951,0.0,-0.017747804522514343,-0.01907794550061226,-0.02882164716720581,-0.011492496391743188,-0.27709254004360717,0.9057501176042719,-0.17840026319026947,-0.5309110879898071,-0.3651571273803711,-0.14682502450062243,0.03899369922530097,0.00332808818695519
2106,1623510947.8898144,0.0,-0.020376013591885567,-0.019989918917417526,-0.030972741544246674,-0.01201264613956319,-0.2762909527160978,0.9055336111062401,0.10389481484889984,0.6185092329978943,-0.19791057705879211,-0.1325608320102429,0.04501833333973891,-0.008501667024106981
2107,1623510947.8999498,0.0,-0.024690479040145874,-0.01132931374013424,-0.03339575231075287,-0.009662199674124326,-0.27512341167662385,0.9050564990623751,-0.17094340920448303,0.7569936513900757,-0.10310204327106476,0.06223248422437593,0.10162737748370204,-0.028488832997262847
2108,1623510947.9104536,0.0,-0.026900973170995712,-0.0048945085145533085,-0.03399061784148216,-0.007858766209910724,-0.2752246198199046,0.9043828543299157,-0.12939809262752533,0.9263706803321838,0.0034243990667164326,0.20490790279170595,0.05360286179054448,-0.05582935314440638
2109,1623510947.919689,0.0,-0.031612616032361984,0.000973483722191304,-0.03266189992427826,-0.006266796946098135,-0.2753584072480077,0.9040034591676968,-0.25722983479499817,0.2190350890159607,0.24097837507724762,0.18543749161685055,-0.006489771524547284,-0.056811543654305574
2110,1623510947.9296265,0.0,-0.0329924151301384,-0.0016945742536336184,-0.028203396126627922,-0.007064155559116235,-0.27641543331106055,0.9034865575716121,0.06767582148313522,-0.45953837037086487,0.6127556562423706,0.06912107661179444,-0.054001145962766645,-0.044478532111939265
2111,1623510947.999061,0.0,-0.0360528826713562,0.004436090122908354,-0.014821389690041542,-0.005802340045325295,-0.2828109403619996,0.9000921342046835,-0.0985054299235344,0.1167697012424469,0.23991310596466064,0.06244793363584729,-0.08113766547618544,-0.04406020358748704
2112,1623510948.0089667,0.0,-0.03650614991784096,0.0054402705281972885,-0.015429668128490448,-0.002019150732800415,-0.28153906407980217,0.8991462407367281,0.07939372956752777,0.11250864714384079,-0.19045372307300568,0.06355354022547743,-0.08445433385471068,-0.036116306107646955
2113,1623510948.018853,0.0,-0.037215229123830795,0.0063931941986083984,-0.017016705125570297,-0.0016431795522576925,-0.2764993599806603,0.900221165098851,0.09963375329971313,-0.1197190061211586,-0.14677788317203522,0.06286181944588842,-0.09091122191742687,-0.028725138556774027
2114,1623510948.0289977,0.0,-0.03633363917469978,0.004409669898450375,-0.018079811707139015,-0.0019347814507696126,-0.27750810580453866,0.9015333551789644,-0.4361942708492279,-0.003605184145271778,-0.3193507492542267,0.01878975066985683,0.04223675390042989,0.06443475842050252
2115,1623510948.0388558,0.0,-0.03315339609980583,0.0012617812026292086,-0.020534947514533997,-0.0026780293956447654,-0.27998420512344846,0.9017333987781166,1.425887942314148,-1.1711350679397583,0.03325180336833,-0.03256159257879869,-0.10373157734179791,0.07597065381187912
2116,1623510948.0494597,0.0,-0.03371149301528931,-0.0006976453587412834,-0.02086484432220459,-0.0028791733619834975,-0.27976149854381654,0.901929026168679,0.3105561137199402,-0.3040097653865814,-0.09031887352466583,-0.06268926510585296,-0.10020358367579478,0.0269706324181702
2117,1623510948.0589252,0.0,-0.02913617715239525,-0.005669167265295982,-0.01952054351568222,-0.0034292746189591716,-0.28177317579198913,0.9020538650204633,0.12306957691907883,0.13700972497463226,0.2835889458656311,-0.0640900244500631,-0.1295406159786092,0.017510417651223183
2118,1623510948.0691247,0.0,-0.023793291300535202,-0.005235778167843819,-0.018274739384651184,-0.0026545567170759288,-0.2830050019564287,0.901701870084543,-0.14537706971168518,0.4778943359851837,-0.01255456730723381,0.004676095106890283,-0.1709385725185826,-0.008952700527420566
2119,1623510948.0788789,0.0,-0.01693190261721611,-0.00607197405770421,-0.01402304321527481,-0.001985713594559707,-0.2829399082549966,0.9011195435966073,0.28392452001571655,-0.5586079955101013,0.5701450705528259,0.08281471804569701,-0.051101468751913334,-0.04825561440499336
2120,1623510948.0889049,0.0,-0.01110006682574749,-0.007090186700224876,-0.009562484920024872,-0.0018000627548967613,-0.2832260502577395,0.9011706651333216,0.45117104053497314,-0.25287705659866333,0.48492392897605896,0.04514490755289462,-0.012108164677244087,-0.02549122963414503
2121,1623510948.154915,0.0,0.010482165031135082,-0.027088293805718422,0.019509579986333847,-0.006076226116931968,-0.28237643419293723,0.9061325426754956,0.2913813591003418,-0.03343259170651436,0.47746706008911133,-0.3317264534048911,-0.28196792043755897,0.1767465390997879
2122,1623510948.1647842,0.0,0.008320811204612255,-0.022004110738635063,0.023117564618587494,-0.00474286722708786,-0.2810874001771276,0.9092563337684955,0.04424000903964043,0.5322228074073792,0.1397782564163208,-0.26378959850137823,-0.16747000635499631,0.3454642980525824
2123,1623510948.174809,0.0,0.0021427078172564507,-0.00955938920378685,0.025590229779481888,-0.0014044496424853656,-0.28518081892052494,0.9114906724087778,-0.7323377728462219,1.4515460729599,0.3112858235836029,0.21120584363181233,-0.1030073556147726,0.2948726526579071
2124,1623510948.1854672,0.0,0.0001775279379216954,-0.004914113320410252,0.028739042580127716,-0.00027054468248690483,-0.287547764370123,0.9119350130047,0.01867366023361683,-0.17617803812026978,0.3762669563293457,0.24722889227486491,-0.33229703036602826,0.15915545475738616
2125,1623510948.1950889,0.0,-0.003096180036664009,-0.006108405068516731,0.03647111728787422,-0.0007453290498862855,-0.2859806663191363,0.9111106599498837,-0.4969143271446228,-0.07497789710760117,1.119821548461914,0.06613784278910606,-0.09393680708176777,0.003282147520378417
2126,1623510948.2048018,0.0,-0.00788094848394394,-0.01184562686830759,0.04387587681412697,-0.0025084765953661547,-0.28379256480531645,0.9103753004575258,0.1379832774400711,-1.0965665578842163,-0.14038629829883575,-0.09594799543279425,0.1830885156527377,-0.08043522776531953
2127,1623510948.2148926,0.0,-0.010321848094463348,-0.021383054554462433,0.038395289331674576,-0.0051583157390604276,-0.28449594475260775,0.9106366034589051,-0.6993145942687988,-0.9953663945198059,-0.44611722230911255,-0.2132965864220095,0.09713221851533674,-0.03611279234059925
2128,1623510948.22521,0.0,-0.015164442360401154,-0.02387062832713127,0.033165860921144485,-0.005924265702440562,-0.2856077239197873,0.910971065133044,-0.5821354985237122,0.565246045589447,-0.7763491868972778,-0.2033185545608405,-0.0903015202650573,0.024527753273997963
2129,1623510948.2349944,0.0,-0.02002907730638981,-0.0193198099732399,0.029333986341953278,-0.004737064392226861,-0.2842543201192698,0.9105762495786072,-0.3861268162727356,0.5354186296463013,0.26760998368263245,0.002921935302794087,-0.001498234290918183,0.00248741409228068
2130,1623510948.2449234,0.0,-0.026240386068820953,-0.006668036337941885,0.02976725623011589,-0.0012083736456619046,-0.2832359321219338,0.909824694040447,-0.6588345170021057,1.07870352268219,0.10355926305055618,0.2543130013628193,0.11447819609148627,-0.05204834233105586
2131,1623510948.306797,0.0,-0.03864173963665962,-0.02019055001437664,0.019430220127105713,-0.004403739388722884,-0.2849277153456248,0.9072813569482654,0.1571580469608307,-0.041954707354307175,-0.11588521301746368,0.03363569548131766,0.14513984823548715,-0.050651761436308375
2132,1623510948.3169,0.0,-0.038365647196769714,-0.01879250258207321,0.018269985914230347,-0.004095503055606568,-0.2862743047968376,0.9072206104205084,-0.08678752183914185,0.10824758559465408,-0.039186179637908936,-0.14900008055651145,0.022502032744216475,-0.015577335849813431
2133,1623510948.3267262,0.0,-0.0393185168504715,-0.019432449713349342,0.0188097283244133,-0.004416710844929832,-0.2869462199068976,0.90694664658417,0.07300214469432831,-0.024910472333431244,-0.035990387201309204,0.0017892384154966792,-0.10991140285686755,-0.014180541429898826
2134,1623510948.336651,0.0,-0.03988524526357651,-0.016045011579990387,0.016967028379440308,-0.003621753855872663,-0.2872349770349353,0.9061897854136243,-0.036720093339681625,0.4725680351257324,-0.23626010119915009,0.018672211842468985,-0.05255494345672353,-0.04826008019033047
2135,1623510948.346819,0.0,-0.04080604389309883,-0.009744691662490368,0.015064910054206848,-0.001973711133486891,-0.2879952506019654,0.905770167482159,0.11135166138410568,0.5567238926887512,-0.049838822335004807,0.11365828502014341,-0.04639987064110662,-0.06361095222739384
2136,1623510948.356561,0.0,-0.04054475575685501,-0.007139832247048616,0.01567022129893303,-0.005482145073511843,-0.2961531635219551,0.9172766432701147,0.045305270701646805,0.03900539502501488,0.18558461964130402,0.1334340288739126,-0.10939675623889081,-0.03436788755377813
2137,1623510948.3668313,0.0,-0.04129447042942047,-0.008703906089067459,0.01831754297018051,-0.006444770912723594,-0.29509711575259523,0.9175384379632908,-0.026067446917295456,-0.21346229314804077,0.2708057761192322,0.13409648407462443,-0.12070479462763482,-0.031493968357841
2138,1623510948.3768175,0.0,-0.038902200758457184,-0.011310341767966747,0.02047736942768097,-0.008179526187950203,-0.29358660159795835,0.9185509734221742,0.13265696167945862,-0.24861600995063782,0.22073835134506226,0.1091713888746593,-0.10640815485458839,-0.01942765835374776
2139,1623510948.3866239,0.0,-0.03892925754189491,-0.009817510843276978,0.020435746759176254,-0.008787981533317724,-0.2949199062257638,0.9190446402184624,0.5246742963790894,-0.046215761452913284,-0.06794831901788712,-0.0802947557568738,0.01509198654479329,0.059744924328727786
2140,1623510948.3969653,0.0,-0.03545138239860535,-0.008462319150567055,0.01886996254324913,-0.008141690399604287,-0.2964668769988401,0.9194167402010298,-0.357364684343338,0.6802945733070374,-0.1616915911436081,-0.020277087693872282,-0.1506553415815888,0.04853367708112219
2141,1623510948.4628153,0.0,0.004203618969768286,-0.007701661437749863,0.005458727478981018,-0.004723269102349284,-0.2998006222076255,0.9194946318918149,0.2359876185655594,0.6280966401100159,-0.2628917396068573,0.05832757437046107,-0.7007322066308398,0.0897964703925528
2142,1623510948.4730601,0.0,0.012416551820933819,-0.007606541737914085,0.0023590847849845886,-0.005472795937538924,-0.29984332541229763,0.920332598232874,0.6365270614624023,0.6451408863067627,-0.3939192593097687,0.007622909934249563,-0.48576088362740993,0.10384366684054536
2143,1623510948.4829307,0.0,0.019176306203007698,-0.0020288685336709023,-0.0013260003179311752,-0.004890354957760218,-0.2992278020338873,0.9207923019770696,0.8144261837005615,0.44274061918258667,-0.41948559880256653,-0.005369067999339917,0.023706838181728758,0.07441216197250626
2144,1623510948.4929566,0.0,0.025328174233436584,0.0010856454027816653,-0.004229722544550896,-0.00396810427562283,-0.2986645104400015,0.9214433719178802,0.2359876185655594,-0.22411492466926575,-0.053034618496894836,0.0821215756277378,0.06962069990193948,0.0549016900183155
2145,1623510948.5029287,0.0,0.024195970967411995,-0.0028557279147207737,-0.0037525221705436707,-0.0051581167297386835,-0.2970961212582448,0.9226406713486943,-0.5096974968910217,-1.0710002183914185,0.14723511040210724,0.0172699446769288,0.08790807962780763,0.08316859061709701
2146,1623510948.512754,0.0,0.018508974462747574,-0.010693625546991825,-0.007855629548430443,-0.007435208966444007,-0.29324018003839536,0.9247001203314762,-0.8782790303230286,-0.8206630349159241,-0.610167920589447,-0.1624916287506687,0.25803055612372905,0.16217126366817952
2147,1623510948.5228505,0.0,0.01513585727661848,-0.007066396996378899,-0.01390218734741211,-0.006278189073532517,-0.2977442313534512,0.9255390324151278,-1.3310164213180542,1.1064003705978394,-0.5430562496185303,-0.09434021704259324,0.06750916543642477,0.1462662811255768
2148,1623510948.5331755,0.0,0.008658991195261478,-0.0006954791606403887,-0.016475562006235123,-0.0044146646427131175,-0.3009694978971482,0.9270892424160593,0.1475706696510315,0.6632503867149353,0.10462452471256256,0.1386579488796296,-0.3416210681923957,0.11540298874123614
2149,1623510948.5426946,0.0,0.0074096317403018475,0.013050489127635956,-0.018442325294017792,-0.0005099423359135186,-0.3021742074509929,0.9284857772877251,-0.7600346803665161,0.6930777430534363,-0.21602007746696472,0.31685416498451774,-0.2719620622408119,0.15282936741491518
2150,1623510948.552886,0.0,0.002765607088804245,0.01810707151889801,-0.018973333761096,0.0010170008866823288,-0.3013918349749237,0.9293728662681813,-0.29984042048454285,0.14553183317184448,0.48172813653945923,0.30859593927651513,-0.0559229624995654,0.12946972118358333
2151,1623510948.619663,0.0,-0.029346348717808723,-0.008468296378850937,-0.019834456965327263,-0.0047226330510244385,-0.3002711339171851,0.9307898968042008,-0.04524220898747444,-0.3785782754421234,0.6127556562423706,-0.22960912992772162,0.41233624277943204,0.05761937906285801
2152,1623510948.6290298,0.0,-0.031920917332172394,-0.011776847764849663,-0.013867339119315147,-0.005658953630179965,-0.3020026541970589,0.9306231197129131,-0.21781504154205322,-0.1708517074584961,0.20688991248607635,-0.3828208484860149,0.3123244487075005,-0.0034676827424173166
2153,1623510948.6391585,0.0,-0.03562142327427864,-0.012592729181051254,-0.016400713473558426,-0.005886636197713811,-0.30366515008250505,0.9308575734559965,0.03358736261725426,-0.13143692910671234,-0.35770025849342346,-0.07225110866429404,-0.15897322384425405,0.0014759194769698436
2154,1623510948.649111,0.0,-0.03718838095664978,-0.008881984278559685,-0.01974938064813614,-0.004958139519817287,-0.30458450559106043,0.930696402296651,-0.20290134847164154,0.8219747543334961,-0.3736792206764221,0.014059725869763213,-0.14915695716315525,0.005212592939955953
2155,1623510948.6592102,0.0,-0.039652131497859955,-0.0010741373989731073,-0.022141270339488983,-0.0028198276370412223,-0.3039752746606807,0.9296112249181891,-0.05376432463526726,0.5588544607162476,-0.04770829528570175,0.14381096916727443,-0.03251488082026019,-0.05926856253543172
2156,1623510948.6690629,0.0,-0.04105978086590767,0.002388566732406616,-0.020254280418157578,-0.0018362692144775344,-0.30519115562040705,0.9288789231558299,-0.006892687175422907,0.10079073160886765,0.38478904962539673,0.17301954173449755,-0.03226249046521667,-0.09890134958524108
2157,1623510948.6796544,0.0,-0.04165218770503998,-0.0009316302021034062,-0.015091247856616974,-0.0028101830378358256,-0.30666339903411105,0.9286670213532036,0.32546982169151306,-0.7642040252685547,0.6297999024391174,0.030308988526618567,-0.1362191711118581,-0.06054526951976564
2158,1623510948.6891687,0.0,-0.04234931990504265,-0.007611213251948357,-0.007909975945949554,-0.004733481440990769,-0.3078952315100335,0.9282571983720015,-0.015414802357554436,-0.8291851282119751,0.6660189032554626,-0.13018534392370623,-0.1423315687322717,-0.031973910667279795
2159,1623510948.6990347,0.0,-0.04206063598394394,-0.01353717315942049,-0.0034990254789590836,-0.006472306389641219,-0.30922021603978106,0.9279212102376931,0.1656801551580429,-0.2688560485839844,0.05455709248781204,-0.19352078473714993,-0.13489219229865076,-0.037548826539531795
2160,1623510948.7093918,0.0,-0.04198722168803215,-0.013659697026014328,-0.0061080679297447205,-0.003970491159529077,-0.30666351525022684,0.9309674171653634,0.0016294285887852311,0.2744288444519043,-0.45570459961891174,-0.15449811485965365,-0.1265574178318095,-0.03888169863982724
2161,1623510948.7778485,0.0,-0.013178628869354725,-0.02889414131641388,-0.005961388349533081,-0.005670491518533355,-0.31284414258946147,0.9314079072920984,0.8602325916290283,-0.6800481081008911,0.4263343811035156,-0.14647951947170493,-0.205652704635791,-0.021834212088415014
2162,1623510948.787815,0.0,-0.0014729307731613517,-0.036760877817869186,-0.0031129159033298492,-0.007092785495378534,-0.314375168826508,0.930495364545732,1.0999170541763306,-0.6811133623123169,0.18345409631729126,-0.21974072004292633,-0.3070197973110136,-0.06983660646384658
2163,1623510948.7976377,0.0,0.00849810242652893,-0.04474251717329025,-0.0007077381014823914,-0.008307437334424558,-0.31512246690156354,0.9303801246038259,1.1499844789505005,-1.160482406616211,0.29637211561203003,-0.1296632419017409,-0.11605354806872699,-0.05714171497590472
2164,1623510948.8075876,0.0,0.019005177542567253,-0.0541653148829937,0.0016451738774776459,-0.00975271919109795,-0.3155492836891225,0.9306159826765008,1.3790162801742554,-1.1690045595169067,0.3123510777950287,-0.14151968445964033,-0.07212710851509235,0.0005520844280249447
2165,1623510948.8180263,0.0,0.027974888682365417,-0.06583098322153091,0.004190720617771149,-0.011925381498345308,-0.31579478098451597,0.9307875700983015,0.7068344950675964,-1.1668739318847656,0.17812778055667877,-0.18716656781391466,-0.04060484620989712,0.020165348906861644
2166,1623510948.8277109,0.0,0.03712507709860802,-0.07558809965848923,0.006636831909418106,-0.013275771561230429,-0.316036528713186,0.9312691864294045,0.6077648997306824,-0.849425196647644,0.33259111642837524,-0.18468769886633324,-0.027338054643598293,0.033685285443107754
2167,1623510948.837806,0.0,0.044102102518081665,-0.08475146442651749,0.00944012776017189,-0.014408854632815937,-0.3165827165819072,0.9320840665837535,0.5278700590133667,-0.9687348008155823,0.35496166348457336,-0.13170085460362146,-0.03403609912024075,0.06441303818180355
2168,1623510948.8477306,0.0,0.050540585070848465,-0.09410412609577179,0.011476948857307434,-0.015888808207227004,-0.3172818131898599,0.9324596999092807,0.46075841784477234,-0.359403520822525,0.09716767072677612,-0.1322859857039342,-0.055421868635615816,0.06662141039259038
2169,1623510948.8577561,0.0,0.051197536289691925,-0.09040585160255432,0.011369291692972183,-0.013831587596911173,-0.31629047699448065,0.934535090315225,0.08685058355331421,0.5918776392936707,-0.19684530794620514,-0.00294879191307523,0.00719944382811683,0.114918245825337
2170,1623510948.867896,0.0,0.047267116606235504,-0.08280599117279053,0.012305807322263718,-0.012134697440258725,-0.3140467669244578,0.935874529300328,-0.20822766423225403,0.6206398010253906,0.30915528535842896,0.17818027240291173,0.16265541188099641,0.17884312841473887
2171,1623510948.9340672,0.0,-0.002776068402454257,-0.09368479251861572,0.03512761369347572,-0.0176377847593314,-0.32686325623483803,0.9429732591812677,-0.8356684446334839,0.17429398000240326,-0.25969594717025757,-0.09951005736191738,0.7246240071809685,0.16899164192722474
2172,1623510948.944096,0.0,-0.011292239651083946,-0.09409589320421219,0.03395793214440346,-0.018161538286752064,-0.3288240736008251,0.9437501988044923,-0.6556387543678284,-0.10693583637475967,-0.06794831901788712,-0.22534860310221477,0.5347146441139564,0.12920216824041386
2173,1623510948.9539917,0.0,-0.022662270814180374,-0.09385594725608826,0.033824462443590164,-0.01850118470754193,-0.3300668156895918,0.9440785272312168,-0.7994494438171387,-0.11758847534656525,0.04390444979071617,-0.044001540158046346,-0.158444341054098,0.06139658659602843
2174,1623510948.964019,0.0,-0.029219020158052444,-0.0974125787615776,0.034592729061841965,-0.01988217413875315,-0.33064728024159656,0.9434537147681712,-0.4820006191730499,-0.3040097653865814,0.05562235787510872,-0.0800956573602087,-0.12317972096925135,-0.006095517440260479
2175,1623510948.9747825,0.0,-0.034458134323358536,-0.09833570569753647,0.034260328859090805,-0.020506192130359306,-0.3297695620429893,0.9423898965645671,-0.07080855965614319,-0.18256962299346924,-0.18086634576320648,-0.10239561051355232,0.010831409053137581,-0.07502531283622205
2176,1623510948.9842503,0.0,-0.03682110458612442,-0.10010629892349243,0.0326739139854908,-0.021354886718654556,-0.3308549520116305,0.9418371412461712,-0.09104858338832855,-0.1378285139799118,-0.18725793063640594,-0.07734958758699353,0.00767122768593883,-0.08278298193548114
2177,1623510948.9938538,0.0,-0.03729589655995369,-0.10276120901107788,0.030292220413684845,-0.02242293820202758,-0.33313393156906024,0.941900374428362,0.151831716299057,-0.32638031244277954,-0.2682180404663086,-0.09721822417837722,-0.1568044375403477,-0.03657028199420537
2178,1623510949.0040362,0.0,-0.0375378280878067,-0.10415078699588776,0.027294915169477463,-0.023185029264618497,-0.33513778174735626,0.9417722696624371,-0.0654822364449501,0.07096333056688309,-0.287392795085907,-0.0977914869317556,-0.22381201960919744,-0.004796019322562366
2179,1623510949.0141633,0.0,-0.03755885735154152,-0.1034063994884491,0.02467363327741623,-0.02328882497012518,-0.3368520235208453,0.9413882834215579,0.11241693049669266,0.09120335429906845,-0.2543696165084839,-0.04991897082827318,-0.18900698644714065,-0.022773812131719733
2180,1623510949.023882,0.0,-0.036967258900403976,-0.10199378430843353,0.022434089332818985,-0.023279836076245466,-0.3389521325813043,0.9410184147178371,0.14863592386245728,0.12316128611564636,-0.21069374680519104,-0.00476535911586767,-0.18436021622171964,-0.03564641787456478
2181,1623510949.089213,0.0,-0.03458668664097786,-0.09822259843349457,0.01432306319475174,-0.027468609553914683,-0.3519333274100227,0.9519350588791247,-0.5523080825805664,0.5205049514770508,-0.10416730493307114,0.013360396800454847,-0.23077806320046695,-0.024274375928242272
2182,1623510949.0996883,0.0,-0.029902854934334755,-0.09878487139940262,0.01513836532831192,-0.028161467659747905,-0.35482287986939387,0.9521318681971903,0.19124650955200195,-0.03449785336852074,0.0843845009803772,-0.012091014175010878,-0.26834735636631163,0.008074422730885801
2183,1623510949.1094542,0.0,-0.030024519190192223,-0.09580662101507187,0.017167724668979645,-0.02779770541212799,-0.35770832285652937,0.9521560505917526,-0.2838614284992218,0.6302271485328674,0.03857812657952309,-0.007637438702252135,-0.28505094233584105,0.011314917048607053
2184,1623510949.119247,0.0,-0.024322370067238808,-0.09075242280960083,0.013981703668832779,-0.02704522569978711,-0.3605006429564076,0.9518997595655863,0.08472005277872086,0.4565890431404114,-0.2863275408744812,0.057278443301212345,-0.30544235210823634,-0.009036217458133784
2185,1623510949.1296914,0.0,-0.020982792600989342,-0.08436247706413269,0.011258341372013092,-0.026239066108677225,-0.3612951921745545,0.9514057489181452,0.19550755620002747,0.40652161836624146,-0.14145156741142273,0.09080804473391377,-0.18463349032981777,-0.03411808816708505
2186,1623510949.139155,0.0,-0.0144957872107625,-0.07874374836683273,0.007749099284410477,-0.025903842078974504,-0.3622177935568699,0.9510750660232612,0.5204132199287415,0.8283663392066956,-0.276740163564682,0.05112279556682832,-0.10089812404116058,-0.045376920011859806
2187,1623510949.1493173,0.0,-0.007309608161449432,-0.0697954073548317,0.00493987649679184,-0.024861271734298765,-0.3636693551376089,0.9512473525734078,0.3062950670719147,1.5697903633117676,-0.3875276744365692,0.04579865338753503,-0.12908323048127168,-0.012975959942514033
2188,1623510949.159457,0.0,0.0004111700691282749,-0.059949249029159546,0.0015980973839759827,-0.02365408684913102,-0.3643316776545527,0.9515738659787033,1.0125653743743896,0.6898819804191589,-0.22028113901615143,0.11289911649865843,-0.10423928399935596,0.026928453282599792
2189,1623510949.1693237,0.0,0.005052989348769188,-0.050065554678440094,0.00013656169176101685,-0.022265325403142744,-0.3642471657234717,0.952148359162094,0.5289353132247925,0.938088595867157,-0.060491468757390976,0.13647523761550132,-0.025229923765281197,0.04711917085721105
2190,1623510949.1792498,0.0,0.011056815274059772,-0.042085859924554825,-0.0012507345527410507,-0.02153802231054526,-0.3647056372993588,0.952797273342137,0.4799331724643707,1.0105265378952026,-0.24371695518493652,0.10981391791788728,-0.014683247271690162,0.06337972574278986
2191,1623510949.245177,0.0,0.00934795755892992,-0.025198809802532196,-0.015146777033805847,-0.020297741989181377,-0.3696237062337708,0.9540951625994951,-0.996523380279541,1.9831130504608154,0.14723511040210724,0.187865546813401,-0.10207603183916229,0.10088925099357662
2192,1623510949.255115,0.0,0.001978348009288311,-0.006915162783116102,-0.01574561931192875,-0.015524419253141727,-0.36779144351586235,0.9535043658152714,-0.7142282724380493,1.431306004524231,-0.04025144502520561,0.405386767475498,-0.003831871885837932,0.05913061292641365
2193,1623510949.2650545,0.0,-0.0014309759717434645,-0.0024879383854568005,-0.016176603734493256,-0.01434363265422383,-0.3661366558001552,0.9518227707271489,0.4011036157608032,0.04646224528551102,0.2558920681476593,0.33653789921765864,0.17050877325671038,-0.09356305181648449
2194,1623510949.2749739,0.0,-0.004919868893921375,-0.006810355931520462,-0.008518198505043983,-0.015461713908050019,-0.3665159501466486,0.9512809957192527,-0.7216851115226746,-0.6267849206924438,0.23458679020404816,0.032722521058855675,0.08471646320784369,-0.11991911428740236
2195,1623510949.285466,0.0,-0.010335183702409267,-0.015245277434587479,-0.01718924567103386,-0.017994943775234896,-0.36839103370261356,0.9521911120073057,-0.34564676880836487,-0.8771220445632935,-0.9308125376701355,-0.1714769110631372,-0.09975955229529401,0.00132474184403142
2196,1623510949.295026,0.0,-0.013884068466722965,-0.018773647025227547,-0.024805327877402306,-0.01914050969394583,-0.3690337325671935,0.952779924750636,-0.5736133456230164,0.032613806426525116,-0.7529133558273315,-0.2022619541673948,-0.15230176659539504,0.07182939555262188
2197,1623510949.3050444,0.0,-0.016961142420768738,-0.008010942488908768,-0.028792744502425194,-0.016158351326018894,-0.36948670428416613,0.9522516805629946,-1.3129069805145264,2.2504944801330566,-0.02320721372961998,0.040114278942587074,-0.08086654010394638,0.012432244796055278
2198,1623510949.3150728,0.0,-0.02271112985908985,0.006338545121252537,-0.02807367779314518,-0.0119032776010864,-0.3679437367335335,0.9515231208829417,0.3734067380428314,0.9689812660217285,0.10142873227596283,0.3684645415452733,0.0771139209017712,-0.05672885511978079
2199,1623510949.325055,0.0,-0.024997971951961517,0.017567291855812073,-0.025310426950454712,-0.008371638519928656,-0.36866493385196647,0.9505848458354034,-0.6407250165939331,1.0510066747665405,0.4508354663848877,0.4196594982348511,0.06603089708246489,-0.08040806077425143
2200,1623510949.3360212,0.0,-0.028499489650130272,0.01962425746023655,-0.01840728148818016,-0.007503170386121104,-0.3704081377550313,0.9504918051427245,-0.005827422719448805,-0.2123970240354538,0.9824024438858032,0.25025616526379596,-0.1088628936270508,-0.061886130433543886
2201,1623510949.4027073,0.0,-0.032143715769052505,0.015673784539103508,-0.008559035137295723,-0.005988160896992174,-0.37943130837250016,0.9489493985957035,0.2029644101858139,-0.3295761048793793,-0.39924558997154236,0.05167723496669139,-0.08692440037802258,-0.013823133681780347
2202,1623510949.4121869,0.0,-0.03112667426466942,0.013767180033028126,-0.014669962227344513,-0.001930537692392112,-0.3779192205200635,0.9475614777086683,0.0176083967089653,-0.06645578145980835,-0.5835363268852234,-0.03739204175903523,-0.09787900994308701,-0.005774664170800982
2203,1623510949.4224958,0.0,-0.03161310777068138,0.014741611666977406,-0.017413582652807236,-0.0011555854833348866,-0.37753991860902986,0.9482224754142419,0.09430743008852005,-0.03449785336852074,-0.06262199580669403,-0.05566481910098229,-0.10019714803468034,0.00011079096623339661
2204,1623510949.4326115,0.0,-0.029266607016324997,0.01360379159450531,-0.016784243285655975,7.053504065752947e-05,-0.3760635059960439,0.9495724822686482,0.2402486652135849,0.20199085772037506,-0.0200114194303751,-0.05938238380939197,-0.0896975919335062,0.015461227148133562
2205,1623510949.442872,0.0,-0.03231877088546753,0.02029475010931492,-0.018313663080334663,0.002866584978940434,-0.37789420166030685,0.9499964168807046,0.4170825779438019,0.3074520230293274,-0.138255774974823,0.15161254778610078,-0.02685409119698025,0.08226809213580348
2206,1623510949.452787,0.0,-0.030629776418209076,0.018552733585238457,-0.016853829845786095,0.003011571079844566,-0.3784541743085461,0.9502412259444253,0.2668802738189697,-0.31679293513298035,0.3038289546966553,0.1523999295665102,-0.11957940932212784,0.04026805814438513
2207,1623510949.4626296,0.0,-0.027983250096440315,0.011447270400822163,-0.015185615047812462,0.001312041926385843,-0.37995198035095074,0.9501650205843771,-0.06441696733236313,-0.47445207834243774,0.08012343943119049,-0.05326420096469063,-0.11081530185160736,0.0068963293177377
2208,1623510949.4725502,0.0,-0.02100086398422718,0.0063851214945316315,-0.013408659026026726,2.498244125080651e-05,-0.3820892956322189,0.9502405821819938,0.7739461660385132,-1.1327855587005615,0.3080900311470032,-0.14011750445710627,-0.1608167836627533,-0.004429621281080427
2209,1623510949.482864,0.0,-0.0173325315117836,0.005619843490421772,-0.010903147980570793,0.0010625836565502783,-0.3831084623998097,0.9502925998318468,-0.2966446280479431,-0.184700146317482,0.30489423871040344,-0.02314772011720515,-0.17104984175330545,0.007375389300934527
2210,1623510949.4925337,0.0,-0.008939871564507484,0.0009067392675206065,-0.006450425833463669,0.0013532060495699688,-0.38406564917159236,0.9501900975038404,0.588590145111084,-0.74289870262146,0.5765366554260254,0.06886008515759119,-0.11976538422443862,-0.003358044803807857
2211,1623510949.5563672,0.0,0.019109031185507774,-0.03626699000597,0.025858387351036072,-0.003615014544570208,-0.38051849317856257,0.9543383132687691,-0.2423161268234253,0.15724974870681763,0.46787968277931213,-0.48974348203609785,-0.4067964485862069,0.05773272572569775
2212,1623510949.5665255,0.0,0.020065823569893837,-0.034997206181287766,0.029362332075834274,-0.0028510188472941345,-0.3807457424529066,0.9586998343689546,-0.735533595085144,0.050723303109407425,0.28998053073883057,-0.4392711413143191,-0.3617577164872155,0.2513360566366823
2213,1623510949.5766006,0.0,0.01748071052134037,-0.021570686250925064,0.0309562049806118,0.0009066311205237695,-0.38058573198079315,0.9599378013058386,-0.9038453698158264,1.1074656248092651,0.29104578495025635,0.20353983642511536,0.04560473052754102,0.27049806690180417
2214,1623510949.5866394,0.0,0.01336459070444107,-0.014428040012717247,0.03457939997315407,0.0027589851866881843,-0.3848153237301526,0.9610415823811677,-0.7216851115226746,-0.14848116040229797,0.5999724864959717,0.29310918690873966,-0.1546163274024643,0.13327378203787443
2215,1623510949.5966506,0.0,0.012192443944513798,-0.015477277338504791,0.0423809252679348,0.002431085264211312,-0.3864390715338223,0.9616940323488623,-0.41701948642730713,-0.332771897315979,1.3296786546707153,0.10001747880892639,-0.336543576160934,0.10030515584875775
2216,1623510949.606583,0.0,0.0077248443849384785,-0.019476713612675667,0.05364246293902397,0.0010225668537917829,-0.3841728123359279,0.9616595671174126,-0.7259461879730225,-0.09841372072696686,0.26228365302085876,-0.08055629098134603,-0.013135514779537536,0.041142628808865066
2217,1623510949.61679,0.0,0.004124751314520836,-0.025973990559577942,0.050139639526605606,-0.0009391061486545976,-0.38318691855799236,0.9612353835065037,-0.22740241885185242,-0.9474294781684875,-0.4333340525627136,-0.163912060044047,0.1723735522905475,-0.0167689533872124
2218,1623510949.6264002,0.0,5.69625262869522e-05,-0.03042987547814846,0.04695431515574455,-0.0021975257329860803,-0.38436730551172865,0.9612440286449727,-0.40104052424430847,-0.2816392183303833,-0.4386603534221649,-0.1713654611125206,0.01233201024696843,-0.025397704298917193
2219,1623510949.6367614,0.0,-0.005823269486427307,-0.02310054749250412,0.039767492562532425,-0.0002112752612936572,-0.38441217817420803,0.9615083610015176,-0.19757501780986786,0.4033258259296417,-0.4450519382953644,0.005834608215388091,-0.07105969388622685,0.006964941950982518
2220,1623510949.6467042,0.0,-0.010881164111196995,-0.018656089901924133,0.04089493677020073,0.0009753548967699616,-0.38424029434261764,0.9615089190573773,-0.7824051976203918,0.6717724800109863,0.1770625114440918,0.14612394006238033,-0.018307021434608724,0.016203219220184813
2221,1623510949.717532,0.0,-0.018456239253282547,-0.02386937290430069,0.026492275297641754,-0.000656564370021831,-0.38559464623395545,0.959074952003784,0.22000864148139954,0.17642450332641602,-0.19791057705879211,-0.05733877145855589,0.07951791279596107,0.0001128984354151712
2222,1623510949.7271526,0.0,-0.017703931778669357,-0.024194667115807533,0.02550889551639557,-0.0008450694600166259,-0.38703357044707976,0.9590337770453168,0.06234950199723244,-0.17724329233169556,-0.011489302851259708,-0.1286263790571288,0.013255103454885868,-0.0063970429620548025
2223,1623510949.737196,0.0,-0.01869390718638897,-0.025623664259910583,0.025824744254350662,-0.001298701645116189,-0.3883336412828886,0.9588360272165548,-0.002631629351526499,0.058180153369903564,0.018338100984692574,-0.03324041285510881,-0.14572670827370218,-0.010167656619222731
2224,1623510949.74711,0.0,-0.01921664923429489,-0.023848725482821465,0.02362573891878128,-0.0009174841145182661,-0.38906582205751783,0.9584147586412001,-0.1357896775007248,0.6046608090400696,-0.3875276744365692,-0.01823293346627048,-0.11453323943296724,-0.028526834441884585
2225,1623510949.7572641,0.0,-0.020591476932168007,-0.01650446280837059,0.019738871604204178,0.0009771546380163698,-0.3901508176126177,0.9580675432841228,-0.018610596656799316,0.7346230745315552,-0.35343921184539795,0.09894565646251072,-0.08722523528594547,-0.03930758577333233
2226,1623510949.7672534,0.0,-0.022669628262519836,-0.011395982466638088,0.01823805272579193,-0.0005214436060507754,-0.3948143244466834,0.9672101951656737,-0.20396660268306732,0.30851730704307556,0.1216687560081482,0.14744609423561117,-0.10477507201464271,-0.03162074655404799
2227,1623510949.7771976,0.0,-0.023671315982937813,-0.012144222855567932,0.02121642976999283,-0.0012098924064218586,-0.3936385300529982,0.968483703297819,0.006955750752240419,-0.0920221284031868,0.34643954038619995,0.1538106101892671,-0.11420551381045704,-0.02936814791858159
2228,1623510949.7877796,0.0,-0.021988149732351303,-0.016153212636709213,0.026221726089715958,-0.0031277802621675205,-0.39463199793142667,0.9697743927847144,-0.12513704597949982,-0.3753824830055237,0.5030333995819092,0.047298397975939814,-0.08092220862397619,0.03571867964700608
2229,1623510949.7971764,0.0,-0.022865543141961098,-0.013895278796553612,0.028789140284061432,-0.0033898345987782436,-0.3952747150272802,0.9697851037776368,-0.036720093339681625,-0.03023679554462433,0.14936563372612,-0.09870425850519321,-0.0617503452749472,0.06803538603441697
2230,1623510949.8070118,0.0,-0.01830834336578846,-0.011375370435416698,0.028773847967386246,-0.0022925892665013187,-0.3975715341789805,0.9700507132220951,-0.3818657696247101,0.6195745468139648,0.0843845009803772,0.01588966556718823,-0.14770220997928832,0.01669718116226497
2231,1623510949.8754792,0.0,0.037754010409116745,-0.0053428164683282375,0.006615336984395981,0.0015525545158053405,-0.40267885783100965,0.9701582859632114,1.1510497331619263,-0.5255847573280334,-0.4823361933231354,0.21748819982432924,-0.9873070845747494,0.04388692753863007
2232,1623510949.8858585,0.0,0.04575555771589279,-0.002869842341169715,0.0011801980435848236,0.0012227586146242447,-0.40252774548017056,0.9712990021918795,0.5811333060264587,0.6163787245750427,-0.6357342600822449,0.11481531999545797,-0.7358080205798632,0.09205385089744242
2233,1623510949.8954432,0.0,0.05694808065891266,3.750214818865061e-05,-0.00621192529797554,0.0013637700599685443,-0.40226482672359964,0.971610525062918,1.7603809833526611,-0.7269197702407837,-0.5867321491241455,-0.006003566612815643,-0.017904432674400974,0.08552200785085642
2234,1623510949.9055836,0.0,0.06005977466702461,-0.0023481936659663916,-0.009895764291286469,0.0007940764844024395,-0.4013875017955729,0.9726225990055635,0.09430743008852005,-0.8739262223243713,-0.3236117959022522,-0.018495887144593937,0.04615241793203668,0.06712800351227168
2235,1623510949.9154286,0.0,0.05740790814161301,-0.011455707252025604,-0.015839172527194023,-0.0016899551565573018,-0.3992206967848866,0.9752104722213579,-0.36908259987831116,-0.6715260148048401,-0.8903325200080872,-0.14881184494872746,0.13053273012251573,0.1687107814500695
2236,1623510949.9251208,0.0,0.05254184827208519,-0.012740219943225384,-0.022951817139983177,-0.002046107956821891,-0.39842683476349133,0.9766923724870755,-0.5256764888763428,0.20838244259357452,-0.6581048369407654,-0.1612234826791369,0.19260657759078995,0.2226951850843889
2237,1623510949.9352102,0.0,0.04739878699183464,-0.0027156963478773832,-0.03175622969865799,0.0005283763226056545,-0.40479493695158275,0.9783882423506729,-1.4801534414291382,1.4472850561141968,-1.1065810918807983,0.06840656539575093,-0.23856661922993733,0.17835934244662408
2238,1623510949.945662,0.0,0.04579146206378937,0.0071495939046144485,-0.03515253961086273,0.0031384746711625028,-0.4072888855035451,0.9799590327637344,-0.116614930331707,1.4408934116363525,-0.18832319974899292,0.2622468357901084,-0.4561906906389384,0.16521171970997486
2239,1623510949.9555008,0.0,0.03773963451385498,0.021108170971274376,-0.036490511149168015,0.007162095053093724,-0.40468707654459024,0.9809893971701547,-1.0018497705459595,1.405739665031433,-0.13505998253822327,0.3537603227127995,-0.026975991827643125,0.13825676918084973
2240,1623510949.9656231,0.0,0.031067531555891037,0.021322626620531082,-0.02981027588248253,0.007332822966031237,-0.40404992809354234,0.9818163247605383,-0.116614930331707,-0.39455723762512207,0.9706845283508301,0.2577334397209991,0.16901117024982673,0.10322644364744932
2241,1623510950.0382605,0.0,-0.026067916303873062,-0.014419139362871647,-0.04301534593105316,-0.0017831781208076034,-0.4089855038592003,0.9841089420963656,-0.6119629144668579,-0.332771897315979,0.06414447724819183,-0.4139768294177703,0.691148755457863,0.10763344219326508
2242,1623510950.047959,0.0,-0.03233988955616951,-0.017398681491613388,-0.04467019438743591,-0.0026817301269583746,-0.409681666915059,0.9837836131880772,-0.4969143271446228,-0.3274455964565277,-0.16488738358020782,-0.5091953510707201,0.6481829851438345,0.04660365073629808
2243,1623510950.0579822,0.0,-0.03685536980628967,-0.018378477543592453,-0.044110581278800964,-0.0031290916427277188,-0.41225068746367577,0.9838258406907386,-0.29025304317474365,-0.06539051979780197,0.05881815031170845,-0.08355430393712018,-0.12058506686415288,-0.015285500604853501
2244,1623510950.0689492,0.0,-0.04209921509027481,-0.014281686395406723,-0.04427775740623474,-0.002149875449318439,-0.4131757714668845,0.9838743383409836,-0.35523414611816406,0.7697768211364746,-0.07433990389108658,0.006761871907151655,-0.18856791217046384,0.006340881256806089
2245,1623510950.0780368,0.0,-0.04441774636507034,-0.005437856540083885,-0.04563931003212929,0.00016180983378620561,-0.41323367306935643,0.9830467901323683,0.07300214469432831,0.7559283971786499,-0.06155673414468765,0.16058883862171022,-0.05704199410934948,-0.0329018021497312
2246,1623510950.087989,0.0,-0.0475001186132431,0.000682844955008477,-0.04337415099143982,0.0018083642958508575,-0.4142929971180349,0.9822423386447727,-0.05696011707186699,0.3298225998878479,0.43059542775154114,0.21637882238149864,-0.04016872012750473,-0.08301456688976631
2247,1623510950.0981278,0.0,-0.04964715242385864,-0.0017701935721561313,-0.03630489483475685,0.0011854461137489614,-0.4159829855232428,0.981934594306553,-0.03991588577628136,-0.8227935433387756,0.8854633569717407,0.08296805010125193,-0.12844225350619876,-0.06229639399476015
2248,1623510950.1079974,0.0,-0.04961682856082916,-0.012074912898242474,-0.03084329515695572,-0.0017833464265403567,-0.41804224759903347,0.9816911010550647,0.1294611692428589,-1.2286592721939087,-0.25117382407188416,-0.15048125368330412,-0.1824262635365052,-0.02984796001320444
2249,1623510950.1180549,0.0,-0.04923317953944206,-0.022171560674905777,-0.03347361832857132,-0.00308144890129336,-0.4203186230749343,0.9862103779567083,0.3968425393104553,-0.7705956101417542,-0.2447822093963623,-0.2698151065885009,-0.20266497436713363,-0.027875884031893436
2250,1623510950.1278515,0.0,-0.04763559624552727,-0.026637451723217964,-0.0377456396818161,-0.004189833757687528,-0.41831312671311727,0.9868611397468136,0.2029644101858139,-0.15380747616291046,-0.5047067403793335,-0.2747693638439194,-0.21600951437295401,-0.028287524599896717
2251,1623510950.198062,0.0,0.014132271520793438,-0.05271483212709427,-0.020477384328842163,-0.010753651187013144,-0.4297607646038709,0.9829111846440478,2.1225709915161133,-1.0081496238708496,0.25802260637283325,-0.35931826963008584,-0.5184388179259943,-0.06828046347226055
2252,1623510950.208094,0.0,0.030403846874833107,-0.061522360891103745,-0.016338426619768143,-0.012151630005708167,-0.4312958137768543,0.9822954407921971,1.4418668746948242,-1.1018928289413452,0.4977070987224579,-0.39102315857447345,-0.7038489956231812,-0.15042433785343212
2253,1623510950.2181,0.0,0.04708784818649292,-0.07171038538217545,-0.012659501284360886,-0.013724396005035,-0.43247398439363466,0.9816722591733507,1.6527892351150513,-1.272335171699524,0.5850588083267212,-0.1565502380610802,-0.14643911160282622,-0.06311699200298539
2254,1623510950.2280018,0.0,0.0640786737203598,-0.08609969913959503,-0.010877346619963646,-0.016857114173541438,-0.4327931539611115,0.9816886244386014,1.756119966506958,-1.5173460245132446,0.05881815031170845,-0.23484876591266732,-0.08996001910171585,-0.03721224530815515
2255,1623510950.2377605,0.0,0.0739523395895958,-0.09629267454147339,-0.00923311896622181,-0.018394188783689397,-0.4331871290018632,0.9818809729358136,1.090329647064209,-1.2925751209259033,0.4327259659767151,-0.2518455412386642,-0.05219285633366666,0.004410899907674578
2256,1623510950.2482424,0.0,0.08916454762220383,-0.11501257121562958,-0.006363624706864357,-0.022210724031743234,-0.4356860237952558,0.9817868554028604,0.9997822642326355,-1.7431820631027222,0.32406899333000183,-0.25606261346831466,-0.1270521927120393,0.012020915391715504
2257,1623510950.2579176,0.0,0.10188690572977066,-0.1257132887840271,-0.00542595237493515,-0.02407134282142931,-0.4364705443596767,0.9816142429844827,-0.1357896775007248,-0.5468900799751282,0.4220733046531677,-0.2859748543092519,-0.17366305840913668,-0.010869864163178138
2258,1623510950.2680063,0.0,0.10475564748048782,-0.12062542140483856,-0.005768781527876854,-0.02256303173438602,-0.43624393025649155,0.9844557655406997,-0.13259388506412506,-0.49362683296203613,0.3677448332309723,-0.04431222439386904,-0.03093295607684391,0.09606461019267744
2259,1623510950.2779527,0.0,0.1039569303393364,-0.11416526138782501,2.1904706954956055e-05,-0.021000189712277656,-0.4367723478071418,0.9859227440236542,-0.09957069903612137,-0.0643252581357956,0.706498920917511,0.1531412201167692,0.006257282150878329,0.2333058865161009
2260,1623510950.288046,0.0,0.09917440265417099,-0.11479607224464417,0.005599282681941986,-0.02146109590824219,-0.4414492019429346,0.9878920035055847,-1.158443570137024,0.5332881212234497,0.5147513151168823,0.06390706669456339,-0.2570655082611591,0.2038650260028621
2261,1623510950.3560057,0.0,0.03556599095463753,-0.12954933941364288,0.03667302057147026,-0.027073423403370697,-0.45048964847709505,0.9928911140998917,-1.0604393482208252,-0.09841372072696686,-0.029598798602819443,-0.1817864280091847,0.42042778588586144,0.2396582376567751
2262,1623510950.3659925,0.0,0.025930048897862434,-0.12958882749080658,0.03568306937813759,-0.027459900029491835,-0.45260333678471576,0.9930149879357463,-0.7642956972122192,0.001721138134598732,-0.10310204327106476,-0.18943517915896124,0.5974982806602538,0.15151377510247024
2263,1623510950.3758154,0.0,0.017236603423953056,-0.13149097561836243,0.03577125445008278,-0.02827760676976871,-0.45635315958169037,0.9930897331263576,-0.7738831043243408,-0.34022876620292664,0.02259915880858898,-0.06126348638477834,-0.26272822605627943,0.013894345792090694
2264,1623510950.3861406,0.0,0.009523145854473114,-0.13548092544078827,0.035726699978113174,-0.029669541606274295,-0.4589831423214507,0.9927185933305872,-0.7696220278739929,-0.5245195031166077,-0.017880890518426895,-0.10424190778915204,-0.3389136491678739,-0.014776995197998763
2265,1623510950.3960147,0.0,0.005108590237796307,-0.14016014337539673,0.03529799357056618,-0.031301559794997394,-0.45790193915831023,0.9918610989343898,-0.04843800142407417,-0.4254499077796936,-0.06155673414468765,-0.15203884538154244,-0.10255720440298989,-0.05278630043372615
2266,1623510950.4060435,0.0,0.0012619744520634413,-0.1425163298845291,0.03408956155180931,-0.032185563318669876,-0.4581821409860886,0.9908540202042878,-0.5278069972991943,-0.1516769528388977,-0.09990625083446503,-0.13270717175023428,0.030860080582678927,-0.09408322541870255
2267,1623510950.4159236,0.0,-0.0013045776868239045,-0.14670783281326294,0.0327194519340992,-0.03361176835156539,-0.46006729373822586,0.9900181772506249,-0.11022334545850754,-0.46486470103263855,-0.19791057705879211,-0.11874659764324999,-0.09507220831696143,-0.1029658711793234
2268,1623510950.4258046,0.0,-0.0043940916657447815,-0.1502871811389923,0.0305277518928051,-0.03500673746473799,-0.4621744035609169,0.9898618407807684,-0.3104930520057678,-0.3572729825973511,-0.27460962533950806,-0.14496735565252422,-0.1914732904524174,-0.057721458390771224
2269,1623510950.4359782,0.0,-0.006926990579813719,-0.15252210199832916,0.027683589607477188,-0.03602171355588767,-0.46417685093985767,0.9894302950416234,-0.07187382131814957,-0.1570032685995102,-0.34811288118362427,-0.12827365502556243,-0.20857084670297232,-0.029098368728654518
2270,1623510950.4462643,0.0,-0.008377710357308388,-0.15342137217521667,0.024651240557432175,-0.0366347810915745,-0.4658668633926641,0.9887778902370002,-0.19650974869728088,0.01663484051823616,-0.2628917396068573,-0.09036843962626193,-0.19596472451218275,-0.05338094099599585
2271,1623510950.5229154,0.0,0.0006157805910333991,-0.15060286223888397,0.011020280420780182,-0.04071885638974823,-0.4799026839981991,1.001684867279096,0.977411687374115,0.4235658645629883,-0.35343921184539795,-0.04313920732744327,-0.20197972856831403,-0.04459381127405975
2272,1623510950.5329523,0.0,0.0050885481759905815,-0.14940518140792847,0.008046653121709824,-0.040705126422612786,-0.48116061995350223,1.001382324449547,0.8112304210662842,-0.049411557614803314,-0.30230650305747986,0.008883537939832596,-0.1854739875741378,-0.0217090365733929
2273,1623510950.5427392,0.0,0.012960824184119701,-0.14636918902397156,0.004685699939727783,-0.04073031475499496,-0.4833974613714116,1.0012742812720283,0.7696850895881653,0.4448711574077606,-0.415224552154541,0.010479800792015702,-0.17860962495164084,-0.020888434893785626
2274,1623510950.553404,0.0,0.018078003078699112,-0.13995085656642914,-0.00010570138692855835,-0.0402738584624291,-0.48413685251812766,1.0016539048534976,0.3691456615924835,0.2328835129737854,-0.3193507492542267,0.024752979097275116,-0.15807939702298424,0.015301251766292762
2275,1623510950.5626884,0.0,0.022460540756583214,-0.13201381266117096,-0.0021515917032957077,-0.039531851709973115,-0.484344951303495,1.002212133363166,1.1095044612884521,0.5375491380691528,-0.0871230736374855,0.07945698140360663,-0.03396898121799471,0.053241063688901746
2276,1623510950.572758,0.0,0.025111906230449677,-0.12532566487789154,-0.003881918266415596,-0.039344605715957784,-0.4831495412171187,1.0030962097446197,-0.6641608476638794,1.1916215419769287,-0.20962849259376526,0.06532316688031631,0.043088685685410126,0.07147581143147477
2277,1623510950.5827947,0.0,0.027840010821819305,-0.12118889391422272,-0.005505969747900963,-0.04009901726769896,-0.48280017189594093,1.003792839809313,0.17313700914382935,0.1679023951292038,-0.2074979543685913,-0.014459028270965766,0.07728336761796104,0.08324327203592324
2278,1623510950.592803,0.0,0.03020504303276539,-0.11647506803274155,-0.007370876148343086,-0.040585344746830974,-0.482235627063482,1.0046470531680851,-0.28066563606262207,0.4960038363933563,-0.11588521301746368,-0.05476638611470675,0.05350508463493503,0.08282203977785567
2279,1623510950.6028223,0.0,0.030276747420430183,-0.11364586651325226,-0.009068291634321213,-0.041023558248760736,-0.4820617340404471,1.0051538328199479,-0.07187382131814957,0.5109175443649292,-0.30763283371925354,-0.05166583347402907,0.04538722733911286,0.07074567603762802
2280,1623510950.6125207,0.0,0.03015817701816559,-0.11199599504470825,-0.012196144089102745,-0.0413976105260237,-0.4816209166080153,1.0067025353695123,-0.17094340920448303,0.22010034322738647,-0.3555697202682495,-0.03868930792151647,0.052440136203903205,0.07099241655728492
2281,1623510950.6827552,0.0,0.004835512954741716,-0.11422349512577057,-0.009909229353070259,-0.04361210511931306,-0.4806904617851723,1.0142365788440384,0.08791584521532059,-0.5042794942855835,0.8215475082397461,-0.058935500610089384,0.35693171900981024,0.10383646721180195
2282,1623510950.6930032,0.0,-0.0015957214636728168,-0.11584361642599106,-0.008849713951349258,-0.04420550196477637,-0.48049658724141353,1.0141826380214842,-0.591722846031189,0.07842018455266953,-0.4759446084499359,-0.08339435768823993,0.3512240892823999,0.046087006092971915
2283,1623510950.7026243,0.0,-0.006619699764996767,-0.11482065171003342,-0.014026401564478874,-0.04413301983821139,-0.481666821319628,1.0141703507264277,-0.5693523287773132,0.18388135731220245,-0.5313383936882019,-0.03728479707552177,-0.0428370086607591,-0.005642485587459476
2284,1623510950.712548,0.0,-0.010389268398284912,-0.1106039360165596,-0.01750282198190689,-0.043264403268013826,-0.4816159831174883,1.0144702583091165,-0.2188803106546402,0.400130033493042,-0.04238197207450867,0.040853389256445695,-0.06969228935830117,0.011977546409442928
2285,1623510950.7231665,0.0,-0.01373201422393322,-0.10870188474655151,-0.016012290492653847,-0.042961912414834345,-0.4809660757004538,1.0139250462374951,-0.1262023001909256,0.13807497918605804,0.20795518159866333,0.061400244450573925,0.022121450240528993,-0.005055794166647345
2286,1623510950.7327628,0.0,-0.015119235962629318,-0.10659509152173996,-0.01450015977025032,-0.042452729084742104,-0.4805849929673183,1.0132225538909623,0.16887594759464264,0.2605803906917572,0.0886455625295639,0.04162407502572736,0.04938951192935648,-0.06403289386411132
2287,1623510950.7426171,0.0,-0.015956079587340355,-0.10389458388090134,-0.013709090650081635,-0.04190047502336104,-0.48071296416763454,1.0129816964337313,0.026130512356758118,0.3308878540992737,0.07586238533258438,0.05600336692081275,0.021350190178693676,-0.057070363179026314
2288,1623510950.7530036,0.0,-0.016617367044091225,-0.10172323882579803,-0.013096744194626808,-0.04150411298776428,-0.48148058046201814,1.0130380468362756,0.059153709560632706,0.20199085772037506,0.03857812657952309,0.05509844526876409,-0.039848997396686084,-0.012152432216307088
2289,1623510950.7628508,0.0,-0.017309173941612244,-0.10045504570007324,-0.01282818429172039,-0.04136500817928339,-0.48194487622572385,1.0129419293055144,0.016543131321668625,0.14340130984783173,0.01407704409211874,0.03171805262354584,-0.06505400448088748,-0.0011997616636130542
2290,1623510950.7731774,0.0,-0.017996056005358696,-0.0991215929389,-0.01282581128180027,-0.04118734874373008,-0.48254964497666,1.0128005956350326,0.015477865934371948,0.1583150029182434,-0.018946155905723572,0.017487528131493152,-0.05387974677960656,-0.010421305717650927
2291,1623510950.8451629,0.0,-0.020710894837975502,-0.08624320477247238,-0.013899523764848709,-0.033349047948990004,-0.48557692118250406,1.0273473241083773,0.03997894749045372,-0.2305065244436264,0.04390444979071617,0.0856654442268761,-0.055982439867530744,0.012452414986105064
2292,1623510950.854255,0.0,-0.022175077348947525,-0.0840097963809967,-0.015631526708602905,-0.03253937521065037,-0.4869771036536427,1.0276766577469312,0.8304051756858826,-0.25181180238723755,-0.07114411145448685,0.17256759557032622,-0.07473427584318706,0.06384888702279307
2293,1623510950.8640027,0.0,-0.021215422078967094,-0.08500487357378006,-0.01385347917675972,-0.03290405989281267,-0.4867848136226759,1.0277686640001433,-0.7142282724380493,0.7687115669250488,0.04390444979071617,0.011393076258881384,-0.0918839070878348,0.031128129973657298
2294,1623510950.8742335,0.0,-0.014538835734128952,-0.08755586296319962,-0.0123808104544878,-0.03344827770753392,-0.48992575216539547,1.0281449327517982,0.09324216842651367,0.42463111877441406,0.3485700786113739,-0.03587353966039779,-0.15689155300439525,0.02312754658660996
2295,1623510950.884135,0.0,-0.010149612091481686,-0.08444833010435104,-0.00834055244922638,-0.0321060965190294,-0.4905851895958,1.0280057636415845,0.18805071711540222,0.42569637298583984,0.2878499925136566,0.03996750558747778,-0.16964494237379651,0.006741619052406157
2296,1623510950.8939621,0.0,-0.006089057307690382,-0.0830453634262085,-0.0032653789967298508,-0.03142992219780874,-0.49059788840574764,1.0280185423260721,-0.2423161268234253,0.23607932031154633,0.7427179217338562,0.09601470584591631,-0.05786433918850342,-0.005336717796632714
2297,1623510950.9040244,0.0,0.0016812665853649378,-0.08282888680696487,0.0007373914122581482,-0.03114676659578129,-0.4910691242056935,1.027996390738502,0.34997090697288513,0.10185600072145462,0.37413641810417175,0.06240831701967135,-0.019389414032050703,-0.0008984629110809583
2298,1623510950.9139478,0.0,0.003923620097339153,-0.08463577926158905,0.006940927356481552,-0.031364248155038285,-0.49016598485717233,1.0282188226333933,0.2626192271709442,-0.32105398178100586,0.6670841574668884,0.009994477321854805,0.02581381396580538,0.008450952746308063
2299,1623510950.923954,0.0,0.00812668725848198,-0.08825650811195374,0.01432887464761734,-0.03199401451885184,-0.4888848455681605,1.028507058278552,0.253031849861145,-0.3753824830055237,0.5648187398910522,-0.0467207899857846,0.09967559678957079,0.024103744197200072
2300,1623510950.933968,0.0,0.012708091177046299,-0.09268799424171448,0.01882420852780342,-0.03170888520599752,-0.4893794500016122,1.0298912676857555,0.3552972376346588,-0.7333113551139832,0.46255338191986084,-0.0313864416688385,0.0606805770047377,0.07305629473129215
2301,1623510951.0043201,0.0,0.009076454676687717,-0.08474701642990112,0.04078374430537224,-0.02689839311492797,-0.48799415771991717,1.0301891294489265,-1.0508519411087036,0.9263706803321838,0.13764771819114685,0.09974685327674525,0.034438961487621635,0.07277957160664324
2302,1623510951.013936,0.0,-9.012797818286344e-05,-0.081587053835392,0.04111688211560249,-0.02618174459053687,-0.484618500476545,1.0284029466351412,-1.0156981945037842,0.17642450332641602,0.10462452471256256,0.14056524859610206,0.2082191766597723,-0.06603929604390257
2303,1623510951.0240164,0.0,-0.004790852777659893,-0.0798654705286026,0.0429849736392498,-0.02584230073662984,-0.48461767684767254,1.0281972318108357,-0.7120977640151978,0.29040780663490295,0.12273402512073517,0.06153345935676737,0.19466801988834212,-0.10614196749615742
2304,1623510951.0341854,0.0,-0.011568798683583736,-0.07734814286231995,0.04390313848853111,-0.025174924775035974,-0.48457522178376256,1.0290954011021567,-0.13792021572589874,0.21264348924160004,0.018338100984692574,0.04726242358123861,0.03103741906229687,0.009603319257980343
2305,1623510951.043798,0.0,-0.016536660492420197,-0.07551687210798264,0.04386299476027489,-0.02468086403601845,-0.4843171601364369,1.0299042067053301,-0.20396660268306732,0.15724974870681763,-0.05516514554619789,0.05904309103017252,0.013920177557278007,0.08260192761858862
2306,1623510951.053889,0.0,-0.019939003512263298,-0.07460383325815201,0.042959388345479965,-0.02442903349086966,-0.4839491917137716,1.0300619756299279,-0.10596228390932083,0.1071823239326477,-0.16488738358020782,0.04405655257089043,0.027581955645573558,0.05792721307231028
2307,1623510951.064094,0.0,-0.0224244836717844,-0.07356812804937363,0.0409223698079586,-0.024124620964711005,-0.483457448771592,1.0297818478119471,-0.15283390879631042,0.12742234766483307,-0.250108540058136,0.03073233184910509,0.04029591694348538,-0.0021464835203640086
2308,1623510951.0737972,0.0,-0.023203369230031967,-0.07217631489038467,0.038480859249830246,-0.023693292139786985,-0.4836936906250647,1.029783748183388,0.05382738634943962,0.15618447959423065,-0.2671527862548828,0.036991030947791916,0.01598929949459585,-0.01611155232964484
2309,1623510951.0840354,0.0,-0.023974934592843056,-0.07054463773965836,0.03591669723391533,-0.023164300845998465,-0.4838721817775167,1.0298219894531784,0.1475706696510315,0.16151079535484314,-0.249043270945549,0.04854574832772464,-0.016691456836529856,-0.00030612289700880825
2310,1623510951.0938437,0.0,-0.02390865422785282,-0.06948953121900558,0.03353053703904152,-0.022774494875797795,-0.48443882923521264,1.0298765444216802,0.10496007651090622,0.10398653149604797,-0.21921586990356445,0.04755053515024029,-0.03660075234579155,0.004068810045685235
2311,1623510951.162388,0.0,-0.028065241873264313,-0.056113436818122864,0.027249716222286224,-0.018429124761862745,-0.49347022298877413,1.0300376824354336,-0.06867802888154984,0.1359444558620453,0.03857812657952309,0.22053252126945797,-0.04958070806004491,-0.005873651733323953
2312,1623510951.1717298,0.0,-0.029081108048558235,-0.05470612645149231,0.02770816907286644,-0.021273667811878103,-0.4953228919605122,1.0285989526207664,0.006955750752240419,0.15192341804504395,0.05242656543850899,0.22708977989912812,-0.10939471196322838,-0.006874112007393295
2313,1623510951.1818295,0.0,-0.029864836484193802,-0.05288151279091835,0.028292257338762283,-0.020909394204572634,-0.4949763659087473,1.0292613758759237,0.12520010769367218,0.14659710228443146,0.0886455625295639,0.22407063544289435,-0.11994527763791363,-0.002409692668600892
2314,1623510951.1925635,0.0,-0.02711404487490654,-0.05018710717558861,0.028729021549224854,-0.02045013068284976,-0.4956909955485427,1.0313691659740112,0.3638193607330322,0.352193146944046,0.11421190202236176,0.2018452331820331,-0.11804446526436231,0.020526948143572823
2315,1623510951.2020204,0.0,-0.025759702548384666,-0.045977696776390076,0.02961006388068199,-0.019649725476892393,-0.4981335941066206,1.0319223916434446,0.5118911266326904,0.4587195813655853,0.06840553134679794,0.07427764425918953,-0.1470735053217731,0.11756181701433124
2316,1623510951.2119498,0.0,-0.022319592535495758,-0.03893563151359558,0.02887505292892456,-0.01796515283876504,-0.4994486880126098,1.0322020304855175,0.055957917124032974,0.9860255122184753,-0.06581778824329376,0.12039343047677947,-0.20633484547280145,0.056614620387164874
2317,1623510951.2220232,0.0,-0.02021058090031147,-0.03363429754972458,0.02999408170580864,-0.016804457566831896,-0.5019568966901113,1.032391138888784,0.9284095168113708,0.08481176942586899,0.186649888753891,0.160136235388171,-0.18707612117564457,0.02331287678962006
2318,1623510951.2320058,0.0,-0.015542709268629551,-0.02989281713962555,0.027758188545703888,-0.0156553107530725,-0.5034948930989835,1.032563737874098,0.5662195682525635,-0.0781736895442009,-0.25117382407188416,0.1353095740215485,-0.20579409464065399,0.02004276521209178
2319,1623510951.2421992,0.0,-0.009262265637516975,-0.02627740055322647,0.023524682968854904,-0.01561764276611817,-0.505341892409322,1.0322632905340248,0.3521014451980591,0.4683069586753845,-0.49298885464668274,0.06590165439682148,-0.1928456036575866,-0.0003345289003621189
2320,1623510951.2519963,0.0,-0.00303861778229475,-0.020809514448046684,0.017823774367570877,-0.014568533136053913,-0.5058970812824265,1.0319044642836537,0.2210739105939865,1.0925519466400146,-0.5196204781532288,0.05135507200653239,-0.1290131019753927,-0.03106702180939038
2321,1623510951.3222451,0.0,0.023256957530975342,-0.016240544617176056,-0.008101696148514748,-0.013663872527112528,-0.5115980407583949,1.0366614776256449,-0.13259388506412506,-1.1711350679397583,-0.5867321491241455,0.12655342910507889,-0.38907924430761276,0.10453207117282386
2322,1623510951.3321035,0.0,0.018232902511954308,-0.018147140741348267,-0.011773120611906052,-0.013823034199056866,-0.509334610218323,1.0378134261171903,0.559827983379364,0.8177136778831482,-0.6037763357162476,0.033510593304340364,-0.20806864416765428,0.2086349723937301
2323,1623510951.3424835,0.0,0.01694800890982151,-0.006340604275465012,-0.019821111112833023,-0.010236107316971756,-0.5133546676940333,1.038499518326163,-0.4361942708492279,1.7562116384506226,-0.7358691692352295,0.12641417088648987,-0.07748346875316532,0.11156911877670364
2324,1623510951.3521965,0.0,0.019314022734761238,0.005490497685968876,-0.02346094511449337,-0.006589122001871714,-0.5156879746401087,1.0398507738377523,0.663158655166626,1.6145315170288086,-0.4120287597179413,0.3576339183756571,-0.30776747639528534,0.09898544101671937
2325,1623510951.3624904,0.0,0.016496503725647926,0.01713472791016102,-0.02566085383296013,-0.002860268030967318,-0.5170070839681302,1.0414664806887721,-0.48945748805999756,1.215057373046875,-0.1659526526927948,0.39170090702511345,-0.18913560602006693,0.15019902848959396
2326,1623510951.372064,0.0,0.013393213041126728,0.01660097949206829,-0.01911412551999092,-0.0025664054860355667,-0.5176368010012905,1.0428096968587572,-0.16455182433128357,-0.4488857388496399,1.257240653038025,0.24339991942610012,-0.1266145298800339,0.1571971845057737
2327,1623510951.3821638,0.0,0.007061832118779421,0.010934606194496155,-0.017026672139763832,-0.003652661566285867,-0.5162730694030505,1.0432910983646768,-0.9091717004776001,-0.9410378932952881,-0.7688923478126526,-0.010501990160755353,0.0065016022735361915,0.10345699375831935
2328,1623510951.3920412,0.0,0.003296957118436694,0.003211005125194788,-0.027435118332505226,-0.005467405942630517,-0.5180657722216073,1.0438573674796519,-0.6929230093955994,-1.1178717613220215,-0.8093723654747009,-0.13486944728791644,-0.02255347173696591,0.04995306339590927
2329,1623510951.4022436,0.0,-0.0014143683947622776,0.0003915932320524007,-0.03258053958415985,-0.0059081012705193975,-0.5185934941529164,1.0443585638900639,-0.8346031904220581,0.1636413335800171,-0.5100330710411072,-0.12209289556485091,-0.14168893136453056,0.051064397120136516
2330,1623510951.4125254,0.0,-0.005912155844271183,0.003517448902130127,-0.03603275492787361,-0.0046842351895553455,-0.5179870760466897,1.0446779849078394,-0.6726829409599304,0.7548630833625793,-0.032794591039419174,0.014941082680449176,-0.02048210866043988,0.04391853205259049
2331,1623510951.4824214,0.0,-0.023238463327288628,0.018730327486991882,-0.018091091886162758,0.003380410602120427,-0.52375131893661,1.0425110807583642,-0.062286440283060074,0.2754940986633301,0.0471002422273159,0.2998293351427792,0.2316929320867967,0.0024123360848329065
2332,1623510951.4919126,0.0,-0.02319062314927578,0.02026568539440632,-0.01610715501010418,0.0044322771896491,-0.5249872360470214,1.042246436155596,0.22426970303058624,0.14659710228443146,0.27293628454208374,0.3141985323723863,0.1410522571586294,-0.028316566180165325
2333,1623510951.5020092,0.0,-0.022558795288205147,0.02137778140604496,-0.012835480272769928,0.0052418402592800326,-0.5278252255480593,1.041870386070421,-0.17094340920448303,0.06031068041920662,0.3773322105407715,0.10655769051465744,-0.20416833066124376,-0.03289099980575953
2334,1623510951.5119278,0.0,-0.022637639194726944,0.020981596782803535,-0.008282801136374474,0.005730023638375666,-0.5288660125524617,1.0416256051733401,0.21787811815738678,-0.2539423406124115,0.4646838903427124,0.0692318275117108,-0.20938670507997892,-0.031651123122809
2335,1623510951.522117,0.0,-0.022624826058745384,0.018464701250195503,-0.00592321902513504,0.005822284437321721,-0.5300958874575757,1.0413644805251632,-0.11768019199371338,-0.3093360960483551,-0.09564518928527832,0.03384878349970283,-0.11706033153622251,-0.024950890213357745
2336,1623510951.5320952,0.0,-0.024033576250076294,0.01645204797387123,-0.007565198466181755,0.006256908298801642,-0.5357794702641333,1.043121967591155,-0.14750759303569794,-0.11865374445915222,-0.14145156741142273,0.024948029748976298,-0.1273816465717545,-0.01969635007739754
2337,1623510951.5418093,0.0,-0.023676717653870583,0.016801893711090088,-0.00835040956735611,0.006937707647841795,-0.5327516634571486,1.0441534616758184,0.8090999126434326,-0.15061168372631073,0.05455709248781204,0.017420122661102187,-0.1347927774279781,-0.013350309566931954
2338,1623510951.552143,0.0,-0.0259946808218956,0.019679570570588112,-0.007940355688333511,0.00830279782735837,-0.5333341374145852,1.0442328208269185,-0.4234110713005066,0.5215702056884766,-0.04025144502520561,0.07804182098047455,0.031354910678804374,0.04280756273069091
2339,1623510951.5619988,0.0,-0.0236887838691473,0.020723288878798485,-0.006301162764430046,0.009009360953649521,-0.5353639244263992,1.0443377323590166,0.28925085067749023,-0.38070881366729736,0.47746706008911133,0.12319481530178998,-0.11443759884200526,0.009589199882997005
2340,1623510951.5723884,0.0,-0.024709179997444153,0.019494369626045227,-0.004117567092180252,0.009520900453166711,-0.5371389148537977,1.0442246521357745,1.1414623260498047,-0.8536862134933472,0.14830036461353302,0.0819031462784195,-0.139051776077043,0.004339830296027021
2341,1623510951.639673,0.0,0.004580362234264612,-0.015482782386243343,0.029453005641698837,0.005691430213874388,-0.5469599208630824,1.0447858641564096,-1.0316771268844604,0.49919962882995605,0.8194169402122498,-0.5204194502981626,-0.5979492872960017,0.009225162558327782
2342,1623510951.6496804,0.0,0.007329954765737057,-0.021180670708417892,0.03659288212656975,0.0062744916715153365,-0.5466246714088354,1.0452246822220204,1.1840729713439941,-1.2691394090652466,0.6447135806083679,-0.3782491073452848,-0.39794212023567355,0.03236132196216926
2343,1623510951.659667,0.0,0.008917794562876225,-0.023108039051294327,0.042958635836839676,0.007775998564728243,-0.544905506091725,1.045410398139153,1.7710336446762085,-1.71868097782135,0.8918549418449402,0.1286137369109292,0.12697385241703402,0.03131489489906448
2344,1623510951.6694517,0.0,0.007857104763388634,-0.020437732338905334,0.04924490675330162,0.01003985558183031,-0.5458301484152258,1.0469373802223534,-0.9315422177314758,0.9764381051063538,0.3304605782032013,0.15078043258988436,-0.014665423047770909,0.058815946733367847
2345,1623510951.6794786,0.0,0.026846664026379585,-0.02219737321138382,0.052654679864645004,0.010758433978540892,-0.5448781570406386,1.0460020817585036,-5.027483940124512,2.050224781036377,0.4881197214126587,0.12833069214044274,-0.13596918268055275,0.045587448668133745
2346,1623510951.6892114,0.0,0.024817882105708122,-0.02181938663125038,0.05605539306998253,0.011094383038276236,-0.5417775944889625,1.0443161637475962,1.4770206212997437,0.1306181252002716,0.5243387222290039,0.07707008344854437,0.30288574285523345,-0.10769152661158043
2347,1623510951.6993759,0.0,0.027311913669109344,-0.020785901695489883,0.0651342123746872,0.011709257179405831,-0.5455712196366117,1.0451938538266328,-0.3488425612449646,-0.3040097653865814,0.8215475082397461,0.06374865040338087,0.06165508084991833,-0.07608608566306306
2348,1623510951.7094965,0.0,0.030176227912306786,-0.02099192515015602,0.07163774967193604,0.012281773149898964,-0.5516006900103542,1.0480406229147867,-0.42128056287765503,0.27336356043815613,0.5871893167495728,0.05396603316924615,-0.5109112243579972,0.15707851792058408
2349,1623510951.7195096,0.0,0.02569456212222576,-0.01776413805782795,0.07762327790260315,0.01350426721887672,-0.5521304293357734,1.0500781296889217,-0.1262023001909256,-0.10906635969877243,0.6010377407073975,0.0853015160222592,-0.3749333227187481,0.2539897339543576
2350,1623510951.729342,0.0,0.021986238658428192,-0.014467626810073853,0.08368641138076782,0.014571076815246362,-0.5502550429742674,1.0500756057451337,-0.7046409249305725,0.6440755724906921,0.5104902386665344,0.11072193728689789,0.015011205628215884,0.12545744588793675
2351,1623510951.798692,0.0,-0.001815974828787148,-0.026018476113677025,0.0828934907913208,0.011982634507316067,-0.5536471434243555,1.0492803256768632,-0.059090644121170044,-0.0920221284031868,-0.38220134377479553,-0.15299161743911968,0.38065298600375,0.045902160008156466
2352,1623510951.808634,0.0,-0.0030411258339881897,-0.025772474706172943,0.07883958518505096,0.011916117960763736,-0.5551963437195786,1.048891358165899,0.07087161391973495,-0.005735713057219982,-0.4162898063659668,-0.21490024887269926,0.2338209570571402,0.019726994293435492
2353,1623510951.8195596,0.0,-0.005053945817053318,-0.025538800284266472,0.07481786608695984,0.011810771830422007,-0.5568470140991297,1.04855220122111,-0.12833282351493835,0.23820984363555908,-0.41309401392936707,-0.013858206381863065,-0.15284619823889192,-0.037219752734638914
2354,1623510951.8285334,0.0,-0.007728480733931065,-0.022824404761195183,0.07026775181293488,0.012298534617300606,-0.5569696309012198,1.047905171252595,-0.2689477503299713,0.4736332893371582,-0.40457189083099365,0.013920063816802358,-0.11374367496759134,-0.048647540868471915
2355,1623510951.8390129,0.0,-0.01053813099861145,-0.017375674098730087,0.06593248248100281,0.013540842176329098,-0.5570930831084104,1.0471775719594465,-0.24551191926002502,0.6579240560531616,-0.38220134377479553,0.07820199626326427,-0.02004522988946506,-0.06944065396343739
2356,1623510951.8488994,0.0,-0.013009651564061642,-0.01532463077455759,0.06377807259559631,0.013982443232561707,-0.5588201590644187,1.0467513789285188,-0.1869223713874817,-0.027041003108024597,-0.0967104583978653,0.09383703104306279,-0.07401270522905655,-0.06061763278720141
2357,1623510951.8588595,0.0,-0.0157608725130558,-0.01804046332836151,0.06286811828613281,0.013112966401457565,-0.5607295754484776,1.0464705111949908,-0.25829508900642395,-0.4254499077796936,-0.20962849259376526,-0.000868029993970249,-0.18059004343374893,-0.039223246745969796
2358,1623510951.868643,0.0,-0.017988217994570732,-0.021644463762640953,0.05898335203528404,0.011820704444228801,-0.5622108470582656,1.0460676642628044,-0.2796003818511963,-0.16765591502189636,-0.4578351080417633,-0.10633527632241539,-0.1864308018951025,-0.034647176710695476
2359,1623510951.8786712,0.0,-0.01998978853225708,-0.02190464362502098,0.05446535721421242,0.010067592066497655,-0.5665715357684669,1.0468296155021817,-0.23485927283763885,0.08268123865127563,-0.43759509921073914,-0.11660420931766169,-0.16520770832810694,-0.034464438689353234
2360,1623510951.8884568,0.0,-0.020681677386164665,-0.018225016072392464,0.05062643811106682,0.010899985120857561,-0.5632964706913891,1.0473440751789995,0.4383878707885742,0.6717724800109863,-0.40989822149276733,-0.11409244594634682,-0.1743846610588279,-0.029466890947739754
2361,1623510951.9608939,0.0,0.0068056778982281685,0.007210073061287403,0.03536094352602959,0.019178173707282115,-0.5736000220215778,1.045487286881332,0.03252209722995758,0.5982692241668701,-0.4663572311401367,0.19622446660173362,-0.3590901761707525,-0.013139560751879801
2362,1623510951.97099,0.0,0.014845294877886772,0.012023287825286388,0.031194236129522324,0.020346102366229593,-0.5742246701949612,1.0453901563233061,0.6780723333358765,0.639814555644989,-0.4216161370277405,0.4727073674636457,-0.3890491393836877,-0.07242339647657262
2363,1623510951.9807196,0.0,0.021626990288496017,0.018187547102570534,0.02662329003214836,0.021113747712821623,-0.574177464386906,1.0456373398232732,0.5843290686607361,0.25738459825515747,-0.15103894472122192,0.11531879517361875,-0.03895456336287797,0.005322299172168723
2364,1623510951.9909282,0.0,0.02761887200176716,0.02428719960153103,0.02464502677321434,0.021825494499813705,-0.5740469102330492,1.0457272906341637,0.020804189145565033,1.0893561840057373,-0.38113608956336975,0.06680359923972497,0.0041824048654892495,0.016226286130677045
2365,1623510952.0006409,0.0,0.03188711404800415,0.029310477897524834,0.023353315889835358,0.022593871547182842,-0.5736860221489759,1.0461882639471656,0.14011381566524506,-0.22731071710586548,0.21647728979587555,0.08434928165165317,0.0211902792259914,0.02865195785459965
2366,1623510952.010808,0.0,0.03504326194524765,0.023505540564656258,0.025129612535238266,0.020716401209564125,-0.5738475058011209,1.046837452226876,-1.033807635307312,-0.25713813304901123,0.269740492105484,-0.04569807166373821,-0.008119644756437307,0.04987918632768101
2367,1623510952.0206919,0.0,0.03309779241681099,0.01269374880939722,0.023511633276939392,0.01733242036778508,-0.5734407134382217,1.04826994791407,-0.2710782587528229,-0.46912574768066406,-0.9105725288391113,-0.25754051367444786,0.0012283740279481286,0.08931650857951641
2368,1623510952.0307872,0.0,0.02469187043607235,0.006701978389173746,0.018264003098011017,0.01592773025515943,-0.5691351259002078,1.051552973554083,-1.3288859128952026,-0.4542120397090912,-0.2213463932275772,-0.2420514437958034,0.22977466864889343,0.21918441766159263
2369,1623510952.0410652,0.0,0.02672816812992096,0.014389545656740665,0.012086059898138046,0.01849220903407065,-0.5754829782466819,1.0522640786362039,-1.3406038284301758,1.3844343423843384,-0.6815406680107117,0.012178031359679115,0.0389761433994244,0.2069293832415953
2370,1623510952.0506456,0.0,0.020036494359374046,0.027739467099308968,0.009616069495677948,0.02274004484668208,-0.5782167632955806,1.053630825549311,0.012282073497772217,1.8222581148147583,0.07266659289598465,0.3152854244059022,-0.41266751016801967,0.11412378844898523
2371,1623510952.1246905,0.0,0.005588769447058439,0.039728883653879166,-0.002063937485218048,0.027926287441160054,-0.5804433594037723,1.0561379183860127,-0.17094340920448303,0.2286224663257599,0.3720058798789978,0.3751910630757158,-0.005437908073770813,0.10614950946298167
2372,1623510952.1345816,0.0,0.004249399993568659,0.04062909632921219,0.0015881359577178955,0.028626923629693476,-0.5806440449237972,1.0559237412817488,0.2551623582839966,-0.21133175492286682,0.20795518159866333,0.18780737603203929,0.19929294245252016,0.02585035325097165
2373,1623510952.1446571,0.0,0.0036524541210383177,0.04122200608253479,-0.0005528107285499573,0.029079700398184645,-0.5815243040081426,1.055563158068325,-0.13365915417671204,0.09546441584825516,-0.34811288118362427,0.060972929883730896,-0.04867114357182787,-0.028653169910321272
2374,1623510952.1547499,0.0,0.0026006358675658703,0.043056514114141464,-0.0021007508039474487,0.029980238081353222,-0.5822179305170443,1.055305548093373,0.18592017889022827,0.025156956166028976,0.01620757207274437,0.06385759633706718,-0.08155344107322589,-0.03403272446148395
2375,1623510952.1647823,0.0,0.0014414156321436167,0.04303063452243805,-0.0006596073508262634,0.030426702793407867,-0.5827345236879371,1.0550704324178453,-0.0931791141629219,-0.20920123159885406,0.2090204358100891,0.07190296840413161,-0.06258327687600596,-0.025278835318501027
2376,1623510952.1745834,0.0,0.0001536677300464362,0.04061874747276306,-0.00045976415276527405,0.03016831248905255,-0.5834509466254456,1.0548341219819681,0.04637053608894348,-0.3849698603153229,-0.0594262033700943,0.015460345547259339,-0.06371107224233591,-0.023536034098405288
2377,1623510952.1848493,0.0,-0.0014172396622598171,0.03829566389322281,-0.0008462443947792053,0.029865230265158034,-0.5841193258871084,1.0545417575143405,-0.20290134847164154,-0.19961385428905487,0.018338100984692574,-0.030221929968118053,-0.0749871357533201,-0.026738437385852635
2378,1623510952.1948485,0.0,-0.0029850415885448456,0.037164561450481415,-0.00040548667311668396,0.030055475403301505,-0.5846049380602267,1.0543173924054343,0.015477865934371948,-0.19535279273986816,0.050296034663915634,-0.011197914827711649,-0.06478120383203512,-0.0256751725619233
2379,1623510952.2046735,0.0,-0.004405115731060505,0.03627439960837364,0.00016821548342704773,0.030317671994745915,-0.5850821258716001,1.054089700754106,0.04637053608894348,-0.17724329233169556,0.06201394274830818,0.019234106023123285,-0.047510955635890514,-0.02160056252267439
2380,1623510952.2147965,0.0,-0.005238293204456568,0.03443051129579544,0.0007976926863193512,0.030222823226895637,-0.5866225613839415,1.053824336348219,0.09004637598991394,-0.37325194478034973,0.06627500802278519,0.01065020595424215,-0.09507963322050733,-0.02496777308152436
2381,1623510952.283311,0.0,-0.007913467474281788,0.002596540143713355,0.00963163748383522,0.02652113888932947,-0.5923963109101985,1.057896595166636,0.08365479111671448,-0.5010836720466614,0.23352152109146118,-0.2631999571573032,-0.08333485759818746,0.005534619138253591
2382,1623510952.2930694,0.0,-0.002312525175511837,-0.0032438021153211594,0.010282661765813828,0.025997744911687756,-0.5938870009986719,1.0571368194595911,0.6024385690689087,-0.2901613414287567,0.20369412004947662,-0.35493837274924184,-0.07174062452149063,-0.012739031446981448
2383,1623510952.3034644,0.0,0.0009217144106514752,-0.004968961700797081,0.013712245970964432,0.026671431124063366,-0.5941724712363483,1.0569047892782293,0.7728809118270874,0.47150275111198425,-0.1009715124964714,-0.02515800459700499,-0.10284655217921734,-0.05479154837807076
2384,1623510952.3132021,0.0,0.01356690376996994,-0.014815294183790684,0.01616036146879196,0.024511347229746003,-0.5959372105687244,1.0566723130276614,-1.910520315170288,0.400130033493042,0.6010377407073975,-0.08407994339238016,-0.20185451214798963,-0.035539157979223024
2385,1623510952.3235953,0.0,0.029054254293441772,-0.02523704804480076,0.020139899104833603,0.0226358138691036,-0.5974032283321298,1.056415630022573,1.1297444105148315,-1.1253286600112915,0.7235431671142578,-0.16402578509875693,-0.1320605103030239,-0.01843653536015088
2386,1623510952.33344,0.0,0.03282509371638298,-0.03092501126229763,0.02319025620818138,0.022562545746794893,-0.5955424898665683,1.0563578963605278,2.1257667541503906,-2.1565046310424805,0.2654794454574585,-0.08975164086652473,0.09143627930619887,-0.01194229655854398
2387,1623510952.3435395,0.0,0.04115387052297592,-0.03874289244413376,0.0253579281270504,0.021765804225653107,-0.5951657193337931,1.0570645865826251,0.26048868894577026,-0.7897703647613525,0.20369412004947662,-0.0754492065259809,0.07438735955883127,0.019599067571898776
2388,1623510952.3532627,0.0,0.052294522523880005,-0.048827484250068665,0.02676335722208023,0.020309641787314828,-0.5969335455071667,1.0576911840306482,0.44584470987319946,-0.39455723762512207,0.22712993621826172,-0.12659425764976975,-0.08690878070614862,0.066445680608497
2389,1623510952.3632379,0.0,0.06298203766345978,-0.06696879118680954,0.02968580648303032,0.016642611783708405,-0.5984477173776228,1.0581438643934322,1.9734338521957397,-2.0425212383270264,0.541382908821106,-0.21654587016959478,-0.1242887651325012,0.06423223153684597
2390,1623510952.373207,0.0,0.0628255158662796,-0.06668512523174286,0.030869606882333755,0.020237225019060317,-0.5958977584851504,1.0617956663491426,2.536958694458008,-0.7716608643531799,-0.12760312855243683,-0.06649357769507472,0.037044557080093486,0.16699393920918223
2391,1623510952.447652,0.0,0.0330701507627964,-0.0785752385854721,0.02676442265510559,0.013306363569331892,-0.6058203881863591,1.065104393668138,-0.914497971534729,-0.332771897315979,0.3080900311470032,0.017213636726706654,0.5415462792472514,0.24780767985870225
2392,1623510952.4573095,0.0,0.02168172225356102,-0.08111626654863358,0.02804410830140114,0.012145660815134598,-0.6066346006502386,1.0649054432398595,-1.2798837423324585,-0.11226215213537216,-0.03812091425061226,-0.17881156710024476,0.4009498886546485,0.08108920941866056
2393,1623510952.4671547,0.0,0.00994284637272358,-0.08340940624475479,0.027101993560791016,0.011059964204540484,-0.6090702318432589,1.064620727016516,-0.8260810375213623,-0.2496812641620636,-0.12334206700325012,-0.120095060242175,-0.13913287495761367,-0.02376495205199402
2394,1623510952.4775624,0.0,-0.0004865244263783097,-0.08553749322891235,0.025597579777240753,0.009834961025624353,-0.6093990668097546,1.0646849573814459,-0.9294117093086243,-0.14102430641651154,-0.1478431522846222,-0.11261393641663509,-0.1632897653393727,-0.01613586059332532
2395,1623510952.4874225,0.0,-0.005753785837441683,-0.0880114957690239,0.023410774767398834,0.008548988384069402,-0.6094077538160725,1.0642542107527844,-0.05589485168457031,-0.2667255103588104,-0.3150896728038788,-0.12478047600528078,-0.019559831681149328,-0.015226600290496837
2396,1623510952.497021,0.0,-0.010540548712015152,-0.08890478312969208,0.02064664661884308,0.007739046521635703,-0.6093020362055419,1.063340295250896,-0.5278069972991943,-0.07178210467100143,-0.23945589363574982,-0.11094425904708688,0.018353249013463708,-0.06523259170898489
2397,1623510952.5075488,0.0,-0.013763004913926125,-0.09113544225692749,0.018769238144159317,0.00660221742375993,-0.6098302664623918,1.0626227180734513,-0.06335170567035675,-0.15593799948692322,-0.20430216193199158,-0.09643791555231865,-0.014345894626711772,-0.08612633490940337
2398,1623510952.5172439,0.0,-0.0168696828186512,-0.09288837760686874,0.01672932133078575,0.005660130035707398,-0.6114907020315923,1.0623478151859416,-0.14111600816249847,-0.1282411366701126,-0.2074979543685913,-0.10456751858306028,-0.09463855021104947,-0.05315347515731124
2399,1623510952.5272148,0.0,-0.019586140289902687,-0.09317173063755035,0.015044033527374268,0.005172483936145569,-0.6128940318973781,1.0620673425402472,-0.11874546110630035,0.06989806890487671,-0.1563652604818344,-0.07922970679275493,-0.1500089089943236,-0.027655264656074263
2400,1623510952.5374806,0.0,-0.021054234355688095,-0.09260537475347519,0.013773679733276367,0.004828476377521793,-0.6141860291234644,1.0615918874505121,-0.03458956256508827,0.08587703108787537,-0.12760312855243683,-0.044004221599599436,-0.14089176902612915,-0.03646103418838905
2401,1623510952.6124418,0.0,-0.016565928235650063,-0.08432238548994064,0.011352784931659698,-0.0006181274261847225,-0.6247879632584943,1.0691495361721621,1.325753092765808,-0.481908917427063,0.11634243279695511,0.020839379878758002,-0.144180110170848,-0.026955108443746878
2402,1623510952.6220012,0.0,-0.01719333417713642,-0.07969487458467484,0.012608997523784637,-0.0004791904265670083,-0.6263061776468287,1.0690649343691954,-0.8804095387458801,1.157533049583435,0.27187103033065796,0.0525620263284471,-0.17380411308016877,0.002283219310435523
2403,1623510952.6324425,0.0,-0.012217826209962368,-0.07539918273687363,0.013765688985586166,-0.0004079944711793404,-0.6293629503656557,1.0686212495840168,0.6333312392234802,0.8123874068260193,-0.1521042138338089,0.011179805607969488,-0.23842504292895353,-0.02575941249427545
2404,1623510952.6420217,0.0,-0.00756839057430625,-0.06761077791452408,0.01129339262843132,0.0004666955001968176,-0.6307237471458462,1.0682885485993476,0.3233392834663391,0.8368884921073914,-0.19258426129817963,0.050111963761235556,-0.22445066833517033,-0.03539078148636167
2405,1623510952.6521819,0.0,-0.003545244922861457,-0.06376723200082779,0.009792722761631012,-0.00016169099184696473,-0.6313007344663021,1.0679182364384663,0.5790027976036072,0.16896764934062958,-0.24691274762153625,0.0268530469649306,-0.10557800467247104,-0.03897929081899276
2406,1623510952.6622303,0.0,0.005313175730407238,-0.057604189962148666,0.005714524537324905,-0.00020875346346718032,-0.6323074316263394,1.0677540155761114,0.226400226354599,1.1767078638076782,-0.518555223941803,-0.031498709916296004,-0.08329815733964625,-0.03263653588172675
2407,1623510952.6724384,0.0,0.010013311170041561,-0.04956425353884697,0.002008110284805298,0.0008077170122082963,-0.6326185941719782,1.0680613142114843,0.7782072424888611,0.8134526610374451,-0.276740163564682,0.03587482824945348,-0.05539578588651067,0.006498222294680162
2408,1623510952.6822324,0.0,0.017087168991565704,-0.040293414145708084,-0.001671072095632553,0.0017247280750027558,-0.6323805289586137,1.0687087105585202,0.559827983379364,1.0403540134429932,-0.39924558997154236,0.0965386190438672,-0.0038437755257218014,0.0483892300838812
2409,1623510952.6921382,0.0,0.020727843046188354,-0.03095048852264881,-0.004705091938376427,0.002679684244139606,-0.631755945837944,1.0692241231447477,0.3084256052970886,0.7580589056015015,-0.2948496639728546,0.09763818177835303,0.034691285179004355,0.060764202868892475
2410,1623510952.701985,0.0,0.025451626628637314,-0.024664150550961494,-0.007317151874303818,0.0026032965370835076,-0.6317055068019547,1.069675397010638,0.5726111531257629,0.5162438750267029,-0.31615495681762695,0.05208639742891043,0.04849965341587222,0.053318503502625895
2411,1623510952.7837372,0.0,0.004099330399185419,-0.004082924220710993,-0.02516886778175831,0.0031276508042078627,-0.6301830190284052,1.0698033607261614,-0.9102369546890259,0.13914024829864502,0.8172864317893982,0.23995542737873415,0.2716007392726871,0.03644368335539159
2412,1623510952.7931285,0.0,-0.003814978990703821,-0.006418841425329447,-0.02463669143617153,0.0023117257571323192,-0.6290186382271223,1.0694684242103762,-0.517154335975647,-0.4243846535682678,-0.5835363268852234,0.20254898622705034,0.3372612966076919,-0.01044615663940974
2413,1623510952.803001,0.0,-0.011620980687439442,-0.006871173158288002,-0.03133075311779976,0.0019320752830906292,-0.6299842130528781,1.0696558410603845,-0.5512428283691406,0.05285383015871048,-0.6953890919685364,-0.06439622348650702,0.03620453974567294,-0.017933199874811033
2414,1623510952.8129697,0.0,-0.015191678889095783,-0.004454866051673889,-0.03507542610168457,0.002291895605491187,-0.6309287404761714,1.070122491213084,-0.0750696137547493,0.12848760187625885,-0.06688304990530014,-0.010869818506336735,-0.09612791358210229,0.030009551503517713
2415,1623510952.8239977,0.0,-0.019439511001110077,-0.003669383004307747,-0.034102797508239746,0.0023794409201076117,-0.6301560421344936,1.0700575175804241,-0.2135539948940277,-0.006800977513194084,0.19943305850028992,0.023012060725826775,-0.029625296511952944,0.02464562263566782
2416,1623510952.8329906,0.0,-0.020423514768481255,-0.0006457269191741943,-0.033109113574028015,0.0032538325263490007,-0.6291114761839185,1.0690726550362137,0.04317474365234375,0.5854860544204712,0.03644759580492973,0.03956143055997418,0.07916766609205203,-0.045145101812635265
2417,1623510952.8430932,0.0,-0.02324400469660759,0.005203066393733025,-0.031851302832365036,0.00498157077436686,-0.6285782404641325,1.0684070474438403,-0.021806389093399048,0.4235658645629883,0.23565205931663513,0.12593579231721047,0.0904336487761937,-0.08527386250871101
2418,1623510952.8531146,0.0,-0.023798547685146332,0.0072263735346496105,-0.028717992827296257,0.005591923075990168,-0.6296828765128532,1.0683952192105362,0.005890486296266317,0.08374650031328201,0.4412480890750885,0.127806781280138,-0.01423995398346724,-0.04294797928495762
2419,1623510952.8630507,0.0,-0.025374969467520714,0.005062902346253395,-0.022995736449956894,0.004993597537013145,-0.6303820147016174,1.0684437606665687,-0.03885062038898468,-0.40414461493492126,0.6170167326927185,0.01836042137174346,-0.09301840430844109,0.0009734073627213716
2420,1623510952.8731704,0.0,-0.02620408870279789,0.002914530225098133,-0.01734314300119877,0.004479269122596066,-0.6305916908363018,1.0680032874862602,0.07619793713092804,-0.16019906103610992,0.4284649193286896,-0.05344883275525587,-0.056134634370676804,-0.015338637997037139
2421,1623510952.9459758,0.0,-0.03169356659054756,0.01369993295520544,-0.019710969179868698,0.01464953946050633,-0.6267104089267974,1.0660983434233624,0.7334660887718201,-0.019584152847528458,-0.3278728723526001,-0.02286265246907683,-0.01508455412527568,-0.03051996531247227
2422,1623510952.9555173,0.0,-0.030538488179445267,0.013000077567994595,-0.023568734526634216,0.015249180280459532,-0.628968742264369,1.0664729952136878,0.23918341100215912,-0.3317066431045532,-0.4333340525627136,0.09678414544138834,0.011445707577155491,-0.00010416957754329181
2423,1623510952.9656255,0.0,-0.0274166539311409,0.011264339089393616,-0.02649732306599617,0.015125335800924039,-0.6306242742556611,1.0669650588111865,0.3318614065647125,-0.6289154291152954,-0.05836093798279762,0.04704816385906482,-0.1793606727783748,0.042484408812495426
2424,1623510952.9760435,0.0,-0.024668900296092033,0.005661360453814268,-0.02819386124610901,0.013704262066186357,-0.6320192620243487,1.066619872626408,0.7654240727424622,-1.2712699174880981,-0.0019019230967387557,-0.052303903069786446,-0.1486098398269993,0.011190678292411394
2425,1623510952.9858415,0.0,-0.021567393094301224,0.0017762418137863278,-0.026887789368629456,0.012780012004367666,-0.6327595421456527,1.0664538252449764,0.5907206535339355,-0.6544817686080933,0.09503714740276337,-0.1356198300948193,-0.121298831013054,-0.023535741161436852
2426,1623510952.995662,0.0,-0.014424712397158146,0.0008847925928421319,-0.026301860809326172,0.013538821292985892,-0.6345720433340714,1.0663766788085474,0.5758069753646851,0.1359444558620453,0.31980791687965393,-0.044615469879876746,-0.1468733064086726,-0.012027173512307626
2427,1623510953.0060823,0.0,-0.008403153158724308,-0.0031381535809487104,-0.02238864079117775,0.013752803344390593,-0.6347172763395034,1.0657846562674769,0.034652628004550934,-0.46379944682121277,0.3080900311470032,0.04790577439875211,-0.11185320135718722,-0.02843223379057624
2428,1623510953.0157282,0.0,-0.0007156021893024445,-0.006740831770002842,-0.019522447139024734,0.013275924717799759,-0.63406992289188,1.0653991498341324,0.7121608257293701,-0.7855092883110046,0.1770625114440918,0.009356352269036548,0.010684635614459018,-0.05171035421169841
2429,1623510953.0256453,0.0,0.006033721845597029,-0.009470734745264053,-0.017084414139389992,0.01291738605006891,-0.6336973509187412,1.06573550604881,0.11348219215869904,-0.26139917969703674,0.3773322105407715,-0.043972010307488305,0.0488044894380034,-0.009892265522370014
2430,1623510953.035737,0.0,0.01042273361235857,-0.014189316891133785,-0.012948447838425636,0.012693150804528347,-0.633605700452105,1.066396955820921,0.3286656141281128,-0.47338682413101196,0.4231385886669159,-0.03565185729176117,0.03259731606544217,0.04946757008583197
2431,1623510953.1114058,0.0,0.015626268461346626,-0.016178075224161148,0.021022282540798187,0.014523857469729617,-0.6353790313195152,1.0675569588475988,0.7824682593345642,-0.30187922716140747,1.525687336921692,-0.05677871497110965,-0.08513654815729788,0.08556778320619546
2432,1623510953.121021,0.0,0.013522235676646233,-0.017528386786580086,0.02792002633213997,0.013994036353750593,-0.6334273626179218,1.0667117142650324,-0.7610999345779419,0.5183743834495544,0.2281952053308487,-0.09907373614164369,-0.043673484616425236,0.02492478190844784
2433,1623510953.1310332,0.0,0.005371565464884043,-0.01462123915553093,0.031425315886735916,0.01458781902991775,-0.6304456038786688,1.0658820266776172,-0.5341985821723938,0.19240346550941467,0.20369412004947662,-0.01321207024635288,0.23132852155834682,-0.07984949107918878
2434,1623510953.1413524,0.0,0.00012727714783977717,-0.011987980455160141,0.03288526460528374,0.015212391558392664,-0.6306851185308472,1.0661397117854157,-0.554438591003418,0.08481176942586899,0.1589530110359192,0.0709594126535171,0.176066531450708,-0.046593907747847475
2435,1623510953.1507525,0.0,-0.005500489380210638,-0.011479012668132782,0.034508805721998215,0.015154775542178249,-0.631611507401399,1.0669849083965108,-0.4308679401874542,-0.005735713057219982,0.17493197321891785,0.036743779654719116,-0.0411560541279427,0.04345667734542907
2436,1623510953.1609852,0.0,-0.00980228092521429,-0.014131788164377213,0.03597373142838478,0.014194407676752258,-0.6322809548928623,1.0669506451395263,-0.15176865458488464,-0.5287805795669556,0.06627500802278519,-0.043899403956026394,-0.08693013022646681,0.04827758395808001
2437,1623510953.170839,0.0,-0.013193298131227493,-0.019227107986807823,0.03427441790699959,0.012519246714071688,-0.630791462604956,1.065933460828694,-0.22207610309123993,-0.4946921169757843,-0.28313174843788147,-0.13258936754300185,0.022212263261115982,-0.041719554478747735
2438,1623510953.180752,0.0,-0.01538628339767456,-0.022266177460551262,0.031212937086820602,0.011516158760743245,-0.6301871255072798,1.0651447870685653,0.02506524696946144,-0.1708517074584961,-0.27993595600128174,-0.1440642883011745,0.10920013384149292,-0.09320890524174004
2439,1623510953.1909919,0.0,-0.01802109368145466,-0.020653344690799713,0.028686974197626114,0.011924516920940528,-0.6309079988027538,1.0648936358165113,-0.059090644121170044,0.37882474064826965,-0.23839062452316284,-0.0441100131783314,0.010236947246897261,-0.059662177971275654
2440,1623510953.2008364,0.0,-0.020177317783236504,-0.016144879162311554,0.026244252920150757,0.01316790887252979,-0.6313886960805393,1.0647563481229174,-0.14111600816249847,0.602530300617218,-0.1616915911436081,0.07394367684968839,-0.05668738858358184,-0.022209877825984766
2441,1623510953.271973,0.0,-0.023884905502200127,-0.019599923864006996,0.021803632378578186,0.011913290816490264,-0.6374921858944644,1.0631346966728012,0.03252209722995758,0.09759493917226791,0.09610240906476974,0.009350620613324296,-0.040058978772105486,-0.009699324714794589
2442,1623510953.2823253,0.0,-0.02395690232515335,-0.020019466057419777,0.02272576093673706,0.00639666318963697,-0.6406211767493133,1.0622085518452877,0.12306957691907883,-0.17191697657108307,0.04923076927661896,-0.024441477361519123,-0.06013876797969982,-0.006496906498322988
2443,1623510953.2919655,0.0,-0.02428845316171646,-0.02120788022875786,0.023197896778583527,0.005777267101747086,-0.6398901719083996,1.0629096139909033,0.0825895220041275,-0.038758911192417145,0.04390444979071617,-0.029178435442010073,-0.07122121198581899,-0.001249984423147122
2444,1623510953.3019345,0.0,-0.02292300947010517,-0.02067883498966694,0.02375142276287079,0.00565136196966344,-0.6406398501704236,1.0651144955201441,0.27540239691734314,0.2520582973957062,0.08118870854377747,-0.03448038690144802,-0.062023908429161195,0.043189683306481784
2445,1623510953.3118646,0.0,-0.024127734825015068,-0.016467485576868057,0.023531310260295868,0.006734852466591529,-0.642362201767257,1.0653198914630857,-0.18372657895088196,-0.04834629222750664,0.08331923931837082,0.042752019179922475,-0.1302762590373639,0.1208789578313716
2446,1623510953.322016,0.0,-0.022167053073644638,-0.012620761059224606,0.02363007888197899,0.007620727200174787,-0.643614996395371,1.0655203456285474,-0.5118280053138733,0.6185092329978943,0.0034243990667164326,0.09181957937261992,-0.15866720799128844,0.03521989467689939
2447,1623510953.3321302,0.0,-0.021727455779910088,-0.01121753454208374,0.0243966206908226,0.007134951816801127,-0.6455310354700392,1.0657240665750467,0.16887594759464264,0.32769206166267395,-0.1574305295944214,0.030043986264074504,-0.1466469569999276,0.014933057939218088
2448,1623510953.34181,0.0,-0.018497029319405556,-0.01386304758489132,0.02251157909631729,0.006033889125171568,-0.6466154202585324,1.06539624258445,0.76222825050354,-0.5404984951019287,-0.29698020219802856,-0.06332405122210524,-0.14205819007860196,-0.00367362071776626
2449,1623510953.3521993,0.0,-0.01608295738697052,-0.013951284810900688,0.019512470811605453,0.005678580672256822,-0.646627052327173,1.064882922128147,-0.30836251378059387,-0.09095686674118042,-0.21921586990356445,-0.077824894024974,-0.08406658693207195,-0.038228074762994724
2450,1623510953.3619955,0.0,-0.01043676771223545,-0.015313933603465557,0.016443684697151184,0.005218424511184691,-0.6477152753097272,1.0650022896596916,0.6237438917160034,0.5268965363502502,-0.44718247652053833,-0.05721465635515928,-0.0640154036394084,-0.022869848614355374
2451,1623510953.433136,0.0,-0.007756315637379885,-0.018367700278759003,0.000979498028755188,0.003027857873963813,-0.6459960389050876,1.0670950845257559,0.6109607219696045,-1.1562213897705078,-0.3651571273803711,-0.07888209731224463,-0.04089502850282488,0.04646568692813589
2452,1623510953.4430885,0.0,-0.009973370470106602,-0.01327931322157383,-0.00651935301721096,0.0045647314418831575,-0.6429325896476639,1.0657845706814153,-0.7717525362968445,1.2842994928359985,-0.7997850179672241,-0.025262026222840957,0.18930716762265887,-0.020595124407686103
2453,1623510953.4530072,0.0,-0.015565380454063416,-0.010006015188992023,-0.004449464380741119,0.005145768522843083,-0.6459015597743718,1.0658946127169835,0.07832846790552139,1.1894910335540771,0.20688991248607635,0.07483949493511097,0.06844434950135576,-0.07164922929974561
2454,1623510953.4630258,0.0,-0.013977045193314552,0.004155901260674,-0.0031062811613082886,0.009070533189043252,-0.6498669572405473,1.0676064672329832,0.11241693049669266,-0.13889376819133759,0.40183329582214355,0.2400211794882098,-0.33134409997708236,0.08531704446521693
2455,1623510953.4730499,0.0,-0.01819731295108795,0.0079757459461689,-0.0014199092984199524,0.010261661745426205,-0.6516758087406753,1.0695078912589744,-0.5395249128341675,0.04113592207431793,-0.41415926814079285,0.26287443278996125,-0.33177408487546417,0.1928117043604707
2456,1623510953.4829726,0.0,-0.01803498901426792,0.002613372402265668,-0.00881895236670971,0.008669222847351124,-0.6527968869314376,1.0706221284670365,0.0964379608631134,-1.011345386505127,-0.5867321491241455,0.004552007625412406,-0.15306523948649278,0.15419317293261858
2457,1623510953.4934878,0.0,-0.019912753254175186,-0.005976344458758831,-0.00992514193058014,0.005996764988330898,-0.6535647459837233,1.070629107390213,-0.7472514510154724,-0.5277153253555298,0.015142307616770267,-0.19310103401950154,-0.09086470027108906,0.061242155500476896
2458,1623510953.5030487,0.0,-0.024917349219322205,-0.009582700207829475,-0.01175212673842907,0.004877042129629111,-0.6531741528584731,1.0703407842601227,-0.37014785408973694,-0.32638031244277954,-0.3843318819999695,-0.2031313891746574,-0.0385911653184918,-0.011531543009323462
2459,1623510953.5130415,0.0,-0.029933657497167587,-0.008063621819019318,-0.016119442880153656,0.005337690808026693,-0.6525687652515076,1.0700145815643944,-0.1123538687825203,0.3074520230293274,-0.5089678168296814,-0.058138307716697514,0.044661853425140285,-0.03479293329428843
2460,1623510953.5229843,0.0,-0.03244977444410324,0.0003612643340602517,-0.022690296173095703,0.007721608219297252,-0.6534014988898237,1.0699479901213036,-0.4457816481590271,0.966850757598877,-0.5984500050544739,0.1182178157505137,-0.0032751376633383925,-0.023864895268875246
2461,1623510953.5975845,0.0,-0.039678674191236496,-0.007209172938019037,-0.002500448375940323,0.006338012861622597,-0.6564640585939279,1.0675315759901323,0.0921769067645073,-0.09308739751577377,0.3666795790195465,-0.030501287474749318,0.034390878491425636,-0.015000849889993381
2462,1623510953.607654,0.0,-0.040115900337696075,-0.0069618807174265385,0.0006734095513820648,0.006320706059759866,-0.657519242790112,1.0673373387235863,0.05808844417333603,-0.04301996901631355,0.26228365302085876,-0.15018570176555937,0.01999273184024165,-0.020171043349776662
2463,1623510953.6173708,0.0,-0.0406496562063694,-0.005851984489709139,0.0025992877781391144,0.006567975070488938,-0.6583753137476365,1.0668704204209272,0.03252209722995758,0.21583929657936096,0.19197620451450348,0.004845011910015037,-0.09982336172288424,-0.030394300273946417
2464,1623510953.627616,0.0,-0.041707225143909454,-0.002905335510149598,0.004239894449710846,0.007324031793703653,-0.658688515601165,1.0662771529979824,-0.03885062038898468,0.18920767307281494,0.14190877974033356,0.04641555471954506,-0.06751397867279484,-0.0542398354802913
2465,1623510953.6375375,0.0,-0.04127166047692299,-0.0019890894182026386,0.005368378013372421,0.01028942787718827,-0.6565433671160195,1.0648988373699608,0.15502750873565674,-0.056868407875299454,0.08118870854377747,0.051206978173932,-0.07295000934619374,-0.05007529282033846
2466,1623510953.647178,0.0,-0.04081173986196518,-0.004156339913606644,0.005640130490064621,0.009476514182093748,-0.6520654087156899,1.0662774823876044,0.3329266905784607,-0.4957573711872101,-0.018946155905723572,0.048573434352963095,-0.08500692117772037,-0.043757349174881464
2467,1623510953.6571393,0.0,-0.038075193762779236,-0.009000549092888832,0.004770934581756592,0.007716138832034661,-0.6543804099986561,1.0666841282715391,-0.36482155323028564,-0.16872118413448334,-0.29378440976142883,-0.0688419772056638,-0.02074508866869891,0.03765161471110419
2468,1623510953.6672184,0.0,-0.034758392721414566,-0.012210577726364136,0.00242479145526886,0.006836264230049391,-0.6558939621782723,1.0669628951487922,1.5963302850723267,-1.0827181339263916,-0.1574305295944214,-0.11890535442681818,-0.14119631574529884,0.036834428096399585
2469,1623510953.677494,0.0,-0.031422995030879974,-0.017039809376001358,0.0018365047872066498,0.006179534778760751,-0.6573884883472864,1.0671859946512594,0.14863592386245728,0.19453400373458862,-0.0732746422290802,-0.10179476328321047,-0.1551475719613655,0.025396785974263904
2470,1623510953.6873567,0.0,-0.02487921714782715,-0.0221085362136364,0.003429267555475235,0.0052871039331466585,-0.6593140793129678,1.0670822713081682,0.2487707883119583,0.177489772439003,0.1909109503030777,-0.09335660870666808,-0.20057496164099842,0.006575864340869169
2471,1623510953.7672818,0.0,0.04945392906665802,-0.05801374837756157,0.01633778214454651,-0.0005193798474442679,-0.6618649808612506,1.0674241542702299,0.466084748506546,-0.4765826165676117,0.09290661662817001,-0.6547798820647137,-1.3425962694470306,-0.018819933036418792
2472,1623510953.7770395,0.0,0.05801280215382576,-0.06152069568634033,0.017056815326213837,-0.0009341538752851083,-0.6636857106742233,1.0680224076536826,0.4064299166202545,-0.012127299793064594,0.07799291610717773,-0.5716446197804709,-1.162164280966782,0.00984161177517252
2473,1623510953.786767,0.0,0.0582919605076313,-0.05838406831026077,0.01732086017727852,-7.212053417703784e-05,-0.6592990542838328,1.0694119323074744,-0.2231413722038269,0.8848253488540649,-0.12760312855243683,-0.011808803421118553,0.030382237226574675,0.0916845462004363
2474,1623510953.796771,0.0,0.06136033684015274,-0.0544750802218914,0.016873326152563095,0.000668409767491468,-0.659561398332981,1.0701856044482676,-0.1581602394580841,-0.2720518410205841,0.35602691769599915,0.08476951622541452,0.2461920272664119,0.11188938607223403
2475,1623510953.8069513,0.0,0.05666479840874672,-0.05310772359371185,0.021002180874347687,0.0005274841751777698,-0.663014219337202,1.07333794943509,-0.47134798765182495,0.27762463688850403,0.21541203558444977,0.036457839278681854,-0.1379613201153979,0.19031227560730635
2476,1623510953.8168755,0.0,0.06077820435166359,-0.05171936750411987,0.021974638104438782,0.0005704322333249107,-0.6704072103017432,1.0772963280692456,-0.3850615620613098,-0.13889376819133759,0.10568979382514954,0.0023398033227166387,-0.5415023387631692,0.3570315107888437
2477,1623510953.826951,0.0,0.05280733481049538,-0.04823923856019974,0.023285645991563797,0.001098439940368734,-0.670866811535072,1.078535665704025,-1.3661701679229736,0.8304969072341919,0.22926045954227448,0.018412633507783348,-0.43249936035144193,0.28658523186702284
2478,1623510953.836955,0.0,0.0489337258040905,-0.05224984511733055,0.027638766914606094,-0.0005730760155360295,-0.668080984501628,1.0772763900425177,0.1475706696510315,-0.9048188924789429,0.6276693344116211,-0.03765740342155005,0.09292550941955668,0.02776739497832464
2479,1623510953.8468022,0.0,0.042692843824625015,-0.05937602370977402,0.03563244268298149,-0.002817411608526374,-0.6666879677637739,1.0753453557717711,-1.0519171953201294,-0.11545795202255249,0.603168249130249,-0.18461286661314513,0.22889614301766448,-0.15451664611463886
2480,1623510953.8568106,0.0,0.0353887639939785,-0.05929141864180565,0.03809095546603203,-0.0030072775593753542,-0.6678038667207984,1.074666372389183,-0.3296678066253662,0.3021257221698761,0.0705360621213913,-0.1379791445654924,0.04958665658594044,-0.14148615016646515
2481,1623510953.9308295,0.0,-0.007202574983239174,-0.05046452209353447,0.03330063447356224,-0.0029944973695268592,-0.6753311167897156,1.0711489982202869,-0.4372595250606537,0.3308878540992737,-0.2351948320865631,0.04850259885655655,0.41888934915576903,-0.015006381824042852
2482,1623510953.9407089,0.0,-0.010637597180902958,-0.04795780032873154,0.031425151973962784,-0.002719298676237096,-0.676454289622996,1.070488989363739,-0.2284676879644394,0.22116561233997345,-0.15530000627040863,0.08512508437777691,0.41484094903311164,-0.004724086656989185
2483,1623510953.950552,0.0,-0.013173472136259079,-0.048382267355918884,0.03024919703602791,-0.0032256552858440854,-0.6781773347537916,1.0699159751137302,-0.04524220898747444,-0.06965158134698868,-0.15316946804523468,-0.0013746692494768203,-0.1344445295191333,-0.06128274823524072
2484,1623510953.9607396,0.0,-0.014886019751429558,-0.049007415771484375,0.028478126972913742,-0.0037497844774715128,-0.6793687617822476,1.0694481060196506,-0.25616455078125,0.032613806426525116,-0.17447476089000702,-0.04991868441872668,-0.16236994656291812,-0.053992320807910485
2485,1623510953.9707363,0.0,-0.016251636669039726,-0.04808173328638077,0.02684994414448738,-0.0038346445629160383,-0.6780963254929815,1.0687902633775794,-0.010088480077683926,0.17535923421382904,-0.1659526526927948,-0.03562343134529879,-0.01766342615395138,-0.05319169906317204
2486,1623510953.9806972,0.0,-0.016872752457857132,-0.04610469192266464,0.025540627539157867,-0.0035589488674794903,-0.6785843495368624,1.0680758801610888,-0.2284676879644394,0.352193146944046,-0.06475251913070679,0.005160999912880345,0.04453483238222893,-0.06889909485728961
2487,1623510953.9907315,0.0,-0.017036408185958862,-0.04335469380021095,0.024537701159715652,-0.003945345373961268,-0.6846729389288356,1.0795886939667385,0.07087161391973495,0.29466885328292847,-0.08818834275007248,0.013203301760014082,0.03568502473833823,-0.057955990868533855
2488,1623510954.0007179,0.0,-0.016408869996666908,-0.04036042094230652,0.024354655295610428,-0.0035859309423474234,-0.6820555530280956,1.08080691910007,0.24237920343875885,0.6035955548286438,0.028990745544433594,0.020515599435544218,0.029674200221645443,-0.047920206897814344
2489,1623510954.010716,0.0,-0.01791396364569664,-0.035666413605213165,0.023918241262435913,-0.0029316976746063816,-0.6837049191965198,1.0813324560215167,-0.2550992965698242,0.3681721091270447,-0.10949362814426422,0.044463217401139996,0.010113790814710331,0.05066193583053584
2490,1623510954.0207038,0.0,-0.013875676319003105,-0.03288659825921059,0.024280905723571777,-0.0027138331852836622,-0.6851098769183144,1.0814996688319336,0.4298657476902008,-0.21985387802124023,0.0012938702711835504,0.05610434013846557,-0.1351918508683646,0.04004612371448162
2491,1623510954.0961545,0.0,0.016698097810149193,0.03292136639356613,-0.0005220696330070496,0.004422206776423035,-0.687052142936893,1.0819095794695524,0.44158366322517395,0.7623199820518494,-0.3640918433666229,1.0610806947546854,-0.45609857866786724,0.06963397736710572
2492,1623510954.1061046,0.0,0.021138504147529602,0.041873350739479065,-0.0059388186782598495,0.005295579691046812,-0.6860598651579313,1.082440398203019,-0.19864028692245483,1.3471500873565674,-0.6240164041519165,0.8449844160622036,-0.2632470044024796,0.07671579282444639
2493,1623510954.1160867,0.0,0.025766022503376007,0.04980192705988884,-0.010362233966588974,0.00616961155691835,-0.6849854919301674,1.0829185263863672,0.7451840043067932,0.3713679015636444,-0.40989822149276733,0.10979299947145803,0.10057366257280063,0.05433784703517974
2494,1623510954.1258066,0.0,0.032026760280132294,0.05015764385461807,-0.014626570045948029,0.005209860194691031,-0.685001088705107,1.0834983118492079,0.2210739105939865,-0.2539423406124115,-0.3044370412826538,0.019046078767569405,0.07807384800727879,0.05384119156951954
2495,1623510954.136081,0.0,0.028059540316462517,0.04681500047445297,-0.01884276792407036,0.00382842363852081,-0.6803000651451971,1.086443633408189,-1.1168982982635498,-1.0433032512664795,-0.31189388036727905,-0.10618244319090422,0.16001411549833014,0.16194064236799482
2496,1623510954.1464076,0.0,0.028572650626301765,0.03782124072313309,-0.024985555559396744,0.0020080240716342374,-0.6758569026307336,1.0871335394634847,-0.059090644121170044,-0.5969575047492981,-0.8210902810096741,-0.1663915890594537,0.4847026770940094,0.18469815069617646
2497,1623510954.1562665,0.0,0.023318754509091377,0.03921239450573921,-0.029653148725628853,0.0030855141395279076,-0.6816296729429161,1.0896859681276865,-1.5589830875396729,1.02863609790802,-0.5174899101257324,-0.0752019381364569,-0.013474583182593139,0.16393595363688962
2498,1623510954.1663635,0.0,0.025466347113251686,0.04963332414627075,-0.0384041890501976,0.006432479733620065,-0.6862549248864409,1.0920479252614181,0.9933906197547913,-0.38603511452674866,-0.9606399536132812,0.21227136663703852,-0.5208773748013452,0.24732257354843842
2499,1623510954.17656,0.0,0.026454728096723557,0.05275683104991913,-0.038091499358415604,0.007707214074570784,-0.685826185426627,1.0928035760501889,-0.20290134847164154,1.8371717929840088,0.24097837507724762,0.21957533959295356,-0.23987083916602178,0.17600548278142514
2500,1623510954.1861112,0.0,0.019545389339327812,0.05564640834927559,-0.03588121384382248,0.008803442987742632,-0.6820042778092097,1.0922681681202535,-0.018610596656799316,-0.15487274527549744,0.28571945428848267,0.12676649123295913,0.1657151572527422,0.03388001366076574
2501,1623510954.2600343,0.0,-0.018484389409422874,0.05397249758243561,-0.03398872911930084,0.012039338472767148,-0.6800519591742488,1.092197226045663,-0.2689477503299713,0.09759493917226791,0.18025830388069153,0.1135718228351508,0.7180844328294135,-0.016390839429207337
2502,1623510954.2698023,0.0,-0.021991951391100883,0.05415285751223564,-0.032221805304288864,0.012506942664107672,-0.6804008222510776,1.0917951418045861,-0.27640458941459656,0.04326644912362099,0.22073835134506226,0.061609269411611566,0.532301837279044,-0.015456090992804039
2503,1623510954.2794108,0.0,-0.025881851091980934,0.05437704920768738,-0.029767395928502083,0.013158093828055495,-0.6816198719934642,1.0915676381382817,-0.357364684343338,-0.13995903730392456,0.2143467664718628,0.059488221838259435,-0.06366578304755371,-0.03639448437601693
2504,1623510954.290133,0.0,-0.02893061190843582,0.05349544435739517,-0.027967099100351334,0.013442038598816701,-0.6818189076098471,1.0914532483485018,-0.2689477503299713,-0.14422009885311127,0.1813235729932785,0.04815946598490132,-0.08384359333614927,-0.021810782690868842
2505,1623510954.2997043,0.0,-0.030721725896000862,0.051498837769031525,-0.026110846549272537,0.013276448806494971,-0.6814932682518028,1.0909574407519294,0.03678315505385399,-0.28803080320358276,0.20156359672546387,0.01093040765191121,-0.0023971014915784472,-0.026055445999846816
2506,1623510954.3097095,0.0,-0.03130912408232689,0.049696628004312515,-0.02429252490401268,0.013287129775208642,-0.6817005654917183,1.0901503712881513,0.1422443389892578,-0.26992130279541016,0.17173618078231812,-0.005247434494330605,0.009624433241940566,-0.061373572368213926
2507,1623510954.319869,0.0,-0.03228002041578293,0.04978176951408386,-0.02248411253094673,0.013849762870363259,-0.6822439158883657,1.0899316541015236,0.03571789339184761,-0.027041003108024597,0.186649888753891,0.02242146580844451,-0.033335507850405885,-0.05672376734807031
2508,1623510954.3294332,0.0,-0.03283680975437164,0.04967155680060387,-0.020853381603956223,0.014340861309215084,-0.6833125308787401,1.0899583567566578,-0.021806389093399048,-0.006800977513194084,0.14297404885292053,0.04863825039804587,-0.07770109491142972,-0.013302631203759713
2509,1623510954.3396661,0.0,-0.03380260244011879,0.04948718845844269,-0.01942565105855465,0.016700294612553068,-0.6791422148131915,1.0960366260316878,-0.0750696137547493,-0.03662838414311409,0.12806034088134766,0.05023871144879895,-0.09829839407619857,0.00248182215201957
2510,1623510954.3495173,0.0,-0.03501475229859352,0.04881495609879494,-0.018592769280076027,0.016955933391827188,-0.6747942222455847,1.096912996732415,-0.11768019199371338,-0.00040939077734947205,0.02686021663248539,0.04600145667207126,-0.10983402584710232,0.011532381719140644
2511,1623510954.4252224,0.0,-0.008585354313254356,0.038783393800258636,0.002252623438835144,0.017346396722944774,-0.6799086201365936,1.099331944413851,0.7430534958839417,-0.5649995803833008,0.5680145621299744,-0.1160605776335442,-0.31957702724197085,0.09118524415314817
2512,1623510954.4351902,0.0,-0.005254494957625866,0.03539783135056496,0.007359839975833893,0.017713575372025676,-0.6788647918754119,1.0996061095821763,0.5331963896751404,-0.72159343957901,0.5765366554260254,-0.1461969834219189,-0.2773274767727386,0.0651082485945589
2513,1623510954.445588,0.0,-0.0010313893435522914,0.028922226279973984,0.012789357453584671,0.017460395818809205,-0.677698796250644,1.1002003932018076,0.3339919447898865,-0.6480901837348938,0.3997027575969696,0.0007677941012409707,0.0918014681462142,0.044066791036191884
2514,1623510954.4551454,0.0,0.001954808831214905,0.022711947560310364,0.01823902502655983,0.017192851173428912,-0.6766687782959793,1.101162116247374,-0.003696893807500601,-0.4062751531600952,0.6202124953269958,-0.020019518521974946,0.10680449131271928,0.08025170091646121
2515,1623510954.4651303,0.0,0.003640631213784218,0.019622493535280228,0.023479554802179337,0.017406475868077774,-0.675619435778825,1.10222387996088,0.34890565276145935,-0.6001532673835754,0.5019681453704834,-0.002220300999091423,0.11556539587591652,0.10521118317847332
2516,1623510954.475422,0.0,0.004769347608089447,0.016429096460342407,0.028977762907743454,0.01792132805427734,-0.6739582237642747,1.1026541860162205,0.33079615235328674,-0.5447595119476318,0.5744061470031738,0.03928861977927682,0.1451945258248531,0.08064677005221796
2517,1623510954.4851243,0.0,0.004518669564276934,0.01617681421339512,0.034302715212106705,0.01836710429033827,-0.6730900406004231,1.1059857101638428,0.22533497214317322,0.5503323078155518,0.3954417109489441,0.04037651613041546,0.13248500325404197,0.1656982886773866
2518,1623510954.4952645,0.0,0.0056120469234883785,0.01882733404636383,0.03810281679034233,0.019360891966908246,-0.671208991110238,1.1077753277683384,0.2583581805229187,1.2544721364974976,0.3389827013015747,0.0651956485641444,0.13866481323684812,0.26266700564524254
2519,1623510954.5053606,0.0,0.004926564171910286,0.02049405314028263,0.04469960555434227,0.02022852496834817,-0.677069276608538,1.108566532472999,-1.471631407737732,0.5695070624351501,0.7139557600021362,0.11678121257625221,-0.23757408614177142,0.157119138828734
2520,1623510954.5155132,0.0,0.006389261223375797,0.016726776957511902,0.0565301813185215,0.01932672293317543,-0.678472033087914,1.108982530404418,0.8218830823898315,-0.258203387260437,1.207173228263855,0.026725820430045334,-0.38336244804696085,0.0647954444846705
2521,1623510954.5900033,0.0,-0.032726891338825226,-0.00842469371855259,0.0711052268743515,0.013779409337617461,-0.670433256239733,1.1071022321234867,-0.7025103569030762,-0.3135971426963806,-0.07433990389108658,-0.40715314232798,0.45085246911234156,-0.0008312991164065394
2522,1623510954.599827,0.0,-0.03869505226612091,-0.01196982804685831,0.07021716237068176,0.012766700323475669,-0.6709973821163672,1.1065884599718276,-0.6034407615661621,-0.25287705659866333,-0.1521042138338089,-0.4356733459291355,0.5335271370945877,-0.05468614874025566
2523,1623510954.6105042,0.0,-0.0456128753721714,-0.015474685467779636,0.06941422820091248,0.01181520582829277,-0.6728183356163082,1.1068027922445371,-0.47560903429985046,-0.6448943614959717,-0.10949362814426422,-0.10483657114602034,-0.09152583233332916,-0.02420302614755743
2524,1623510954.619944,0.0,-0.05059483274817467,-0.016139861196279526,0.06752416491508484,0.011472380927475531,-0.6734922379426168,1.1066109554293921,-0.7451209425926208,0.24460142850875854,-0.2351948320865631,-0.06922829134590024,-0.1518586671771164,0.004868076567244814
2525,1623510954.6300719,0.0,-0.05456040799617767,-0.01391332596540451,0.06434041261672974,0.011805936463001508,-0.6717162138052086,1.1052088621080796,-0.116614930331707,0.2520582973957062,-0.34385183453559875,-0.0052957953605267186,0.02148206473193656,-0.06179758502467078
2526,1623510954.6399295,0.0,-0.056324273347854614,-0.010635197162628174,0.061729345470666885,0.012529441094989748,-0.6712599860582843,1.1038698046095958,-0.10383175313472748,0.2467319518327713,-0.12014627456665039,0.053623940990474295,0.11697087730154154,-0.1330542891504745
2527,1623510954.6499274,0.0,-0.05781995505094528,-0.012564574368298054,0.0625796765089035,0.011791960336283883,-0.671678676101165,1.103616473128443,0.19657282531261444,-0.48830050230026245,0.20688991248607635,0.006402474008241977,0.015935727140383892,-0.09561515577332586
2528,1623510954.659963,0.0,-0.05718405917286873,-0.01988276280462742,0.061681609600782394,0.00957490703677362,-0.6734265602058741,1.1034883604856425,0.10815586894750595,-0.6907007694244385,-0.5718184113502502,-0.13429546229812503,-0.1025930033697769,-0.026847673259670312
2529,1623510954.6701143,0.0,-0.057353898882865906,-0.025681421160697937,0.05662088468670845,0.007700297847478912,-0.6739205890466695,1.1031732904274,0.3659498691558838,-0.43823307752609253,-0.5132288932800293,-0.2040692709449628,-0.11574874273724382,-0.021397269913602045
2530,1623510954.6798935,0.0,-0.05692686885595322,-0.025907287374138832,0.051264066249132156,0.00731363073169047,-0.674551382693668,1.102619175468269,-0.09530963748693466,0.11996549367904663,-0.4674225151538849,-0.13086766671128786,-0.070598832647855,-0.03736922224670129
2531,1623510954.754742,0.0,-0.04397750645875931,-0.013824479654431343,0.04410010203719139,0.002315824663206706,-0.6794353842841494,1.1109296375486195,-0.12194125354290009,0.36071527004241943,-0.25117382407188416,0.058707999755382295,-0.16340139407326798,-0.017140754275335204
2532,1623510954.7647636,0.0,-0.039493005722761154,-0.014888097532093525,0.04181951656937599,0.0016447485521240701,-0.6795769119531747,1.11067026879022,0.580068051815033,-0.1570032685995102,-0.17340949177742004,0.08576540451652222,-0.13051429640869158,-0.0008424733758419661
2533,1623510954.7748022,0.0,-0.03586583957076073,-0.011838434264063835,0.03990485891699791,0.0011978441051682734,-0.6788644112081755,1.1104611964819924,0.1433096081018448,0.1817508339881897,-0.15316946804523468,-0.044230440628663145,0.020923168322018904,-0.018863307571977118
2534,1623510954.7847779,0.0,-0.03037726692855358,-0.011556525714695454,0.038426849991083145,0.000853682890992899,-0.678120856571538,1.1105072467941963,0.6152217388153076,-0.09095686674118042,-0.17767055332660675,-0.0367357526580826,0.06620461005960984,-0.014880476181123396
2535,1623510954.7950015,0.0,-0.02605016715824604,-0.01211751438677311,0.0370321087539196,0.00020214149369914003,-0.6765661997296368,1.1111709189787258,0.46501946449279785,-0.05580314248800278,-0.09457992762327194,-0.04479988437218688,0.11882892146093156,0.02824113785268084
2536,1623510954.8047256,0.0,-0.020817875862121582,-0.011986583471298218,0.03403148427605629,-0.00021622333964791546,-0.6760231594157426,1.112033885668946,0.5502406358718872,0.13807497918605804,-0.38220134377479553,-0.05578408710002373,0.10196597974192406,0.07924468565202256
2537,1623510954.8147576,0.0,-0.017374902963638306,-0.008746784180402756,0.029959630221128464,9.888803335229845e-05,-0.6742803204098702,1.1126637883173571,0.019738923758268356,0.41504374146461487,-0.36196133494377136,-0.015089399593597012,0.108276875187319,0.08069679924094801
2538,1623510954.8256738,0.0,-0.011388267390429974,-0.010568039491772652,0.026839789003133774,-0.0006687258995347264,-0.6734617129822885,1.112959714924091,0.15822330117225647,-0.7492902874946594,-0.0828620195388794,0.006221959048939602,0.1399496637284431,0.04725728483097021
2539,1623510954.8345618,0.0,-0.01757531426846981,-0.017524821683764458,0.026341106742620468,-0.0031070768575575183,-0.6708153861034293,1.1137067692009452,-0.9698917269706726,-1.1572866439819336,-0.0871230736374855,-0.12621105257651835,0.16219040863921058,0.04875448368146893
2540,1623510954.8449621,0.0,-0.022411521524190903,-0.031046336516737938,0.020803090184926987,-0.006598228476906293,-0.6662402241790009,1.1159627731230506,-2.1374216079711914,-0.3412940204143524,-0.4312035143375397,-0.2997617739704952,0.3121296898537166,0.15652604350105137
2541,1623510954.9188657,0.0,-0.04518543928861618,0.006971414666622877,-0.009059710428118706,0.003036562696035562,-0.672943192139969,1.1212273476124366,-0.3935836851596832,0.09439914673566818,-0.41948559880256653,0.3188644079425005,0.5176626994419486,0.1499665885212862
2542,1623510954.9286244,0.0,-0.05101128667593002,0.007842673920094967,-0.013385696336627007,0.0032165327757788034,-0.6722065234787904,1.1211302774132212,-0.4095626473426819,0.1540539562702179,-0.45996564626693726,0.5290830827814973,0.3632351335985645,0.026016410229739047
2543,1623510954.9385386,0.0,-0.056246839463710785,0.008664226159453392,-0.01686800830066204,0.0034068858665291385,-0.6714332871489511,1.1208977184928648,-0.22740241885185242,-0.16446012258529663,-0.25543487071990967,0.03051995885419756,0.08627298213474917,-0.015436839748439603
2544,1623510954.9483838,0.0,-0.059696827083826065,0.005828602239489555,-0.02007860504090786,0.0026817026877313764,-0.6705052564560734,1.1202504736792007,-0.010088480077683926,-0.46912574768066406,-0.37580975890159607,-0.018382332038702712,0.08351203170662962,-0.041952855704877196
2545,1623510954.9585571,0.0,-0.061562031507492065,7.489000563509762e-05,-0.02272135764360428,0.0010003469513490335,-0.6702562409384553,1.1197179434759246,0.04743580147624016,-0.7077450156211853,-0.24265168607234955,-0.11463940996202825,0.05812929903949659,-0.05957460318480516
2546,1623510954.9686134,0.0,-0.061577070504426956,-0.004335923586040735,-0.024985002353787422,-0.00029053084232136955,-0.6698083798396384,1.1190016214929634,0.13052643835544586,0.010243253782391548,-0.34491708874702454,-0.16045392783900503,0.0311485489563987,-0.06440450012797522
2547,1623510954.9785101,0.0,-0.06290443241596222,0.00030077839619480073,-0.029186716303229332,0.0010948650063183525,-0.6689569438789693,1.1182095379657655,0.05808844417333603,0.6462061405181885,-0.38646239042282104,-0.022752979141225496,0.0645706156516311,-0.07829147973399697
2548,1623510954.9885693,0.0,-0.06337457150220871,0.006742683704942465,-0.03177529200911522,0.0029844198125465946,-0.6689473086916484,1.1173854913223562,-0.013284273445606232,0.685620903968811,-0.09031887352466583,0.15499597918927147,0.047218976927972674,-0.08238934117055892
2549,1623510954.9983559,0.0,-0.06519398093223572,0.011887838132679462,-0.030536580830812454,0.004469213544405777,-0.669737070531985,1.1170967597908903,-0.059090644121170044,0.27336356043815613,0.3613532483577728,0.1820414685275184,-0.03438534607437542,-0.05899454449817637
2550,1623510955.0086768,0.0,-0.06652604788541794,0.011173502542078495,-0.02610768750309944,0.004255788374553877,-0.6703643472086787,1.116712883521545,-0.051633793860673904,-0.32638031244277954,0.5978419780731201,0.08586359850812383,-0.0740688956516578,-0.03393112587045214
2551,1623510955.0806623,0.0,-0.05377313494682312,-0.002528463490307331,-0.010528257116675377,0.003841165228473345,-0.6710195217116438,1.119345361765209,-0.07293909043073654,-0.1420895755290985,-0.19578005373477936,-0.09401397427363191,-0.14271831372601312,-0.01913438625462007
2552,1623510955.0907338,0.0,-0.04924586042761803,-0.005421064328402281,-0.012005286291241646,0.0031975145002444,-0.6726646692958969,1.119300236003169,0.40536466240882874,-0.17617803812026978,0.05988341569900513,-0.19139715424235262,-0.20756774550919882,-0.002214217443838467
2553,1623510955.1008713,0.0,-0.042059656232595444,-0.00822502188384533,-0.007797373458743095,0.002976129707981695,-0.6747944080597124,1.119226884827,1.2085740566253662,-0.69283127784729,0.43379122018814087,-0.05218351245005109,-0.1849810507003682,-0.0001564775813829274
2554,1623510955.111052,0.0,-0.035591136664152145,-0.007323076017200947,-0.004756048321723938,0.003900171700059671,-0.6740431860945193,1.1179511048179687,0.828274667263031,-0.02597573772072792,0.4135512113571167,0.02050267208891194,-0.09563153691670784,-0.052725386105854324
2555,1623510955.120581,0.0,-0.027592837810516357,-0.008616626262664795,-0.0024328455328941345,0.004250302814769721,-0.6743465189966249,1.1176133549105352,0.8975168466567993,-0.02277994528412819,0.24523943662643433,0.05712607273214304,0.003960107735088289,-0.08408601985317582
2556,1623510955.1306398,0.0,-0.017369942739605904,-0.01381053775548935,0.0003587082028388977,0.0027481754548992487,-0.6754896663501995,1.1177034514738025,0.7238787412643433,-0.8185325264930725,0.17067092657089233,-0.03250669032943561,-0.0657678757085753,-0.022060239002077174
2557,1623510955.140534,0.0,-0.010963568463921547,-0.0208601001650095,0.001920551061630249,0.001000052428575135,-0.6747558819424095,1.117816818940795,0.9060389399528503,-0.9101452231407166,0.19836780428886414,-0.15577894930206193,-0.02807502869413918,0.010790474874652265
2558,1623510955.15048,0.0,-0.004892353434115648,-0.02941645123064518,0.003927044570446014,-0.0003440584466504054,-0.675041163883082,1.1186746154900478,-0.12513704597949982,-0.6459596753120422,0.15469194948673248,-0.17641896017526382,0.009101976208753176,0.04333972196063653
2559,1623510955.160674,0.0,-0.0003090924001298845,-0.03585893660783768,0.006178818643093109,-0.0008272090405319898,-0.6748595122764063,1.11973370493839,0.31694769859313965,-0.7205281853675842,0.186649888753891,-0.10587709229120779,-0.005310723104701727,0.09517704911037886
2560,1623510955.170797,0.0,0.004003152251243591,-0.04048990085721016,0.007546853274106979,-0.0009689638759947522,-0.6744976176563122,1.1203726868034887,0.19550755620002747,-0.21985387802124023,0.10462452471256256,-0.043312783787531874,0.033017540019280076,0.09048784207025759
2561,1623510955.2494953,0.0,-0.0018839180702343583,-0.034036293625831604,0.025345467031002045,0.0007965999678651928,-0.6739741636706048,1.1199710588884924,-0.22633716464042664,0.2328835129737854,0.05562235787510872,0.054825708379450146,0.08887403947496046,0.007009608013086898
2562,1623510955.2596347,0.0,-0.010400895029306412,-0.030803892761468887,0.025840241461992264,0.0012327020446955342,-0.6734031869925705,1.11999499104262,-0.5981144309043884,0.34580156207084656,0.05242656543850899,0.09370588787570087,0.10083694113391146,-0.03375287938758344
2563,1623510955.2693765,0.0,-0.014236515387892723,-0.028066197410225868,0.02620997652411461,0.0015282873152852594,-0.6755283704093786,1.120817818323911,-0.3754741847515106,0.4129132032394409,0.06414447724819183,0.04084908563795513,-0.06630760896815813,0.03439321381301799
2564,1623510955.2796597,0.0,-0.02160545624792576,-0.024936353787779808,0.02740808203816414,0.0019130672276228416,-0.6764303379399104,1.1213399125309953,-0.5001101493835449,0.1583150029182434,0.18238882720470428,0.038032822531675455,-0.16018696997087517,0.06962271361271181
2565,1623510955.289742,0.0,-0.02497219853103161,-0.02817983366549015,0.030730243772268295,0.0005926140124587476,-0.6761656949776089,1.120531578957371,-0.04204641282558441,-0.5330415964126587,0.38478904962539673,-0.038158591046464505,-0.04882003356708228,-0.0063353854089446835
2566,1623510955.299573,0.0,-0.028905661776661873,-0.03337957337498665,0.029586900025606155,-0.00124955585950038,-0.6761346374583875,1.1195038842376897,-0.3168846368789673,-0.2731170952320099,-0.3012412488460541,-0.1580642531660983,0.01257232634843225,-0.09127174795251204
2567,1623510955.3097286,0.0,-0.02968563884496689,-0.03726201876997948,0.026721302419900894,-0.0025946042073336506,-0.6773740228437187,1.1189824251529874,0.10922113806009293,-0.26992130279541016,-0.3225465416908264,-0.1655936120822946,-0.05143587534416125,-0.08438704984456782
2568,1623510955.3197198,0.0,-0.032232485711574554,-0.03539609909057617,0.023061003535985947,-0.002237166518519393,-0.6788549846986893,1.1188996925500212,-0.22740241885185242,0.5183743834495544,-0.39072346687316895,-0.06663719762519463,-0.13841443868310618,-0.03455481185260647
2569,1623510955.329491,0.0,-0.03431019186973572,-0.031205670908093452,0.020041070878505707,-0.0013146180227289542,-0.6806639228100599,1.1185871822155207,-0.03458956256508827,0.3990647792816162,-0.1712789684534073,0.05490342806064427,-0.1692582686256486,-0.01855981749244563
2570,1623510955.3399248,0.0,-0.03595380112528801,-0.02786610834300518,0.01885499432682991,-0.0007609562882040996,-0.6821682063367918,1.1180170316167988,-0.0889180526137352,0.3266267776489258,-0.07540516555309296,0.08108608804550456,-0.1687436352944754,-0.0409510818853664
2571,1623510955.416688,0.0,-0.03700339421629906,-0.019764913246035576,0.017837055027484894,-0.0013347191416945986,-0.6944350548157932,1.1174688302006812,-0.5096974968910217,0.7069262266159058,0.23352152109146118,0.09106599709496652,-0.1760671953245745,-0.038163528772421164
2572,1623510955.4264908,0.0,-0.03539971634745598,-0.016499437391757965,0.019691698253154755,-0.0011270847623463531,-0.6964591034171304,1.117860744231614,1.463172197341919,-0.258203387260437,0.26334890723228455,0.07496561271092916,-0.17727904948265685,0.014412679739250232
2573,1623510955.4367387,0.0,-0.031038381159305573,-0.010927580296993256,0.020917709916830063,0.00038802110358338027,-0.6994400047370725,1.1181009535490347,0.24664026498794556,0.5908123850822449,0.27293628454208374,0.07712407496145039,-0.2601252470303573,0.033822378655299995
2574,1623510955.446667,0.0,-0.025821544229984283,-0.005526882130652666,0.01837284117937088,0.0014323427473465905,-0.7027931663623533,1.1181722866815147,0.028261039406061172,0.8294315934181213,-0.314024418592453,0.11121461217775985,-0.3237120892633688,0.016514945552072936
2575,1623510955.456731,0.0,-0.018856005743145943,2.3365719243884087e-05,0.015257693827152252,0.0023367846348491678,-0.705622562638818,1.1179512024419407,0.3936467468738556,1.3013437986373901,-0.3150896728038788,0.095850802366638,-0.3132452021208636,-0.007076368935313246
2576,1623510955.4668105,0.0,-0.010149260982871056,0.008080326952040195,0.011877655982971191,0.0038099943131271186,-0.7072656289819563,1.1176572393009674,1.1915297508239746,0.64833664894104,-0.33426445722579956,0.12722368065644568,-0.22565514584096896,-0.025254622714821557
2577,1623510955.4765706,0.0,-0.0005553797236643732,0.017720596864819527,0.00888807699084282,0.005566094675635569,-0.7092295219536979,1.1176387520773545,0.7387924194335938,1.239558458328247,-0.32680758833885193,0.16251503560741434,-0.1855482137447187,-0.019604152743272815
2578,1623510955.48671,0.0,0.00901422742754221,0.026436693966388702,0.007211115211248398,0.007057364324404486,-0.7103544183680364,1.1176996459094952,0.6013733148574829,1.115987777709961,-0.1339947134256363,0.1642925279156964,-0.15987482228809893,0.003326894750294642
2579,1623510955.4967175,0.0,0.015604711137712002,0.03704182058572769,0.005291774868965149,0.008812676765840063,-0.7109214178743168,1.118181847355557,0.46395421028137207,0.9892212748527527,-0.14571262896060944,0.17450443290403297,-0.09858780239022569,0.028208973486205196
2580,1623510955.5067303,0.0,0.023191552609205246,0.04683132469654083,0.00369374081492424,0.010126417962937118,-0.7121460284890054,1.1188470417035978,0.8474494218826294,1.0850950479507446,-0.25969594717025757,0.16155402296441587,-0.08944031087505408,0.05418418766460964
2581,1623510955.5805693,0.0,0.02204301580786705,0.052467577159404755,-0.01392378844320774,0.009294685645344164,-0.7219677257075399,1.1228775286917032,-0.591722846031189,-0.15487274527549744,-0.5057719945907593,0.11695570666266498,-0.19800476359540162,0.10712568748864826
2582,1623510955.5900187,0.0,0.012040821835398674,0.05499663203954697,-0.015686998143792152,0.010245148990073345,-0.7215986520109761,1.1233088435960976,-1.272426962852478,0.48109012842178345,0.12699507176876068,0.08902053446434574,-0.13841029034082225,0.11649639188204501
2583,1623510955.6000988,0.0,0.005711837206035852,0.055165164172649384,-0.01542711816728115,0.010639795100143568,-0.7227562700093344,1.1230757653313286,-0.93047696352005,0.014504311606287956,0.19304147362709045,0.06877145079645028,-0.03114390252347429,0.02519218455857518
2584,1623510955.6100016,0.0,-0.0062584043480455875,0.05266609415411949,-0.010617371648550034,0.010592465774126411,-0.723250569168143,1.1237103184672035,-0.996523380279541,-0.029171530157327652,-0.006162981037050486,0.0188296934184047,-0.11129053116040373,0.01267363570515329
2585,1623510955.6201344,0.0,-0.013015595264732838,0.05380997806787491,-0.01327691599726677,0.011399620317372669,-0.7245753006370202,1.1248005846352247,-0.40743210911750793,0.16151079535484314,-0.35450446605682373,0.03440517810004958,-0.13813167197589682,0.07980334817181853
2586,1623510955.6305923,0.0,-0.019769135862588882,0.05541670322418213,-0.015425197780132294,0.012260784054238631,-0.7252820490990559,1.1257830491619938,-0.04524220898747444,-0.11332742124795914,0.2281952053308487,0.08143119569960794,-0.11479825973892181,0.10371738057247289
2587,1623510955.6400545,0.0,-0.0217503122985363,0.05613892897963524,-0.013593900948762894,0.012901597379188452,-0.7263093467754114,1.1257529595853089,-0.36908259987831116,0.06776753813028336,0.23032572865486145,0.07743741422130707,-0.10082863162735217,0.05668805418151742
2588,1623510955.6501071,0.0,-0.025458702817559242,0.05788615345954895,-0.010952681303024292,0.014008924495697815,-0.726018743413106,1.1253820746003669,-0.13365915417671204,0.2094476968050003,0.22073835134506226,0.08554048719358748,-0.058958259394733224,-0.015040670262833244
2589,1623510955.6601639,0.0,-0.027829380705952644,0.061035238206386566,-0.008900964632630348,0.015436626734847504,-0.7272866034488952,1.1253804119588793,-0.0931791141629219,0.29466885328292847,0.261218398809433,0.11997890979607864,-0.0530980343880567,-0.02421786161399774
2590,1623510955.6705315,0.0,-0.02933446876704693,0.06312099099159241,-0.0063204411417245865,0.01648305813989724,-0.7288551147785454,1.1254078477353207,-0.023936918005347252,0.029418013989925385,0.2750668227672577,0.12930658825066074,-0.14065130056993538,-0.0014397598960727558
2591,1623510955.7500134,0.0,-0.0312500074505806,0.06131048873066902,0.0021491870284080505,0.023413799525731305,-0.7343591482559139,1.1191572219865198,-0.011153744533658028,-0.020649414509534836,-0.0008366586407646537,0.1029965833507528,-0.2124297101347356,-0.03416564835525915
2592,1623510955.7601342,0.0,-0.03216184303164482,0.060872018337249756,0.0017269812524318695,0.023400839295690715,-0.7303789572633781,1.1198511155470594,0.19763809442520142,-0.21559281647205353,-0.06155673414468765,0.09926601619693623,-0.22189936087063356,-0.029919452469655976
2593,1623510955.770184,0.0,-0.03015781193971634,0.05715112015604973,0.0010404027998447418,0.022578202626670985,-0.7324738688955741,1.1197140863517885,-0.7014451026916504,-0.31785818934440613,-0.07220937311649323,0.005101522614226844,-0.06695902492030005,0.0022601088686697956
2594,1623510955.7800758,0.0,-0.030338510870933533,0.05716296285390854,-0.001214873045682907,0.023014678286982948,-0.7351478480373523,1.1196875413440763,0.4895205497741699,-0.6544817686080933,-0.057295676320791245,-0.010555460958618463,-0.18956566257087112,-0.004391647778351198
2595,1623510955.7900314,0.0,-0.02802932634949684,0.0516565777361393,0.00036741048097610474,0.022740407148324926,-0.7373076615077689,1.11970257682291,0.04637053608894348,-0.5926964282989502,0.16854038834571838,-0.008899664887044488,-0.24768168828586237,0.0009161554317992957
2596,1623510955.800031,0.0,-0.023770688101649284,0.04503617435693741,0.0021969787776470184,0.021625252430777217,-0.7404648142962783,1.1192893130819614,0.8847336769104004,-0.11226215213537216,-0.13719050586223602,-0.07437268176294468,-0.2617550802035208,-0.01526791401069605
2597,1623510955.810588,0.0,-0.01683330163359642,0.04165947809815407,0.0045919641852378845,0.021744632337685754,-0.7420965087548848,1.118791851773168,0.4011036157608032,-0.33916348218917847,0.48598918318748474,-0.05451070415260004,-0.24038914212180915,-0.04608617216489404
2598,1623510955.820527,0.0,-0.007548807188868523,0.036769069731235504,0.009284883737564087,0.022346996297022068,-0.7448201614815477,1.1186958133738316,-0.20716239511966705,-0.4126667380332947,0.40289855003356934,0.01622743343050523,-0.25465633212986455,-0.0343497546964017
2599,1623510955.8300028,0.0,0.0030060771387070417,0.028927147388458252,0.01566605642437935,0.021624894109834827,-0.7466778730553019,1.1187213870416564,1.1489192247390747,-0.8313156962394714,0.6244735717773438,-0.001062139169233994,-0.22185178469422373,-0.0026987844911059303
2600,1623510955.8402402,0.0,0.010825157165527344,0.019352879375219345,0.018121134489774704,0.01976691365548011,-0.7476532169332111,1.1188567617516103,1.504717469215393,-1.0710002183914185,0.2090204358100891,-0.11593732908537262,-0.12126407337024041,0.013776545147350874
2601,1623510955.9220104,0.0,0.02807256579399109,-0.0038621441926807165,0.05132346227765083,0.019392299626610376,-0.7591145540640318,1.121763043765613,0.5374574661254883,-0.7279850244522095,0.8833328485488892,-0.3156173145819079,-0.5127537275766858,0.09631793478156692
2602,1623510955.9317176,0.0,0.02576194517314434,-0.013926870189607143,0.06461752951145172,0.017018326902200946,-0.7610299836079333,1.1230500830586283,-1.4098460674285889,-0.39562252163887024,1.3041123151779175,-0.34091402482441097,-0.637696789350069,0.17171318261477375
2603,1623510955.941638,0.0,0.015012811869382858,-0.014376536011695862,0.0628369152545929,0.01662383707463804,-0.756608987752535,1.1217423609416857,-0.43193319439888,-0.12184953689575195,-0.4205508530139923,-0.15598736370647373,0.03423973006044706,0.036018659279668054
2604,1623510955.9516857,0.0,0.0109519949182868,-0.011543900705873966,0.05796389654278755,0.017351407746613937,-0.7575400934346199,1.1203165464367795,-1.0934624671936035,1.1394236087799072,-0.6644964218139648,-0.011791405667751432,0.20782836505024566,-0.12946086383721364
2605,1623510955.9618118,0.0,0.0008110074559226632,-0.005695385858416557,0.055418822914361954,0.0187827523882731,-0.7596446138669665,1.1209538746646908,-0.8793442845344543,0.45232799649238586,0.18771515786647797,0.1088300996182344,-0.11428126222416594,-0.06109761712265523
2606,1623510955.9715412,0.0,-0.002943715313449502,-0.001913815620355308,0.05887499079108238,0.020072966000772664,-0.7641499591793026,1.122155182253239,-0.735533595085144,-0.44675520062446594,0.6074293255805969,0.1696785370506634,-0.32823882970573787,0.07744557249958886
2607,1623510955.981988,0.0,-0.007556336931884289,-0.007705472409725189,0.06659594178199768,0.0185684731466199,-0.7644148013135079,1.1227182397991504,-0.06761276721954346,-0.7546166181564331,0.954705536365509,0.011449741259773842,-0.2562924910732944,0.09640796115452088
2608,1623510955.9914532,0.0,-0.012612234801054,-0.015235517174005508,0.07101041078567505,0.016305267182136415,-0.7640057360029027,1.1216198548010479,0.10815586894750595,-1.3660783767700195,-0.3044370412826538,-0.18750179095062933,0.0010818666048325503,-0.00974212702915455
2609,1623510956.0016377,0.0,-0.01590748317539692,-0.02325150929391384,0.06321236491203308,0.01353834049441864,-0.7649680371084269,1.120456835948459,-0.5150238275527954,-0.4531467854976654,-0.8455913662910461,-0.2637828413409017,-0.017518408883951005,-0.11191067948766775
2610,1623510956.011806,0.0,-0.01887739636003971,-0.023536179214715958,0.054001692682504654,0.013088544264182246,-0.7670220614288007,1.119911908224653,-0.21568451821804047,0.04859277233481407,-0.9478567838668823,-0.17925161387956745,-0.13535393660908038,-0.09549528910575204
2611,1623510956.0989766,0.0,-0.029207397252321243,-0.002161701675504446,0.05402984097599983,0.010164626118328371,-0.785805774679235,1.1158359221264957,-0.03565482795238495,0.13700972497463226,0.0566876195371151,-0.0020810979092703618,-0.12936556479378855,-0.07149631788781101
2612,1623510956.1093519,0.0,-0.029721936210989952,-0.0011346687097102404,0.05487935617566109,0.01048252400788259,-0.7825257640597012,1.1167378139241204,0.45543208718299866,0.04539697989821434,0.08651503175497055,0.0073512996564504265,-0.13908582143869683,-0.06358459465009055
2613,1623510956.118982,0.0,-0.02747839130461216,0.0028621244709938765,0.054847706109285355,0.01169432996806738,-0.7856544235814928,1.1170846233662113,-0.37334364652633667,0.5109175443649292,0.021533895283937454,0.05192067495008777,-0.09965652864985247,0.00390988391265268
2614,1623510956.1291428,0.0,-0.026360169053077698,0.008169889450073242,0.05614578351378441,0.013270028280330845,-0.7881301202627718,1.1173035540982088,1.5633070468902588,0.2328835129737854,0.2686752378940582,0.13314905716712835,-0.21455807110644548,0.035260057752896444
2615,1623510956.1391487,0.0,-0.02377677708864212,0.01170643325895071,0.056572508066892624,0.013681269770768667,-0.790544936669453,1.1171488842890676,-0.13259388506412506,0.4555237889289856,0.07160133123397827,0.1070395576698954,-0.26424339578416467,0.008133724039305304
2616,1623510956.1491194,0.0,-0.01833363249897957,0.014759163372218609,0.05457090213894844,0.014152659769803816,-0.794107405640543,1.1167727506971317,0.7345314025878906,0.18281608819961548,-0.31082862615585327,0.05399314875323782,-0.307267955779876,-0.02573804588321768
2617,1623510956.1590889,0.0,-0.011973968707025051,0.019622907042503357,0.0514555461704731,0.01496056870982701,-0.7952893227034535,1.1162153049168417,0.5619585514068604,1.0776382684707642,-0.42694246768951416,0.05651716910867177,-0.25334517862256917,-0.04741619819317525
2618,1623510956.169009,0.0,-0.003483509412035346,0.023368047550320625,0.04763242229819298,0.015676655639961207,-0.7978698408499472,1.1157202140048417,0.6684849858283997,0.3351489007472992,-0.3747445046901703,0.08541762373315662,-0.19123908752436858,-0.05633208535425827
2619,1623510956.1793873,0.0,0.007151430007070303,0.0320749431848526,0.04522499069571495,0.017146088665176196,-0.799032578721032,1.1157225029497133,1.2916646003723145,1.0627245903015137,-0.5867321491241455,0.11212075276471797,-0.18310244709372736,-0.029445092308880382
2620,1623510956.1891594,0.0,0.015433116815984249,0.04549010470509529,0.04057006910443306,0.01973517592112413,-0.7998898373773256,1.1153895253062223,0.8698199391365051,1.2257100343704224,-0.2714138329029083,0.19971957216689928,-0.11232553240844687,-0.011456274569817302
2621,1623510956.2662,0.0,0.037462085485458374,0.07274004071950912,0.0035599656403064728,0.023534718181338857,-0.808489221252527,1.1202745706185118,-0.6865314245223999,0.24460142850875854,-0.6133637428283691,0.45303093187032645,-0.5843425038758293,0.05833951805416888
2622,1623510956.2761424,0.0,0.03940913826227188,0.0765591561794281,-0.002887248992919922,0.024726015238693673,-0.8166356911601446,1.1234936444807906,0.4895205497741699,0.16257606446743011,-0.6538437604904175,0.382078158621648,-0.9080401718453217,0.24311215819582255
2623,1623510956.28634,0.0,0.036827705800533295,0.07476309686899185,-0.006347574293613434,0.024108663998449013,-0.8178551192301169,1.1255046193758727,-0.5427206754684448,-0.3753824830055237,-0.07540516555309296,0.04605111869777607,-0.5263536332747989,0.2778362460602471
2624,1623510956.296368,0.0,0.033253785222768784,0.07704487442970276,-0.006752602756023407,0.02500201460064152,-0.8173422453262631,1.1256474882622358,0.14544013142585754,-0.27098655700683594,0.05242656543850899,0.014231109299368152,-0.07250181398727217,0.13127800800607436
2625,1623510956.3061233,0.0,0.02745179459452629,0.08035662025213242,-0.009067393839359283,0.026285894017520302,-0.8160171234461829,1.1256446144780037,-0.42021527886390686,0.21264348924160004,-0.3694181740283966,0.09528893693346509,0.09076199166401823,0.013858735684504247
2626,1623510956.316227,0.0,0.021370498463511467,0.08464175462722778,-0.013225473463535309,0.027810766812477822,-0.8169790116821419,1.1263863200590611,-0.4234110713005066,0.4736332893371582,-0.3502434194087982,0.13193578415636775,0.024825573880416008,0.02872371681502429
2627,1623510956.3267055,0.0,0.015991246327757835,0.08808082342147827,-0.014984644949436188,0.02910362951906279,-0.8190221331856695,1.1275601757604035,-0.7600346803665161,0.28614673018455505,0.03325180336833,0.14362176241064542,-0.13998221702662947,0.08941489807281354
2628,1623510956.3361318,0.0,0.010259171016514301,0.09020707756280899,-0.014384349808096886,0.03009715769867627,-0.8194246147417579,1.1282076430577794,-0.3445815145969391,0.1540539562702179,0.12273402512073517,0.12001253331319695,-0.13705225819551717,0.09417147863366045
2629,1623510956.3462236,0.0,0.005061014089733362,0.093111552298069,-0.01401723362505436,0.03138740554188055,-0.8192269746535353,1.1280541064229066,-0.37334364652633667,0.29999518394470215,0.07160133123397827,0.11590878755462754,-0.022656721634501165,0.03383536918005166
2630,1623510956.3566425,0.0,0.0009702823590487242,0.09639761596918106,-0.01294729858636856,0.032733261286223225,-0.819290045361155,1.1277167763729432,-0.15283390879631042,0.19346873462200165,0.14936563372612,0.13251841609411952,0.010717711341553958,-0.022138719147038525
2631,1623510956.4322553,0.0,-0.00758573180064559,0.10285668075084686,0.0028455816209316254,0.03769779762807897,-0.8273202895366266,1.1258508579932154,-0.04630747064948082,0.07415912300348282,0.1440393179655075,0.25334066162692154,0.08539797045636058,-0.01287715410176757
2632,1623510956.4418962,0.0,-0.008073394186794758,0.10309906303882599,0.003929562866687775,0.03809500427354974,-0.8288245747801724,1.125511345314783,0.0026946929283440113,-0.005735713057219982,0.12912560999393463,0.2112111917892849,0.005669425820466928,-0.012430137052974416
2633,1623510956.452065,0.0,-0.008778080344200134,0.10352307558059692,0.004755817353725433,0.043345488314884176,-0.830238788968145,1.1254279598302412,-0.014349537901580334,0.05711488798260689,0.06840553134679794,0.20552521705863247,-0.009998276176746403,-0.010948321364305605
2634,1623510956.462042,0.0,-0.009010530076920986,0.10191172361373901,0.005396652966737747,0.042945711949874205,-0.8262690235031147,1.125797664003386,0.5651543140411377,-0.7972272038459778,0.13232140243053436,0.20233133477121445,-0.021742036279216184,-0.008745975182179792
2635,1623510956.4721966,0.0,-0.010300758294761181,0.09999159723520279,0.004818346351385117,0.04261813550966685,-0.827042984605924,1.1256616546856728,-0.6055713295936584,0.03048327937722206,-0.2351948320865631,0.05635083993249271,0.05552185779186916,-0.0003757294343141228
2636,1623510956.482052,0.0,-0.012623952701687813,0.09956718236207962,0.003573961555957794,0.042951613216324694,-0.8295331716871248,1.1258913081292992,0.6429186463356018,-0.8089451193809509,-0.1105588972568512,0.009493936850274366,-0.11937663394785304,0.004978538819974711
2637,1623510956.4920135,0.0,-0.010746749117970467,0.09124141186475754,0.005302123725414276,0.041670924771849,-0.8305228518637511,1.1259585219198551,0.037848420441150665,-0.9804527163505554,0.16960565745830536,-0.06234405578527735,-0.1764820156381382,0.016901374869673885
2638,1623510956.502585,0.0,-0.005388994235545397,0.08517973870038986,0.00823657214641571,0.04139472170017268,-0.8340175709668709,1.1254516815761215,0.8762115240097046,-0.4478204548358917,0.3251342475414276,-0.07932209459056005,-0.20972094305432862,-0.01682712192781028
2639,1623510956.5120337,0.0,0.0005611027590930462,0.08122450858354568,0.012047842144966125,0.04174990393768832,-0.835759702147485,1.1250491492894432,0.20083388686180115,0.38415107131004333,0.48492392897605896,-0.0008673752174584549,-0.25100402243279174,-0.04777037040874637
2640,1623510956.5221646,0.0,0.007810613606125116,0.07905741780996323,0.015159975737333298,0.042359155447184396,-0.8380422417933577,1.1244617790836455,0.5917859673500061,-1.1168065071105957,0.5051639676094055,0.05643494872624364,-0.21768458641747773,-0.056709852765766094
2641,1623510956.5960162,0.0,0.03379465639591217,0.046088092029094696,0.04712483659386635,0.04537666692800045,-0.8354775274145037,1.1273453319279925,-1.259643793106079,1.5516809225082397,0.16640986502170563,-0.17109263783089448,-0.271539686719127,0.005078271755891322
2642,1623510956.6059651,0.0,0.033820029348134995,0.04877052828669548,0.0499056912958622,0.04651172923459016,-0.8304752643745312,1.128481239160646,-2.3866934776306152,1.4036091566085815,0.7523053288459778,-0.11005508871060887,0.11956099487621238,0.1011016553847625
2643,1623510956.6160758,0.0,0.03846051171422005,0.0481424555182457,0.058087218552827835,0.04701352591203288,-0.8382613001852728,1.1288116778287982,-1.6633789539337158,-0.05580314248800278,1.152844786643982,0.11522799822076973,-0.08930124166453479,0.07522398448082784
2644,1623510956.626074,0.0,0.04244537279009819,0.04306930676102638,0.06797762215137482,0.046294692398884445,-0.8410964936521553,1.1302260563223983,1.4514542818069458,-0.7929661273956299,1.1166257858276367,0.012493096705835982,-0.46520515121562395,0.07582882662133793
2645,1623510956.6359124,0.0,0.04594855383038521,0.039612654596567154,0.07378189265727997,0.045794740451404053,-0.8435698081342815,1.130971768081547,-0.3765394389629364,-0.3274455964565277,0.12486454844474792,-0.06405719080092963,-0.279356212381685,0.11286244991907592
2646,1623510956.6459217,0.0,0.04454907029867172,0.03369932249188423,0.07349660992622375,0.04440019356873947,-0.8456772949365624,1.1312373820268389,0.14650540053844452,-0.8611430525779724,-0.08818834275007248,-0.09161792547479362,-0.24673664362044678,0.0599665035263186
2647,1623510956.6560373,0.0,0.04093131795525551,0.03224978595972061,0.07400915026664734,0.04426743761465628,-0.8456544451912842,1.1315965671583803,-0.44897744059562683,-0.24115915596485138,0.24417416751384735,-0.08821276374521653,-0.12244908108728748,0.029772778259930518
2648,1623510956.6661434,0.0,0.03565675765275955,0.030277175828814507,0.07731349766254425,0.04414319077838657,-0.8473846402076144,1.13192690838162,-0.6343334317207336,-0.3050750195980072,0.41674700379371643,-0.020794284261025243,-0.09344566867376312,0.028895566808097517
2649,1623510956.6760545,0.0,0.0312698632478714,0.0274807196110487,0.0792502760887146,0.043631927957517885,-0.8484452487650662,1.1320054472579302,-0.44258585572242737,-0.5575426816940308,-0.0967104583978653,-0.02377075067531294,-0.14269589911698216,0.018566190744319963
2650,1623510956.686455,0.0,0.026906365528702736,0.02418004907667637,0.07736966013908386,0.04276577223038248,-0.848825047108663,1.1321517896560538,-0.5320680737495422,-0.3466203510761261,-0.17873582243919373,-0.06869622836771469,-0.08392172945687117,0.009930113036267235
2651,1623510956.76325,0.0,0.007758211810141802,-0.005488705821335316,0.0586407370865345,0.0340297569476883,-0.8521721976969953,1.129999395279048,-0.1443118005990982,-0.5032142400741577,-0.2351948320865631,-0.5668312133102213,0.1880198218045044,0.05080650964368319
2652,1623510956.7729802,0.0,0.00639380794018507,-0.00981858465820551,0.05635460093617439,0.03250251427931009,-0.8528222649692251,1.1296878708817846,-0.16561709344387054,-0.37218669056892395,-0.22986851632595062,-0.614585663575196,0.1837781404386647,0.03091503466511567
2653,1623510956.782996,0.0,0.005535950884222984,-0.011045439168810844,0.05354159697890282,0.03177086240783782,-0.8543591894352717,1.1296083167986286,0.12626537680625916,-0.07710842788219452,-0.36728763580322266,-0.13220762058484967,-0.09232020966404939,-0.0192152716973471
2654,1623510956.7929852,0.0,0.003500534687191248,-0.007999718189239502,0.04885465279221535,0.032145353662127465,-0.8542533238332973,1.1295265090117754,-0.4095626473426819,0.4565890431404114,-0.4663572311401367,-0.03080674355622755,-0.08460072970801635,-0.009464335121252273
2655,1623510956.8031719,0.0,0.0014177355915307999,-0.004212621599435806,0.04417240992188454,0.03180346765390528,-0.8465477730810111,1.1335512415859612,-0.1070275530219078,-0.06645578145980835,-0.32680758833885193,0.014034138702475968,-0.05242975557047123,-0.014379322669347815
2656,1623510956.813084,0.0,-0.00046875630505383015,-0.007448682561516762,0.043799642473459244,0.029947404156968283,-0.8432757908706607,1.134624234049996,0.04637053608894348,-0.5138668417930603,0.11314664036035538,0.024302402368686436,-0.058435451698341107,-0.013747666119313306
2657,1623510956.8230965,0.0,0.0007319457945413888,-0.015171991661190987,0.0459279827773571,0.026351990762768736,-0.8458838422312137,1.1354814714600825,-0.39784473180770874,-0.003605184145271778,0.04390444979071617,-0.12451981137935318,-0.05221350144339518,0.037999967648762394
2658,1623510956.8331206,0.0,-0.001064969226717949,-0.01739875040948391,0.04388640448451042,0.0246444612641177,-0.8467540805805702,1.1352239230022263,0.8517104983329773,-0.39881831407546997,-0.5025762319564819,-0.2668442173331491,-0.11959240374952211,0.03676035432571606
2659,1623510956.8433309,0.0,-0.0026838299818336964,-0.018127772957086563,0.03864406421780586,0.02363155197509144,-0.8475137693148254,1.1350901747979592,-0.13792021572589874,-0.17191697657108307,-0.41842034459114075,-0.15264060027988377,-0.06067321651462706,-0.013859849898086266
2660,1623510956.853581,0.0,-0.003073803149163723,-0.01863110437989235,0.034941207617521286,0.02265248952299064,-0.8488378655369464,1.1346605788618178,0.21468232572078705,-0.43610256910324097,-0.38220134377479553,-0.0969701207139089,-0.10934344894165805,-0.032237957446332885
2661,1623510956.92808,0.0,0.005268248729407787,-0.013895471580326557,0.0027838945388793945,0.014780038714485529,-0.8442299180175168,1.1347151522537628,-0.9102369546890259,0.4555237889289856,-0.26076120138168335,-0.05751086508672551,-0.08923266301188212,-0.0061424712384316
2662,1623510956.9379804,0.0,0.003240882186219096,-0.015404611825942993,-9.35681164264679e-05,0.012859785443629958,-0.8424394058008902,1.1348941887871873,0.07300214469432831,-1.2297245264053345,-0.3044370412826538,-0.10460134654876627,0.07277712659402047,0.022763994763978966
2663,1623510956.9479165,0.0,0.0030201140325516462,-0.023990437388420105,-0.0017755217850208282,0.01054837338477604,-0.842613487565375,1.1365942581068444,-0.6929230093955994,-0.4957573711872101,-0.0732746422290802,-0.2156824389833761,0.09517230196224294,0.07826064857490854
2664,1623510956.958034,0.0,0.002958880504593253,-0.03372436761856079,-0.007659168913960457,0.007176868606175862,-0.8367441170751391,1.1356321878712834,-0.13898546993732452,-0.4254499077796936,-0.8615703582763672,-0.3028108911517522,0.28034363415993485,0.04451641028939175
2665,1623510956.9680405,0.0,0.004099452402442694,-0.03258560970425606,-0.014952508732676506,0.0066921242613493075,-0.8385714329863725,1.1348694053035562,-0.9624348878860474,0.2286224663257599,-0.5047067403793335,-0.21029580273503987,0.23342781307983201,-0.0779242449441848
2666,1623510956.9780338,0.0,0.0074993944726884365,-0.030991800129413605,-0.01399136334657669,0.006305349582410698,-0.8406349355357686,1.1356598225473644,1.2160308361053467,1.6688599586486816,-0.25223907828330994,-0.06726674342138504,-0.12912072610697112,-0.016490746656052404
2667,1623510956.9885147,0.0,0.008239532820880413,-0.02233007736504078,-0.015429789200425148,0.007809233628828051,-0.8424273564303949,1.1369873498651666,-0.1496381163597107,-0.016388356685638428,-0.249043270945549,0.07248667419452673,-0.1822411523912362,0.09631019512527669
2668,1623510956.998347,0.0,0.0013506566174328327,-0.01709928922355175,-0.018051598221063614,0.008724606199699014,-0.8397484214195448,1.1379489866269403,-0.3914531469345093,0.3585847318172455,-0.07007884234189987,0.14993441668569252,-0.001379512531460857,0.11920085318389839
2669,1623510957.0079775,0.0,0.001417810213752091,-0.019212670624256134,-0.01801166497170925,0.0073076710504187715,-0.8384572133726469,1.1379240634233991,-0.35629943013191223,-0.09415265917778015,0.035382334142923355,-0.015332182075963608,0.18492937384127275,0.05888371354604609
2670,1623510957.018014,0.0,-0.004953084979206324,-0.02576482482254505,-0.015683019533753395,0.004721935825592261,-0.8363906296573568,1.1376084782261269,-0.48945748805999756,-0.9964316487312317,-0.1936495155096054,-0.1888470683398168,0.18958905154078726,-0.014316320183067941
2671,1623510957.097724,0.0,-0.027689598500728607,-0.01908142864704132,-0.028777606785297394,0.0015797807754553798,-0.8289668119434327,1.1326976208564787,-0.30836251378059387,0.18388135731220245,0.011946515180170536,-0.05955056886783916,0.4596812985704423,-0.041669411343922345
2672,1623510957.1076405,0.0,-0.03152605518698692,-0.0187457874417305,-0.028993863612413406,0.0010732302059407,-0.829084865955589,1.1322190591844445,-0.2785351276397705,-0.09734845161437988,-0.006162981037050486,0.04903324845322512,0.35321325966817024,-0.05590929960442279
2673,1623510957.1177092,0.0,-0.034926243126392365,-0.021097807213664055,-0.02829638123512268,-0.0001354212582327166,-0.8297616473049559,1.1319457179392391,-0.5022406578063965,-0.24115915596485138,0.09503714740276337,-0.07861970782608145,-0.0404084979528337,-0.04366086846498183
2674,1623510957.1276224,0.0,-0.037900395691394806,-0.02376748062670231,-0.02821710705757141,-0.0013889053747693468,-0.8290359714351514,1.131174746891563,-0.41169318556785583,-0.13995903730392456,-0.05409988388419151,-0.12344827232790316,-0.01643281446968686,-0.0495321517319911
2675,1623510957.1378021,0.0,-0.03976472094655037,-0.02339893952012062,-0.028823884204030037,-0.001732764697216959,-0.8279892144958451,1.1302885763882986,-0.004762158263474703,0.24886249005794525,-0.0967104583978653,-0.0918715002424875,0.08532835293411566,-0.07977460650704356
2676,1623510957.1479146,0.0,-0.04035860300064087,-0.02019590511918068,-0.02934638038277626,-0.0013059291784472543,-0.8277249153846444,1.1296515757855778,-0.021806389093399048,0.48961225152015686,0.009815986268222332,-0.006726433139664758,0.07349824599634885,-0.07882237569523061
2677,1623510957.1575909,0.0,-0.04068771004676819,-0.017300859093666077,-0.029207799583673477,0.0056629626442112335,-0.825240197312519,1.1321172841427192,0.0825895220041275,0.2797551453113556,0.024729687720537186,0.001264608597839619,0.06108908398752956,-0.06965523271038998
2678,1623510957.1677766,0.0,-0.04179655387997627,-0.017217369750142097,-0.028129208832979202,0.005350116842044325,-0.8194772136622206,1.132984120359231,-0.209292933344841,-0.24542021751403809,0.24417416751384735,0.007412322195993066,0.05067417864281629,-0.06190304890162212
2679,1623510957.1778333,0.0,-0.042128946632146835,-0.02102552354335785,-0.024823632091283798,0.003562727004359806,-0.8199181133976166,1.1336531383250317,-0.2891877591609955,-0.45101624727249146,0.20369412004947662,-0.07719327485096543,0.1695933471076356,0.03965543102107551
2680,1623510957.1878211,0.0,-0.03647699952125549,-0.028828341513872147,-0.023693077266216278,0.0009850611118454033,-0.8210109344945757,1.1334972132889183,0.6578323245048523,-0.6044143438339233,-0.11801574379205704,-0.21846394115494522,-0.042052575112945086,0.02826692012086151
2681,1623510957.2646863,0.0,0.018314702436327934,-0.05544121935963631,0.003927901387214661,-0.0034389854244864376,-0.8181100309797538,1.1314228857634159,0.36275407671928406,-0.37751302123069763,0.1440393179655075,-0.5886017241609274,-0.93735502946753,0.04585336012409566
2682,1623510957.274771,0.0,0.022848008200526237,-0.0594722218811512,0.008351597934961319,-0.003687792253206118,-0.816803721079655,1.1320142355191274,0.22426970303058624,-0.6832439303398132,0.6660189032554626,-0.3880776831092365,-0.6158304829664284,0.07308772240075771
2683,1623510957.2844636,0.0,0.026552919298410416,-0.0654975101351738,0.015471253544092178,-0.004563143409726217,-0.81359848905405,1.1320038350871293,0.19231176376342773,-0.6353070139884949,0.7182168364524841,-0.06579192050889912,0.20323057736588498,0.03515165899495696
2684,1623510957.2941694,0.0,0.027878835797309875,-0.06713572144508362,0.021912705153226852,-0.004386562333879282,-0.8116974382538857,1.1323511393033228,0.2999034821987152,-0.20494017004966736,0.6266040802001953,-0.04476274472902796,0.27480524816785007,0.017147072358577552
2685,1623510957.3046865,0.0,0.030132930725812912,-0.06947297602891922,0.028179775923490524,-0.005255644639986554,-0.8089757319073662,1.1371671733666218,-0.08465699851512909,0.00065587367862463,0.5371218919754028,-0.03135904095728164,0.20754786350527185,0.2342291371897565
2686,1623510957.314453,0.0,0.03418397530913353,-0.06024268642067909,0.029692303389310837,-0.0033149434673413747,-0.8083042038084038,1.1401922039078398,-0.006892687175422907,0.4778943359851837,0.3080900311470032,0.04734235980822427,0.26417122880297494,0.3642161420713458
2687,1623510957.32441,0.0,0.023187953978776932,-0.05039416626095772,0.035331372171640396,-0.0012807907288573186,-0.809725202053775,1.1431986818566282,-1.520633578300476,1.9191972017288208,0.36028799414634705,0.17609566638677226,0.011202842689160697,0.3190249047213794
2688,1623510957.3345995,0.0,0.025996103882789612,-0.04685124009847641,0.03913014754652977,-0.0010124899758343978,-0.8142143632845683,1.1452184947530994,-0.8569737076759338,0.3394099771976471,0.6202124953269958,0.14161529664916558,-0.3280542467796971,0.28308491046164747
2689,1623510957.3447754,0.0,0.021007053554058075,-0.05537581443786621,0.052816297858953476,-0.004279194036359589,-0.8120438794696252,1.1447578952229156,-1.2671005725860596,0.1913382112979889,0.8609622716903687,-0.11883971810374767,-0.1465353822272761,0.10035112898522933
2690,1623510957.3547204,0.0,0.014146590605378151,-0.05380487069487572,0.05610194429755211,-0.0044436245996200205,-0.808376541478766,1.1433636874552993,-0.3168846368789673,-0.16765591502189636,-0.04877356067299843,-0.18149142964611437,0.2805824149153474,-0.0829921488662791
2691,1623510957.4332085,0.0,-0.022458789870142937,-0.048911064863204956,0.04329222813248634,-0.007033955720949989,-0.8088279218653117,1.1429558865030405,-0.2796003818511963,0.1071823239326477,-0.26928332448005676,0.01493017317394702,0.7092655323592965,-0.10325635407792123
2692,1623510957.442856,0.0,-0.0260611679404974,-0.04888736456632614,0.0403631292283535,-0.007480749613553064,-0.8088928117672333,1.1427590196351023,-0.2796003818511963,-0.01851888746023178,-0.3001759946346283,0.011418527908348422,0.5133968630055636,-0.042425297110194854
2693,1623510957.4531133,0.0,-0.028224699199199677,-0.04981734976172447,0.03725355491042137,-0.008247756630191914,-0.8095027271783055,1.1427402779235407,-0.1911834329366684,-0.06752105057239532,-0.3097633719444275,-0.0563574559981882,-0.025713034396433646,-0.011886489340578692
2694,1623510957.4633117,0.0,-0.030041871592402458,-0.050812382251024246,0.03409288451075554,-0.009017638503499494,-0.8092003311042247,1.1421769790960064,0.09537269920110703,-0.0962831899523735,-0.31082862615585327,-0.0772213614458302,-0.020515015264722485,-0.026045469497157414
2695,1623510957.4730656,0.0,-0.030529813840985298,-0.05135830491781235,0.031021367758512497,-0.009503670781454664,-0.8088579032258634,1.141393646102512,0.06554529070854187,-0.012127299793064594,-0.2905886173248291,-0.06804154706549244,0.02919848774727875,-0.06496603648615179
2696,1623510957.48294,0.0,-0.03036448359489441,-0.050782643258571625,0.028160113841295242,-0.009790159228141415,-0.8090055350371795,1.1410094639626682,0.09750322252511978,0.11996549367904663,-0.2724791169166565,-0.04264324611721704,0.012921430513577147,-0.06321043904834725
2697,1623510957.4935727,0.0,-0.030339663848280907,-0.04908929020166397,0.025693412870168686,-0.009875784491938863,-0.8094963899429357,1.1410949195545326,0.016543131321668625,0.2659067213535309,-0.2213463932275772,-0.01812608171878605,-0.029341646254592364,-0.019896985000291714
2698,1623510957.5025277,0.0,-0.030770277604460716,-0.04743180423974991,0.023998241871595383,-0.011300383521611987,-0.8107115456139186,1.1576737764258866,-0.0005011003231629729,0.1679023951292038,-0.16701790690422058,-0.0002893267577375636,-0.0459734779129535,0.005341918788764426
2699,1623510957.5130541,0.0,-0.03181914985179901,-0.04714099317789078,0.02275199070572853,-0.011894107871464013,-0.8096193576579808,1.1579277313243324,-0.0985054299235344,-0.06219473108649254,-0.053034618496894836,0.006628535172391868,-0.056390533641238534,0.011038207970751696
2700,1623510957.522901,0.0,-0.03061027079820633,-0.04884882643818855,0.022608786821365356,-0.012850402812559475,-0.8080992291700285,1.1591007449723174,0.40429940819740295,0.1487276256084442,-0.025337740778923035,0.0022243516625040545,-0.045828611763779455,0.022180915859076163
2701,1623510957.6069994,0.0,-0.021784648299217224,-0.029960354790091515,0.008589491248130798,-0.014090342553754527,-0.806679213377179,1.159752917712185,0.34357932209968567,-0.20174437761306763,-0.2810012102127075,0.3989632899098195,-0.021020747556414126,0.10801497494835013
2702,1623510957.6174903,0.0,-0.021139105781912804,-0.028310619294643402,0.005498964339494705,-0.014647477316964919,-0.8048425621926653,1.159900750936358,-0.13792021572589874,0.17962029576301575,-0.3321339190006256,0.26992559084109063,0.06289051002332546,0.0579429692355499
2703,1623510957.6271937,0.0,-0.019776666536927223,-0.02748934179544449,0.002229057252407074,-0.015689188104136352,-0.8035615307216075,1.1606834386782423,0.37234145402908325,-0.18576541543006897,-0.3598307967185974,-0.07709284684084133,0.17461816229097915,0.043270407254814514
2704,1623510957.637232,0.0,-0.018796619027853012,-0.0264817513525486,-0.0006730593740940094,-0.015975462086412165,-0.8017533686476674,1.1611080284445208,-0.007957951165735722,-0.041954707354307175,-0.24371695518493652,-0.07294686685758026,0.15978320454351477,0.06155775344520621
2705,1623510957.6469095,0.0,-0.016396483406424522,-0.027391694486141205,-0.0038325972855091095,-0.01642475118183438,-0.8017104313893267,1.1632575831799272,0.2711413502693176,-0.32531505823135376,-0.32574233412742615,-0.03822950639373456,0.14363628742452955,0.07120677143396323
2706,1623510957.6570249,0.0,-0.016970666125416756,-0.0315420888364315,-0.007303126156330109,-0.01779745278963316,-0.7982431735022562,1.1668305537923664,-1.121159315109253,-0.20387490093708038,-0.17660528421401978,-0.08225856927323902,0.11318452364945729,0.26552982949449316
2707,1623510957.6673257,0.0,-0.011886601336300373,-0.03790877014398575,-0.01070304773747921,-0.019700160035436277,-0.7984805447749437,1.1682703918368085,0.7260092496871948,-0.7663345336914062,-0.849852442741394,-0.1598345317195863,0.22122857628647744,0.2738634377830441
2708,1623510957.6769488,0.0,-0.018913080915808678,-0.03966270387172699,-0.01632525771856308,-0.02015832018740998,-0.8001100320551569,1.1696647349271654,0.03678315505385399,0.5045259594917297,-0.5792752504348755,-0.13831549826080108,-0.011787111630086057,0.15419802161078094
2709,1623510957.6870892,0.0,-0.010294917039573193,-0.03629998117685318,-0.02223954349756241,-0.019382950694977537,-0.8018680975485455,1.1702637353047844,0.3840593695640564,0.21796981990337372,0.2665446996688843,0.009762792643012027,-0.2045826927754971,0.11563285962426394
2710,1623510957.6971762,0.0,-0.01796470582485199,-0.01890992373228073,-0.02196207456290722,-0.014993160689816515,-0.7985017376291784,1.1700836287907257,-0.07080855965614319,0.6930777430534363,0.017272837460041046,0.25957510781578325,0.06934701872186859,0.025444379519557348
2711,1623510957.7791536,0.0,-0.04418459162116051,-0.025832753628492355,-0.03427460044622421,-0.017542691955892975,-0.7894837513882628,1.168086787620894,0.04743580147624016,-0.0685863122344017,0.08651503175497055,0.09634094170503135,0.6621259209267751,-0.08050336454680732
2712,1623510957.7893348,0.0,-0.045753251761198044,-0.02577740140259266,-0.033502720296382904,-0.01762943797219004,-0.7889933909137787,1.167490059717804,-0.13792021572589874,0.04539697989821434,0.08758029341697693,-0.13561466787957932,0.5372407149735725,-0.10500268027544
2713,1623510957.7990332,0.0,-0.04832860454916954,-0.025333024561405182,-0.0324908047914505,-0.017704324272516645,-0.788471442808208,1.1671189846352246,0.05808844417333603,0.00065587367862463,0.10782031714916229,-0.01056004147374691,0.06279816221920795,-0.05252704644201448
2714,1623510957.8092027,0.0,-0.05029810220003128,-0.023605570197105408,-0.031550925225019455,-0.0174203602037503,-0.7876296914777101,1.1664024105532165,-0.1911834329366684,0.29892992973327637,0.07586238533258438,0.006292620972565308,0.06059741212869575,-0.05073037553553615
2715,1623510957.8189976,0.0,-0.05211040750145912,-0.020074231550097466,-0.030731793493032455,-0.016584377821236822,-0.7868368947340985,1.1653786025566444,-0.030328504741191864,0.4683069586753845,0.11421190202236176,0.0505108398969993,0.07849317480068793,-0.08133213573919319
2716,1623510957.8296156,0.0,-0.05330004543066025,-0.016993548721075058,-0.029696065932512283,-0.01596827153559317,-0.786788552992858,1.1650990744347027,0.04210947826504707,0.21690455079078674,0.12379928678274155,0.0768649254643094,0.050361678901539905,-0.07248524444695256
2717,1623510957.83908,0.0,-0.05444639176130295,-0.015557767823338509,-0.028619542717933655,-0.01584930850892684,-0.7871412326722793,1.165191847270732,-0.059090644121170044,0.03474433347582817,0.10888558626174927,0.04549769304115739,-0.012652959896780305,-0.014713360516123085
2718,1623510957.8491704,0.0,-0.05540449544787407,-0.016553327441215515,-0.02763674035668373,-0.0163254290825315,-0.7872302040976654,1.165100557658445,-0.0750696137547493,-0.07497789710760117,0.0705360621213913,-0.011281407223570116,-0.026603837317427992,0.0025166349265980594
2719,1623510957.8590627,0.0,-0.05577491223812103,-0.017339786514639854,-0.027000296860933304,-0.014355946526199162,-0.7902996809359543,1.1753771872737446,0.04743580147624016,0.06031068041920662,0.046034976840019226,-0.023637610907055684,-0.02598207846814,0.002546864687661231
2720,1623510957.869141,0.0,-0.05622417852282524,-0.016019152477383614,-0.027317147701978683,-0.014086745886712784,-0.7862325555234595,1.1764493226903112,-0.1634865552186966,0.37456369400024414,-0.053034618496894836,-0.016953716151896624,-0.03616240367181777,0.011861516201878964
2721,1623510957.9467483,0.0,-0.017307931557297707,-0.014719467610120773,-0.003870956599712372,-0.013603180684697694,-0.7869993493624421,1.17700882325315,0.551305890083313,-0.011062035337090492,0.5499050617218018,0.010981307740067722,-0.4096930082265715,0.09819497674165872
2722,1623510957.9565587,0.0,-0.010254981927573681,-0.014897852204740047,0.0016259066760540009,-0.013874830954536038,-0.7864155404427762,1.1772643918917103,0.47354158759117126,0.1444665640592575,0.5339260697364807,-0.02633095327667316,-0.37850849628767597,0.058131249332343544
2723,1623510957.966477,0.0,-0.004577940795570612,-0.015469678677618504,0.0073955245316028595,-0.013472675825748834,-0.7857420660739793,1.1778909095224432,0.5278700590133667,-0.37005615234375,0.5914503931999207,0.005127253561751677,0.055959536543051414,0.04192686994843704
2724,1623510957.976568,0.0,-0.0011085321893915534,-0.016440052539110184,0.012586984783411026,-0.01319863966813642,-0.7853359621161164,1.1790962180734348,0.29883822798728943,-0.16765591502189636,0.5424482226371765,0.03289791181508564,0.06474040421958528,0.0868203461218072
2725,1623510957.9864435,0.0,0.0015632407739758492,-0.017659908160567284,0.017864439636468887,-0.013469257265376733,-0.7834450138068219,1.179405029370499,0.20829074084758759,-0.11226215213537216,0.5179471373558044,0.002007316589471151,0.10738175083249775,0.08501363026095275
2726,1623510957.9961193,0.0,0.00276623060926795,-0.018463212996721268,0.02268441766500473,-0.013562091458180513,-0.7814251159903777,1.1794269542775,-0.013284273445606232,-0.0685863122344017,0.47107547521591187,-0.018151309235762494,0.20282425049101843,0.02372881571453173
2727,1623510958.0065393,0.0,0.0024809183087199926,-0.016726920381188393,0.027280669659376144,-0.013011209191256583,-0.7813256930796002,1.184763514940888,-0.21568451821804047,0.16470658779144287,0.4604228436946869,0.01713888689568106,0.09578678572465947,0.24350498763102343
2728,1623510958.0168185,0.0,0.007516007870435715,-0.009777333587408066,0.029222916811704636,-0.01130492008259286,-0.7806110420618694,1.1877636263279998,1.39286470413208,0.5844208002090454,-0.07433990389108658,0.09716265422514825,0.13030113520706094,0.3994759400733588
2729,1623510958.0266197,0.0,0.0010818580631166697,-0.0045896414667367935,0.03407013788819313,-0.010116028400507536,-0.7825372348442844,1.189103083019205,-0.4234110713005066,-0.21346229314804077,0.44870492815971375,0.1486756116214639,-0.05859719062243601,0.2422660598737271
2730,1623510958.036619,0.0,0.008345079608261585,-0.005000390578061342,0.03949505463242531,-0.010187523911002729,-0.7847581743656635,1.1894474666544794,-0.3808005154132843,-0.21026650071144104,0.9579013586044312,0.08659839049368993,-0.2857510526398243,0.11102665146538095
2731,1623510958.122655,0.0,-0.026294304057955742,-0.004146927502006292,0.0354219488799572,-0.01000839192382015,-0.7731449651654653,1.1872428535485362,-0.13259388506412506,0.07628965377807617,-0.29804545640945435,0.006459409525677949,0.38276937862953203,-0.032430750644721534
2732,1623510958.1329432,0.0,-0.028761407360434532,-0.0029514445923268795,0.03239522501826286,-0.00960042253266987,-0.7731479520567943,1.1871444235855257,-0.17840026319026947,0.1167697012424469,-0.2948496639728546,0.01519531090670749,0.5249978594615714,-0.06559186685184996
2733,1623510958.1427977,0.0,-0.03102852590382099,-0.0033736727200448513,0.029875192791223526,-0.009604984416824669,-0.7740347611604331,1.187323265857015,-0.1027664914727211,-0.06965158134698868,-0.24584747850894928,0.023358376837876605,-0.030791612373794866,-0.0002764782397610761
2734,1623510958.1527245,0.0,-0.034447528421878815,-0.0033784699626266956,0.027609016746282578,-0.009511322125418067,-0.7735584315917821,1.1870101817964611,-0.1634865552186966,0.03367907181382179,-0.19151899218559265,0.006037740153707137,-0.03499267423710026,-0.002385529604447432
2735,1623510958.1626039,0.0,-0.036088548600673676,-0.0025836096610873938,0.025835294276475906,-0.009188944505389873,-0.7728716800665698,1.186171413100701,-0.08572226017713547,0.17535923421382904,-0.14145156741142273,0.016800207977376417,0.04790566699138095,-0.05038950410001833
2736,1623510958.1725929,0.0,-0.03716442734003067,-0.0009362059645354748,0.024516288191080093,-0.008612709689641972,-0.7728364561536172,1.185607941601556,0.023999981582164764,0.2786898910999298,-0.12227680534124374,0.04185923603488397,0.04199164552596431,-0.07184119704843327
2737,1623510958.1827629,0.0,-0.03763563558459282,0.0019046466331928968,0.02378300204873085,-0.007701702468457312,-0.7732120229356607,1.1855811217685495,0.0016294285887852311,0.3031909763813019,-0.04131670668721199,0.0735698804392869,-0.010467302022247951,-0.03684309795928668
2738,1623510958.1927075,0.0,-0.03855975344777107,0.004020998254418373,0.02370736375451088,-0.007010232074516773,-0.7736715821879858,1.1856606335725184,0.02506524696946144,0.11570443958044052,0.03857812657952309,0.08409615389919432,-0.03930622669120874,0.00044538758338223867
2739,1623510958.2026386,0.0,-0.03925487399101257,0.004068457521498203,0.024166639894247055,-0.006847139937911757,-0.7741829387029567,1.1856478877449694,-0.015414802357554436,-0.027041003108024597,0.0471002422273159,0.04911200084500846,-0.051117249752401464,0.005272557337016264
2740,1623510958.212734,0.0,-0.03975168243050575,0.003456851001828909,0.024663079530000687,-0.008353894232350875,-0.7758132203249726,1.1977491518337744,0.020804189145565033,-0.023845210671424866,0.07799291610717773,0.0502144339416481,-0.06590549011156585,0.01504015113944588
2741,1623510958.2943964,0.0,0.0009632965084165335,0.023366888985037804,0.012159939855337143,-0.002501198635880067,-0.7767894810505476,1.2006744220678933,0.9955211877822876,0.30106043815612793,-0.40350663661956787,0.05853228556951436,-0.17332750103406616,0.10515425565056419
2742,1623510958.3042066,0.0,0.009866251610219479,0.028094319626688957,0.00817892700433731,-0.0014974669288166653,-0.7768401986813059,1.2013269164065496,0.8186872601509094,0.4544585347175598,-0.5015109777450562,0.32771257352584776,-0.4228552262233468,0.08004221547725403
2743,1623510958.314401,0.0,0.019328823313117027,0.03195112571120262,0.004205148667097092,-0.0009179069364357167,-0.7775074105834547,1.2020176083646177,0.5161521434783936,0.5993344783782959,-0.40457189083099365,0.0924391055109726,-0.0344163153839751,0.0679336272031943
2744,1623510958.3241863,0.0,0.025235112756490707,0.03826475515961647,-0.00011250004172325134,0.0003446979058550764,-0.7763797614383041,1.20274567639287,0.4948468804359436,0.9711117744445801,-0.4493130147457123,0.08983822777344364,0.007894811642137928,0.07133704424198653
2745,1623510958.3343754,0.0,0.03135274723172188,0.045568957924842834,-0.00434098020195961,0.0019064050191907878,-0.7764529897407839,1.203869364830601,0.29883822798728943,1.0137224197387695,-0.5260120630264282,0.1342573649980296,0.058114433136800474,0.0952132088766112
2746,1623510958.3442576,0.0,0.035325050354003906,0.04589242860674858,-0.007620230317115784,0.001565652186027125,-0.7757902124468827,1.2046273157682506,0.0687410831451416,-0.7524861097335815,-0.20536743104457855,0.07653187010367717,0.02519885865904447,0.10331631000389317
2747,1623510958.3544996,0.0,0.03342724218964577,0.03783577308058739,-0.01290893740952015,-0.0005977758805251615,-0.7749694151165005,1.2072402654330625,-0.3754741847515106,-0.5128015875816345,-0.6868669986724854,-0.1032282059207915,0.07719883807899373,0.14785663869631394
2748,1623510958.3644335,0.0,0.027550725266337395,0.03124544955790043,-0.018827447667717934,-0.001688337932182711,-0.7676407036997939,1.2093165326397248,0.8762115240097046,-0.49788790941238403,-0.6463869214057922,-0.16826266314158891,0.4044523082140574,0.23914132133566846
2749,1623510958.3742085,0.0,0.025192437693476677,0.031227972358465195,-0.02504301443696022,-0.0010346848121279353,-0.7753376480892389,1.2122864780048064,-1.0817445516586304,1.302409052848816,-0.5963194966316223,-0.057957510503244665,0.04653619883789551,0.27218599413319394
2750,1623510958.3844151,0.0,0.023450661450624466,0.04163206368684769,-0.03297710418701172,0.0024733157818163723,-0.779331424617357,1.2155905673624066,0.428800493478775,1.0328971147537231,-0.759304940700531,0.1843337166769455,-0.5438976896845117,0.31063021734997065
2751,1623510958.4618368,0.0,-0.02293403446674347,0.027405982837080956,-0.03390989080071449,0.0023500727192625123,-0.7784006491311223,1.2196618557836354,-0.9081063866615295,-0.13143692910671234,-0.03385985642671585,0.02044277380841033,0.4050057777471248,0.21048830508592775
2752,1623510958.470971,0.0,-0.030884908512234688,0.030149348080158234,-0.033946726471185684,0.0036975378206167836,-0.77848536825628,1.218848865048192,-0.5757439136505127,0.3756289482116699,0.04923076927661896,-0.10404576333200989,0.6791160159445823,-0.0006290120492019543
2753,1623510958.481148,0.0,-0.038431525230407715,0.03371955454349518,-0.03268110379576683,0.005218308214112205,-0.7816266412570552,1.2190493442480455,-0.8047757744789124,0.34580156207084656,0.26228365302085876,0.13887609417480545,-0.10827134630606543,-0.045285814910624896
2754,1623510958.491277,0.0,-0.0445721261203289,0.03508570417761803,-0.029547512531280518,0.006221062787467001,-0.7833491645285908,1.219485708914478,-0.1677476167678833,-0.3604687750339508,0.4273996353149414,0.13809604434839023,-0.24571783735652528,0.021982572417457817
2755,1623510958.5010216,0.0,-0.047771990299224854,0.03496222570538521,-0.02643876150250435,0.00661546576326312,-0.7829496558584912,1.218659174559228,-0.5203501582145691,-0.1655253916978836,0.0566876195371151,0.07993240218930875,-0.09712239213639078,-0.009130974242342315
2756,1623510958.5111666,0.0,-0.04849870130419731,0.03163229674100876,-0.025470107793807983,0.006174893326263198,-0.7832055956777009,1.2174769826532277,0.15822330117225647,-0.5745869278907776,0.19730253517627716,0.008750117490040519,-0.0033976835087476953,-0.09265567035507967
2757,1623510958.521064,0.0,-0.04846182465553284,0.02671082317829132,-0.023239893838763237,0.0054472056357997845,-0.783706430680627,1.217130400742496,0.13478748500347137,-0.30614030361175537,0.21647728979587555,-0.056459469279488264,-0.027680719965673888,-0.08452539712315456
2758,1623510958.531105,0.0,-0.049104515463113785,0.025352736935019493,-0.02119383029639721,0.005677088338535405,-0.7845050399411271,1.217094772771939,0.1379832774400711,-0.3093360960483551,0.16534459590911865,-0.03280710324844082,-0.06048949046635793,-0.027043563702989677
2759,1623510958.5411623,0.0,-0.04972956329584122,0.025166023522615433,-0.019641654565930367,0.006165595279276709,-0.7853470348955409,1.2168830073642687,-0.030328504741191864,0.10185600072145462,0.16001828014850616,0.02745256487502153,-0.08677920451872598,-0.011542907764196923
2760,1623510958.5511289,0.0,-0.0507521852850914,0.026415256783366203,-0.0180385522544384,0.007107363349249406,-0.785652494285744,1.2165405711991697,0.03358736261725426,0.05285383015871048,0.16427934169769287,0.0673425208601479,-0.06307879366718035,-0.025483085878540583
2761,1623510958.6323183,0.0,-0.028455881401896477,0.00730479322373867,-0.004570439457893372,0.005611756799146592,-0.7857083654834736,1.2261360399249943,0.39045095443725586,-0.7024186849594116,0.4050290882587433,-0.1088745688718645,-0.18169665678577215,-0.011416928480222483
2762,1623510958.6420548,0.0,-0.0256770271807909,0.003955599386245012,-0.0013041794300079346,0.005524891326554884,-0.7851245879559208,1.2260728987541267,0.09537269920110703,0.001721138134598732,0.34217849373817444,-0.2053721001977715,-0.16823742583172896,0.005467543549170268
2763,1623510958.6518831,0.0,-0.019060906022787094,-0.003560960292816162,0.0017815157771110535,0.0042880619239586415,-0.7848485751752949,1.2264297501813344,0.5353268980979919,-0.7386376857757568,0.24736995995044708,-0.0705780753859512,0.034519232909540946,0.012211191722849707
2764,1623510958.6620014,0.0,-0.013199194334447384,-0.008076568134129047,0.004820924252271652,0.004378484410384589,-0.7841167562765432,1.2271556997483004,0.29457715153694153,-0.21346229314804077,0.28678473830223083,-0.049652414915147595,0.06674494434520618,0.04849110004842898
2765,1623510958.6724386,0.0,-0.0069868797436356544,-0.013527637347579002,0.009758178144693375,0.004184077569028374,-0.7834260028567586,1.2281761809833234,0.5821985602378845,-0.3796435296535492,0.3666795790195465,-0.002891097561118897,0.07543513232827129,0.08492504813951221
2766,1623510958.6819487,0.0,-0.0015122039476409554,-0.019179947674274445,0.013314545154571533,0.003586131760231606,-0.7823742316047956,1.2288728929943336,-0.015414802357554436,-0.4030793607234955,0.381593257188797,-0.024974291525216373,0.095862625971342,0.09099542801577641
2767,1623510958.6921494,0.0,0.0026893550530076027,-0.02488267794251442,0.015870720148086548,0.0026693178800632072,-0.7815979251407271,1.2291628094829359,0.4447794556617737,-0.5895006656646729,0.37520167231559753,-0.05609874825625058,0.12513893275516386,0.056841384360130726
2768,1623510958.702346,0.0,0.0054867747239768505,-0.03068832866847515,0.01961623877286911,0.0017046709140187133,-0.7814857045648596,1.231053648827888,0.22533497214317322,-0.5575426816940308,0.09929820150136948,-0.0721420368648975,0.10215583365202485,0.0710182573546074
2769,1623510958.7121098,0.0,0.006212116219103336,-0.030043192207813263,0.02048884704709053,0.0021033955598243684,-0.7775369286349717,1.2340168372333107,-1.0700266361236572,0.6525977253913879,0.41674700379371643,-0.04102884267309858,0.1281871970416067,0.23833659506697616
2770,1623510958.7219927,0.0,0.012508569285273552,-0.02611769735813141,0.022380217909812927,0.00282305492226044,-0.7780580603485494,1.23330862674416,0.9358663558959961,-0.10160951316356659,0.27613207697868347,0.043716253764119195,0.23239542868987,0.1515001298807059
2771,1623510958.8007188,0.0,-0.030596710741519928,-0.02995932847261429,0.04134047403931618,-0.0003900607486075486,-0.7848486274239794,1.2352115665057526,-0.7302072644233704,-0.20174437761306763,-0.12227680534124374,-0.04208120146029947,0.657695570900157,-0.011093979791752395
2772,1623510958.8101616,0.0,-0.03940296173095703,-0.030924474820494652,0.04051067307591438,-0.0010056628821217967,-0.7851022318455644,1.2345061165813915,-0.7802746891975403,-0.1527422070503235,-0.11375468969345093,-0.11438901321772568,0.6115741786996202,-0.022847574111919074
2773,1623510958.8200781,0.0,-0.04856129363179207,-0.03287925943732262,0.03972538933157921,-0.001858192830127621,-0.7863459772229522,1.2344426978899512,-0.5778744220733643,-0.22731071710586548,-0.09138413518667221,-0.07561617498363825,-0.04641244179333018,-0.04697533541023751
2774,1623510958.830991,0.0,-0.05436083301901817,-0.03498619422316551,0.03771430626511574,-0.0028292632879167584,-0.787001141024646,1.2342271104550107,-0.3626910150051117,-0.05154208466410637,-0.21921586990356445,-0.09238191372005401,-0.10608282991676181,-0.015261623932620682
2775,1623510958.840383,0.0,-0.05718651041388512,-0.0345158576965332,0.03525802865624428,-0.003060902570519261,-0.7861105689337753,1.2329919622647785,-0.036720093339681625,0.06670226901769638,-0.32680758833885193,-0.06608907347099766,-0.0014198995240044354,-0.06061672626521666
2776,1623510958.850194,0.0,-0.05843488499522209,-0.032644595950841904,0.03271534666419029,-0.0028487264419189973,-0.7860861951334543,1.2318396872256305,0.006955750752240419,0.29040780663490295,-0.22028113901615143,-0.009827129082030796,0.05338626685956644,-0.11888908897451937
2777,1623510958.860425,0.0,-0.058376409113407135,-0.030915383249521255,0.030429605394601822,-0.002731300965638374,-0.7870899944601297,1.231534289654392,0.21148653328418732,0.2563193440437317,-0.21815060079097748,0.01570729678120671,-0.03798521262095288,-0.08479245500863597
2778,1623510958.8701298,0.0,-0.058604151010513306,-0.0290631502866745,0.028382372111082077,-0.002625163885164934,-0.7881905120380472,1.2314252970772173,-0.040981147438287735,0.23394878208637238,-0.15423473715782166,0.013902296155843315,-0.10424324490647768,-0.025850298087254517
2779,1623510958.8803492,0.0,-0.05893775448203087,-0.028390267863869667,0.027121398597955704,-0.002792548045209689,-0.7890201063096615,1.2310045135766725,0.16035383939743042,-0.046215761452913284,-0.0871230736374855,0.002381304993070281,-0.10290232705306812,-0.02342397166271303
2780,1623510958.8903918,0.0,-0.05862855538725853,-0.029728874564170837,0.026113998144865036,-0.003501599857568878,-0.7900400649924854,1.2305616644495467,0.07193688303232193,-0.07391263544559479,-0.09990625083446503,-0.03923436576171397,-0.09623867829224943,-0.041122414271503864
2781,1623510958.965311,0.0,-0.042753566056489944,-0.011120103299617767,0.01861204206943512,-0.0026935711676001756,-0.7952204384970993,1.237858255996323,0.8261440992355347,0.7186441421508789,-0.5142941474914551,0.11884074323547052,-0.20091512472764636,-0.01763592123975663
2782,1623510958.9752347,0.0,-0.0374000146985054,-0.006394780240952969,0.015334129333496094,-0.0020717371574144328,-0.7963988496282893,1.2376043066709839,0.617352306842804,0.5247659683227539,-0.23732537031173706,0.2367036450912826,-0.24069173472801605,0.001209661451633433
2783,1623510958.985687,0.0,-0.031957294791936874,-0.00016098649939522147,0.011864099651575089,-0.001271758332211631,-0.7961930870079322,1.2373959696178438,1.1531802415847778,0.4970691204071045,-0.3608960509300232,0.07270967218369195,-0.06849208201029089,-0.02445151563433767
2784,1623510958.9953184,0.0,-0.022938597947359085,0.004702088888734579,0.008760321885347366,-0.0005760406813656027,-0.7960581555832356,1.2366995810930694,0.5651543140411377,0.6323577165603638,-0.30656757950782776,0.0730198811953402,0.005548278788664502,-0.04210358453020684
2785,1623510959.005607,0.0,-0.016209719702601433,0.01124418992549181,0.0061027891933918,0.00022304903864399372,-0.7952815878751294,1.2373037652294578,0.21894338726997375,0.9316970109939575,-0.07114411145448685,0.0843381107386258,0.041973317216848195,-0.011124782108505649
2786,1623510959.0154874,0.0,-0.0058839162811636925,0.016476362943649292,0.004471667110919952,0.0005885822485282022,-0.79602333829846,1.2382589272727116,0.9965864419937134,0.5673765540122986,-0.1840621381998062,0.06291584384481823,0.010895566065695765,0.07227095408784365
2787,1623510959.0252843,0.0,0.001094980165362358,0.023472459986805916,0.0028756819665431976,0.0015064320293411843,-0.7946133170949958,1.239217990826357,0.40429940819740295,0.909326434135437,-0.18725793063640594,0.058015885431077774,0.02821417648062603,0.09732085766193622
2788,1623510959.0351872,0.0,0.008809925056993961,0.03098607063293457,0.001365702599287033,0.0025839333580339047,-0.7951696280391523,1.2401153951507848,0.40536466240882874,0.8518021702766418,-0.14358209073543549,0.09594989580970198,0.0419192526709009,0.09436386775887921
2789,1623510959.0452392,0.0,0.014542601071298122,0.037423692643642426,0.00015777722001075745,0.003413993983675312,-0.7946376276306973,1.2408411700447395,0.5097605586051941,0.13381393253803253,-0.14464735984802246,0.10785704072104561,0.0033089761932906412,0.08371202389497814
2790,1623510959.0552328,0.0,0.01696951687335968,0.034219611436128616,0.0008540190756320953,0.001906530278932117,-0.7938592821627993,1.2417247725502665,-0.4511079490184784,-0.7375723719596863,-0.1148199513554573,-0.00892149418617934,0.045294099728404834,0.07372070113671346
2791,1623510959.1337802,0.0,-0.014309142716228962,0.027565807104110718,-0.00566994771361351,0.003282608847273029,-0.7942904405146193,1.2549928191397923,-0.3435162603855133,-0.39029619097709656,-0.06475251913070679,-0.1231084420864262,0.3779663063539329,0.11517029782711355
2792,1623510959.1438577,0.0,-0.018504802137613297,0.024378163740038872,-0.011207999661564827,0.00274872138249576,-0.7949781043670813,1.255513184418572,-0.5033059120178223,-0.4520815312862396,-0.6218858361244202,-0.08541711482409153,0.32533125370246446,0.10373556099901571
2793,1623510959.1538634,0.0,-0.024094121530652046,0.025860588997602463,-0.01628674566745758,0.0034871216859412232,-0.7954982980539459,1.2555746224967304,-0.29557934403419495,0.7047956585884094,-0.4620961844921112,-0.013197186846813645,-0.057110898007241485,0.031674051229359054
2794,1623510959.163851,0.0,-0.02728445827960968,0.029785679653286934,-0.017287973314523697,0.005005825059539164,-0.7953598314920585,1.2555519821516874,-0.02500218152999878,0.20625190436840057,0.20795518159866333,0.10252832362660605,-0.024582524414518497,0.002924991590045549
2795,1623510959.173968,0.0,-0.030288392677903175,0.029285823926329613,-0.013273900374770164,0.005373077480472166,-0.794707585225892,1.2550317665557675,-0.12939809262752533,-0.03449785336852074,0.49877235293388367,0.1070861605356793,0.03269849915665125,-0.02322044878816645
2796,1623510959.1838002,0.0,-0.03188062086701393,0.030609777197241783,-0.009358642622828484,0.006281900954036322,-0.7948926051321705,1.2544492984041795,-0.021806389093399048,0.053919095546007156,0.34537428617477417,0.06681504185421103,0.03099355339061759,-0.056267397653741315
2797,1623510959.1936533,0.0,-0.03326132521033287,0.03142215684056282,-0.00545303151011467,0.007022804619705933,-0.7962365075355019,1.2540422795848563,0.02506524696946144,0.08587703108787537,0.3986375033855438,0.081474443592529,-0.06391582380122672,-0.05446260648632071
2798,1623510959.203912,0.0,-0.03423628583550453,0.03132634237408638,-0.0005415342748165131,0.007534599884691698,-0.7968556168960961,1.2539223981264176,0.031456831842660904,-0.10160951316356659,0.5541661381721497,0.06812244589638171,-0.10575677590894378,-0.030041566027442984
2799,1623510959.2138274,0.0,-0.03449813649058342,0.029685847461223602,0.001495014876127243,0.007595876502536979,-0.7975129455575933,1.2536814485014667,-0.04630747064948082,-0.12717586755752563,-0.06368725746870041,0.03172808655115465,-0.07341813130414111,-0.01841755015119015
2800,1623510959.223708,0.0,-0.03520321846008301,0.029412858188152313,0.0012511201202869415,0.007997524821403638,-0.7982284258062327,1.253267088164748,-0.014349537901580334,0.003851667046546936,0.0566876195371151,0.01968977892038496,-0.07087462252662441,-0.031784123826694995
2801,1623510959.2999701,0.0,-0.034334100782871246,0.022211967036128044,-0.0012689270079135895,0.011367500057619065,-0.7972661146813044,1.263153568816135,-0.1304633617401123,-0.28483501076698303,0.1259298175573349,-0.01356131179049882,-0.0784943826673019,-0.011278652639939166
2802,1623510959.310281,0.0,-0.03111884742975235,0.016580287367105484,0.0021002963185310364,0.010492371759203353,-0.7997118257067641,1.2631345655381532,0.2828592360019684,-0.6693954467773438,0.37413641810417175,-0.08647475429558135,-0.15403570229060717,0.023604525635191793
2803,1623510959.320232,0.0,-0.024777695536613464,0.012783363461494446,0.00457005575299263,0.01026965434472868,-0.8020281055796956,1.2628324894927023,0.8208178281784058,-0.4392983615398407,0.2782626152038574,-0.05696350131759773,-0.22248483123074944,-0.013350612343644909
2804,1623510959.3301291,0.0,-0.018099498003721237,0.01226554624736309,0.007264014333486557,0.011196113885442102,-0.8030772256527794,1.262530922524613,0.33931827545166016,0.032613806426525116,0.34217849373817444,0.013305589622043042,-0.18374372721888294,-0.02952455086662173
2805,1623510959.3399487,0.0,-0.009876259602606297,0.006743027828633785,0.010316088795661926,0.010776623825004453,-0.8048125852976007,1.2625166140004063,1.5164353847503662,-0.7407681941986084,0.19197620451450348,0.033224304472592024,-0.13393557307341164,-0.017699931823608323
2806,1623510959.350235,0.0,-0.0021376318763941526,-0.0015646788524463773,0.011472020298242569,0.008574657113549405,-0.8052846695073111,1.2625200971376875,0.4671500027179718,-1.011345386505127,0.060948681086301804,-0.10925262637023529,-0.11127276351367969,-0.002542877171473284
2807,1623510959.36038,0.0,0.005514838267117739,-0.01140062976628542,0.014278814196586609,0.006809306061856452,-0.8056936570230943,1.2626589502289947,1.2799466848373413,-1.562087059020996,0.34217849373817444,-0.20668781490176616,-0.0459533999866058,0.006872548952460973
2808,1623510959.3700988,0.0,0.009632544592022896,-0.019086280837655067,0.017268799245357513,0.005883140906888337,-0.8051097365742175,1.2632196119123038,0.4309310019016266,-0.5341069102287292,0.39224591851234436,-0.16169400544851184,-0.004495386640155517,0.03257677922923017
2809,1623510959.3800375,0.0,0.016810759902000427,-0.027759874239563942,0.020271912217140198,0.005174564379596222,-0.8061309806392203,1.2641634972772993,0.44158366322517395,-0.535172164440155,0.27187103033065796,-0.0952320813616541,-0.02402960148007279,0.07187160539628498
2810,1623510959.3901365,0.0,0.020522719249129295,-0.03268169239163399,0.022824015468358994,0.005447133169840523,-0.8059534508750473,1.2647316283640122,0.7792724967002869,-0.444624662399292,0.3315258324146271,-0.027726624419746472,-0.032659307659850714,0.08055938957713041
2811,1623510959.4701693,0.0,0.006483381614089012,-0.031178442761301994,0.045192938297986984,0.007375454204889713,-0.8073293182221406,1.2642895421131999,-0.9613696336746216,0.3308878540992737,-0.14677788317203522,0.0490303327311127,0.12365963268805108,0.020086181099018503
2812,1623510959.479976,0.0,-0.004106671549379826,-0.030032603070139885,0.04600797966122627,0.007226520746523087,-0.8066853782100845,1.264187682188854,-0.5714828372001648,-0.0408894419670105,0.15788774192333221,0.03966027008647308,0.14790221136363177,-0.024959303018044138
2813,1623510959.4899657,0.0,-0.010967948473989964,-0.03173580765724182,0.047200921922922134,0.006397553940127039,-0.8070539270793512,1.2644000968299267,-0.8516473770141602,0.00598219595849514,0.013011779636144638,-0.04217539468889753,0.007456338610891463,-0.0026774138656032918
2814,1623510959.4998415,0.0,-0.017656639218330383,-0.03145133703947067,0.0456172414124012,0.006104214921992299,-0.8079955391580578,1.264528725889878,-0.4127584397792816,0.06457174569368362,-0.2213463932275772,-0.059963571825427525,-0.07066912033346551,0.01661324929167514
2815,1623510959.5098708,0.0,-0.02115681767463684,-0.03154527023434639,0.04348725453019142,0.005656552680923493,-0.808280926702754,1.2640938776744282,-0.19757501780986786,-0.08882633596658707,-0.2170853465795517,-0.03701454734004783,-0.06700666814799927,-0.00971381120710939
2816,1623510959.5199819,0.0,-0.02312208153307438,-0.03327213600277901,0.04126058891415596,0.004744051227777914,-0.8082403820151889,1.263355384623798,0.0005641641328111291,-0.16872118413448334,-0.28952333331108093,-0.06305183988586337,-0.015039486532366388,-0.05679127329383215
2817,1623510959.5299377,0.0,-0.023765413090586662,-0.034891244024038315,0.03818256035447121,0.0039006225543878684,-0.8087344333252078,1.262854360894893,0.005890486296266317,0.018765367567539215,-0.3278728723526001,-0.0897848526426416,-0.019938129406398376,-0.06559741564894582
2818,1623510959.5397758,0.0,-0.024387920275330544,-0.034338876605033875,0.034509699791669846,0.0037694425160350667,-0.8099183561027133,1.2626439753275103,0.07087161391973495,0.18494662642478943,-0.34811288118362427,-0.05547419907036906,-0.07713696465051736,-0.03937239917824853
2819,1623510959.549935,0.0,-0.024754708632826805,-0.03171605244278908,0.03166893497109413,0.0041449903268679505,-0.8111148501738944,1.2624360838473296,0.07726319879293442,0.3266267776489258,-0.22028113901615143,0.00797844604516765,-0.11887499678992751,-0.022723809547183133
2820,1623510959.5598664,0.0,-0.025153690949082375,-0.02993697300553322,0.02970924600958824,0.0042750197597505105,-0.812135509598735,1.2620919100329138,0.08152426034212112,0.14233604073524475,-0.1574305295944214,0.028870094559113133,-0.11259818931345329,-0.02605558517355082
2821,1623510959.6418257,0.0,-0.025827348232269287,-0.01505674235522747,0.0250961072742939,0.00248666085252644,-0.8142756295711866,1.2623831816136546,0.5726111531257629,0.6994693279266357,-0.14038629829883575,0.08408475427078982,-0.1079738235477353,-0.01765986083496518
2822,1623510959.6516895,0.0,-0.01987355388700962,-0.012219464406371117,0.024758417159318924,0.002619710026948427,-0.8164162090177189,1.2625767201136466,0.2828592360019684,0.3170394003391266,-0.021076682955026627,0.14755199074082312,-0.1387996575622311,0.01677402745202168
2823,1623510959.6618128,0.0,-0.019656024873256683,-0.00563050014898181,0.024861831218004227,0.003708221394465111,-0.8183012321323295,1.2626828866431932,0.8101651668548584,-0.36259931325912476,0.04070865362882614,0.10114733111537678,-0.185195474274477,0.019526100094212885
2824,1623510959.672646,0.0,-0.014047247357666492,0.0033058151602745056,0.02062353491783142,0.005480110563769597,-0.8197735222003075,1.262554064105563,0.2072254717350006,0.48641645908355713,-0.2948496639728546,0.13811250454214039,-0.19500988813881598,0.0034338718879576968
2825,1623510959.6816761,0.0,-0.006805195938795805,0.008900584653019905,0.017595898360013962,0.006225210989751331,-0.8211596628500567,1.2619583954855518,0.7675545811653137,0.9253054261207581,-0.3917887210845947,0.10296429570520632,-0.163555889887684,-0.04237095081809324
2826,1623510959.6914988,0.0,0.002275607315823436,0.012500460259616375,0.014845050871372223,0.006253523939269076,-0.822258178092877,1.261749022403675,1.0466537475585938,0.22968772053718567,-0.3832665979862213,0.05060014744289317,-0.10880554882158806,-0.04585615286697517
2827,1623510959.701775,0.0,0.009167766198515892,0.022608788684010506,0.011127017438411713,0.007816872999857033,-0.8222359454085908,1.2619075966145799,0.5023037195205688,1.140488862991333,-0.4482477307319641,0.07998283931886736,-0.059047682946564525,-0.005826246925480379
2828,1623510959.7115173,0.0,0.019297435879707336,0.031498271971940994,0.0075540728867053986,0.008967717835434777,-0.8224668310356502,1.2618283925144669,1.1212222576141357,1.0872255563735962,-0.4482477307319641,0.13142400469834273,-0.01731514990476651,0.002027550594470576
2829,1623510959.722246,0.0,0.024591052904725075,0.04268535226583481,0.00333254411816597,0.010718766338149471,-0.8215100414008465,1.2622956826804796,0.4256047010421753,0.8592590093612671,-0.13079892098903656,0.16535473809077117,0.03577821506030291,0.018146373063690924
2830,1623510959.7316616,0.0,0.03201819583773613,0.05156437307596207,0.001642432063817978,0.011923519225590054,-0.8219688670757359,1.262815407652162,-0.24018560349941254,1.0616592168807983,-0.287392795085907,0.14965125083626346,0.00774215743449084,0.04807130461369238
2831,1623510959.8096354,0.0,0.027147535234689713,0.05751581862568855,-0.02387920767068863,0.011485222995848317,-0.8235887837364376,1.2663105377597068,-0.34671205282211304,-0.046215761452913284,-0.13505998253822327,0.0826618039771246,0.0015590576318680013,0.06357427723972069
2832,1623510959.8195422,0.0,0.024349559098482132,0.057788264006376266,-0.022309783846139908,0.011895203615599668,-0.8231894685738592,1.2664481933355636,-0.5661565065383911,0.0517885647714138,0.31022053956985474,0.04647963857476595,0.06468099690854476,0.046191775535264996
2833,1623510959.8294864,0.0,0.017238670960068703,0.055626463145017624,-0.017975447699427605,0.011729052778323187,-0.821878271245297,1.2668074091129244,-0.054829586297273636,-0.4158625304698944,0.4934460520744324,0.015812165355159957,0.10544813230857385,0.025238982275440743
2834,1623510959.8396273,0.0,0.011581618338823318,0.053665634244680405,-0.01393084041774273,0.01176889318098024,-0.8219215277609394,1.2672461400662298,-0.6694871783256531,-0.04834629222750664,0.15575721859931946,-0.010958456469828275,0.061623309084580184,0.03658009276663371
2835,1623510959.8496292,0.0,0.006262286566197872,0.05474267899990082,-0.015873132273554802,0.012537217607761976,-0.8219169516666327,1.2676020251859592,-0.1911834329366684,0.06244121119379997,-0.3321339190006256,0.0314327419383868,-0.007221005627491702,0.03970171251793268
2836,1623510959.859301,0.0,0.0028953473083674908,0.05555082485079765,-0.017484614625573158,0.01309829123964721,-0.8215677073912612,1.2679302451669008,-0.22101083397865295,0.010243253782391548,0.1674751341342926,0.06651496440336672,0.006196323004668966,0.035904974508652585
2837,1623510959.8694158,0.0,0.00011230690870434046,0.05555562674999237,-0.014769438654184341,0.0135380646245329,-0.8209963982959908,1.2678460369672258,-0.06867802888154984,-0.15806853771209717,0.3773322105407715,0.0541383377447149,0.0416310817598903,0.016544541606972246
2838,1623510959.8792477,0.0,-0.003086828626692295,0.05592615529894829,-0.013196542859077454,0.01407662450016027,-0.8207331592938278,1.2673939965645378,-0.2550992965698242,0.23607932031154633,0.04390444979071617,0.046362205880756055,0.046374111068313205,-0.02476736144800073
2839,1623510959.8896437,0.0,-0.0053803035989403725,0.05951741710305214,-0.01292666606605053,0.015531138835746514,-0.8211996918548312,1.2671813886343246,-0.0750696137547493,0.27655935287475586,0.10568979382514954,0.09234459204269727,-0.0032513976287304085,-0.03785498629609333
2840,1623510959.8994427,0.0,-0.007505601271986961,0.060401659458875656,-0.010286213830113411,0.016146638224991773,-0.821456093878068,1.2671049137070889,-0.06867802888154984,-0.16339485347270966,0.370940625667572,0.1104771015489379,-0.035087063550382,-0.017936467929905293
2841,1623510959.9770718,0.0,-0.017715027555823326,0.0575009286403656,-0.00885552167892456,0.01995830148245499,-0.8202209784739591,1.2611980477213773,-0.14644232392311096,-0.03449785336852074,-0.1425168216228485,0.05616947892054539,-0.10210260701419017,-0.060923576333365835
2842,1623510959.986816,0.0,-0.01570775732398033,0.05370867997407913,-0.009652901440858841,0.019042044842343814,-0.8199928442086911,1.2614683305133005,0.31694769859313965,-0.6044143438339233,-0.057295676320791245,0.01540906278095218,0.011208717326677345,-0.017242369026617323
2843,1623510959.9970028,0.0,-0.020270993933081627,0.054047536104917526,-0.012687627226114273,0.019351706111878697,-0.8210760667208656,1.2618258785244707,-0.32753729820251465,-0.1527422070503235,-0.27887070178985596,-0.02935974004884382,-0.012255028107254061,0.031077221435027134
2844,1623510960.0068727,0.0,-0.01782386749982834,0.04801804944872856,-0.012089775875210762,0.01869545831117872,-0.8230404811942468,1.2620391027229831,-0.19224870204925537,-0.5703258514404297,0.11953822523355484,-0.03256529587358503,-0.1724407674659066,0.030187076978794206
2845,1623510960.0170386,0.0,-0.015243797563016415,0.03905937075614929,-0.01059759221971035,0.017261757453300358,-0.8251869982037043,1.261941689737172,-0.040981147438287735,-0.7162671089172363,0.19304147362709045,-0.0905415570771493,-0.19631640998043176,0.00591821295193306
2846,1623510960.0268135,0.0,-0.012055180966854095,0.03403149172663689,-0.008352387696504593,0.01688401244331704,-0.8261964497273335,1.2614697286098404,0.5811333060264587,-1.11574125289917,0.43485650420188904,-0.07070987990055591,-0.14797407238930452,-0.030604179996756894
2847,1623510960.0369456,0.0,-0.004254993982613087,0.030510006472468376,-0.005631100386381149,0.01715927848598496,-0.8274646805475738,1.2607191970449674,0.8101651668548584,-0.908014714717865,0.3347216248512268,-0.011983550460734557,-0.12078681602784805,-0.05913777526630834
2848,1623510960.0468113,0.0,-0.00024701652000658214,0.028104083612561226,-0.0021226666867733,0.017746960899062067,-0.8281118001153536,1.2605629105777016,0.3702109456062317,-0.39029619097709656,0.34217849373817444,0.019519565981163077,-0.09860415238176318,-0.047744402764682184
2849,1623510960.0569358,0.0,0.0099389823153615,0.01694626361131668,0.0031775981187820435,0.015693806885738626,-0.8287895284163855,1.260612282058063,1.2863383293151855,-0.8632736206054688,0.4540312588214874,-0.06758741745036484,-0.07028275956748747,-0.010327175672697213
2850,1623510960.0669296,0.0,0.014968321658670902,0.00954029057174921,0.005341891199350357,0.014460329147476456,-0.8283061350481467,1.2608046535983537,0.2956424355506897,-1.0475643873214722,0.36561429500579834,-0.1451410206130105,-0.013956830325018224,0.01248995197252818
2851,1623510960.1458902,0.0,0.03244861587882042,-0.016504449769854546,0.03574507310986519,0.011950865691371458,-0.834295144021828,1.2616906431088113,0.06661055982112885,-0.7716608643531799,0.8758759498596191,-0.32637580916381137,-0.261219365064524,0.059283556003166496
2852,1623510960.155986,0.0,0.03551889955997467,-0.021471839398145676,0.04162237420678139,0.010589590086469106,-0.8361534637886686,1.2626193959964755,-1.5781577825546265,-0.13037165999412537,-0.16382211446762085,-0.32134147998575746,-0.43092143903628927,0.110232955426763
2853,1623510960.165985,0.0,0.030573075637221336,-0.02230437844991684,0.04163454845547676,0.010225240286639119,-0.8337226327699057,1.2620178554624566,-0.14537706971168518,0.013439047150313854,-0.15316946804523468,-0.08544546674902019,-0.0071622672900187815,0.035178084618949716
2854,1623510960.1758237,0.0,0.027201542630791664,-0.013889344409108162,0.03809095546603203,0.012329985887359687,-0.8324607919765168,1.2614124569550378,-0.7227504253387451,0.8496716618537903,-0.3278728723526001,0.0693428358684011,0.20598824186039477,-0.06147726003696584
2855,1623510960.1858795,0.0,0.018926844000816345,-0.01094690803438425,0.03817906603217125,0.012865925159294404,-0.8332772662968942,1.2618251958081306,-0.33286359906196594,-0.2262454628944397,0.3027637004852295,0.14406363562963465,0.06081186578337646,-0.02317654730584646
2856,1623510960.1959941,0.0,0.017268149182200432,-0.01689929887652397,0.0422271229326725,0.010974552384123502,-0.8356784738756786,1.2620746608552098,-0.15070338547229767,-0.9836484789848328,0.43485650420188904,-0.03152788348419971,-0.13928625675007897,0.030956389039528836
2857,1623510960.2059307,0.0,0.010563035495579243,-0.02366536855697632,0.046257201582193375,0.008626993057939125,-0.8339623356135628,1.2620083638881874,-0.6119629144668579,-0.7002881169319153,0.3805280029773712,-0.19741373561076295,-0.07018381038129225,0.012431700083995585
2858,1623510960.2159176,0.0,0.007777178194373846,-0.0280087161809206,0.04641787335276604,0.0071079907400105405,-0.8338856901372785,1.2608052305000252,-0.09424437582492828,-0.1889612078666687,-0.24797801673412323,-0.20621019744881844,0.08356288348089437,-0.05816862540566414
2859,1623510960.2257478,0.0,0.003965118434280157,-0.028847727924585342,0.04292016103863716,0.00662265793095973,-0.8338737047909316,1.2600523965746078,-0.3019709289073944,0.05924541875720024,-0.41842034459114075,-0.12021109234140154,0.01807300530835362,-0.10042634525339324
2860,1623510960.2360787,0.0,0.0015572209376841784,-0.02577698603272438,0.0383857823908329,0.0071868482368613665,-0.8346788097725953,1.2596290975947535,-0.19331395626068115,0.7015998959541321,-0.48766252398490906,-0.012078098746091805,-0.03259569926241857,-0.065281665400488
2861,1623510960.3190985,0.0,-0.014253413304686546,-0.026455510407686234,0.027696188539266586,-0.0015519612063466526,-0.8426047127890528,1.2557443961110333,-0.051633793860673904,0.1583150029182434,0.07160133123397827,-0.019915271045699182,0.11871168057829866,-0.032857758646274694
2862,1623510960.3288887,0.0,-0.01483834721148014,-0.025870349258184433,0.02871532365679741,-0.0019152607952518247,-0.8401413948765721,1.256347294699997,-0.002631629351526499,0.13274866342544556,0.12273402512073517,-0.019251084439595386,0.1127814368741635,-0.02446198538611772
2863,1623510960.3390179,0.0,-0.012604089453816414,-0.02360226958990097,0.029345635324716568,-0.0016538817146902196,-0.8411401234136849,1.2577709065891967,0.13052643835544586,0.08268123865127563,0.053491827100515366,-0.014064205309050217,0.0981590669601616,0.016615670613491246
2864,1623510960.3490067,0.0,-0.016619160771369934,-0.017838414758443832,0.030258741229772568,-0.00048142695052549866,-0.8418354519443058,1.2580377689044298,-0.35949522256851196,1.0488760471343994,0.23352152109146118,0.053630003550671906,-0.03937581118937251,0.08492446256553023
2865,1623510960.358846,0.0,-0.015543806366622448,-0.012328245677053928,0.030188318341970444,0.0006087673781937086,-0.8427863644539001,1.2583146075876344,-0.4820006191730499,0.6973388195037842,0.024729687720537186,0.10581926496354568,-0.11173091619150782,0.035583895801839106
2866,1623510960.3691354,0.0,-0.013184436596930027,-0.009535347111523151,0.03031453862786293,0.00046593688953930346,-0.8447150658842808,1.2580460216975642,0.3851246237754822,0.3404752314090729,-0.18193161487579346,0.05538040030703525,-0.12651960385800348,0.0024177735249174574
2867,1623510960.378822,0.0,-0.010272743180394173,-0.008189178071916103,0.029360797256231308,0.00010090058119033296,-0.845063846035198,1.2574566934807025,0.23705287277698517,0.06670226901769638,-0.22241166234016418,-0.00920577974866885,-0.10420976972511446,-0.03787416330256946
2868,1623510960.388949,0.0,-0.005892191082239151,-0.007477091625332832,0.02669353410601616,-0.000749991340683126,-0.845220590835918,1.2570835644666938,0.29777294397354126,0.00598219595849514,-0.21495480835437775,-0.053457965543749944,-0.03908062548729012,-0.04993850232060868
2869,1623510960.3991034,0.0,0.0016806037165224552,-0.007080345880240202,0.023308608680963516,-0.001011336578587138,-0.8453051363913793,1.2567653658118978,1.1254833936691284,0.5386143922805786,-0.5569047331809998,-0.06579751767683524,-0.006425767059352045,-0.036027117635112384
2870,1623510960.4088595,0.0,0.006759230978786945,-0.0017624860629439354,0.017539802938699722,0.00019625829552225027,-0.8445743056566256,1.2567982522684296,0.28392452001571655,0.7868210077285767,-0.5025762319564819,0.03746753011397306,0.03852807210459177,-0.017167245378625833
2871,1623510960.4858015,0.0,0.01902044378221035,0.0015911889495328069,-0.007738612592220306,-0.002401318322048776,-0.8432997879241644,1.258566141767418,-2.2652533054351807,0.7218399047851562,-0.2735443711280823,0.07905286082746099,-0.3043720471839865,0.017806026847516768
2872,1623510960.4956918,0.0,0.014151964336633682,0.013776357285678387,-0.014418436214327812,0.0009842925453007814,-0.844790452525466,1.2603525823682287,0.016543131321668625,0.9199790954589844,-0.37580975890159607,0.18686879260792194,-0.41278768201479477,0.10085100805438714
2873,1623510960.5056498,0.0,0.022713415324687958,0.016100622713565826,-0.017234625294804573,0.001637007220755056,-0.8482674258044485,1.2619815920363144,0.1379832774400711,-0.26139917969703674,-0.2575654089450836,0.22222688590311307,-0.24921591091986953,0.16904334015983472
2874,1623510960.5160642,0.0,0.016011647880077362,0.01223140861839056,-0.015685416758060455,0.00045867273755750143,-0.8455893527849219,1.2628347313887343,-0.5107627511024475,-0.5341069102287292,0.8396570086479187,0.006528559797296752,-0.06620086014456682,0.1323258242470003
2875,1623510960.5260782,0.0,0.015354731120169163,0.006236756220459938,-0.010139286518096924,-0.001232614443657451,-0.8453123103414811,1.2630929317874404,-0.5629607439041138,-0.49682262539863586,-0.09244939684867859,-0.13924686052730034,0.12857448580783312,0.060344799716112014
2876,1623510960.5357695,0.0,0.008996940217912197,0.002429246436804533,-0.017622575163841248,-0.0023503329567301293,-0.8444325458676791,1.263272761737699,-0.5192849040031433,-0.15487274527549744,-0.9361388683319092,-0.15664722328308991,0.07204724146060361,0.019400115563776105
2877,1623510960.5457234,0.0,0.005481857340782881,0.005435844883322716,-0.028050703927874565,-0.0015372796280428286,-0.8439125468080049,1.2638079741254142,-0.42980268597602844,0.4416753649711609,-0.8455913662910461,-0.039404314402934584,0.0819078323387935,0.029094448228298517
2878,1623510960.5558023,0.0,0.0026039942167699337,0.009772233664989471,-0.026774495840072632,-0.00025330541426117625,-0.8440253674424477,1.2641115019541722,-0.34245097637176514,0.7964084148406982,0.2558920681476593,0.08591538482117252,0.02023797559917446,0.04174711062389946
2879,1623510960.565766,0.0,-0.004294262733310461,0.014719481579959393,-0.023429356515407562,0.0013257862476726001,-0.8419302339304013,1.2634775892444696,-0.09211384505033493,0.34154048562049866,0.35176587104797363,0.1495096817079275,0.10077023206021746,-0.010204298384142184
2880,1623510960.5759823,0.0,-0.0065238988026976585,0.015415234491229057,-0.019311685115098953,0.001634678959713115,-0.8415657053519143,1.262666671562917,-0.6460513472557068,0.11357390880584717,0.4412480890750885,0.1121879667030531,0.12401637894510757,-0.07072694071100455
2881,1623510960.6581867,0.0,-0.01393893826752901,0.000584870926104486,-0.009223904460668564,-0.0015696745955654998,-0.8377989455714695,1.2582934248788122,0.0548926517367363,-0.20600543916225433,-0.09990625083446503,-0.1734826110077075,0.11535271345808978,-0.06982839972928412
2882,1623510960.6685357,0.0,-0.013347550295293331,-0.00122633867431432,-0.010416898876428604,-0.002109986114114226,-0.8378902240497408,1.2581409066887974,0.11241693049669266,-0.15593799948692322,-0.10203678160905838,-0.22708941080588704,0.10160560101952089,-0.04003101231230161
2883,1623510960.6780734,0.0,-0.013423237018287182,-0.002095417585223913,-0.01117745041847229,0.0022139290228626735,-0.8443282303121962,1.2577585807516338,0.04210947826504707,-0.046215761452913284,-0.10203678160905838,-0.23438704609191346,0.09048361092887852,-0.029012559508256656
2884,1623510960.6884832,0.0,-0.013355733826756477,-0.001745206885971129,-0.012777557596564293,0.002894364137955241,-0.8405370074416592,1.2587677783728544,0.022934718057513237,0.0752243921160698,-0.0871230736374855,-0.24004167612622695,0.08051208454041468,-0.017783358372278107
2885,1623510960.6982071,0.0,-0.014596652239561081,-0.001673845574259758,-0.013872679322957993,0.00351553611194029,-0.8410885875964498,1.259101930211065,-0.20396660268306732,-0.10906635969877243,-0.0828620195388794,0.003309688685688279,0.12398008655351615,0.051787613084318
2886,1623510960.7080085,0.0,-0.011085698381066322,-0.00517263263463974,-0.013803735375404358,0.002817779691018263,-0.8416511789301063,1.2593502552828688,-0.3712131381034851,-0.46060365438461304,0.03005601093173027,0.009624022804907406,-0.04423098247009052,0.03413540542735347
2887,1623510960.7180414,0.0,-0.008462264202535152,-0.009785030037164688,-0.014332516118884087,0.001177264487464566,-0.8425068441116335,1.2591721341382487,0.5662195682525635,-1.1210676431655884,0.11634243279695511,-0.09748484944498442,-0.06263188543845359,0.005094951930742522
2888,1623510960.727992,0.0,-0.0050628697499632835,-0.011688260361552238,-0.012323284521698952,0.0007356449865926346,-0.8427932481592282,1.2589285302122575,0.4447794556617737,0.21796981990337372,0.19623726606369019,-0.12650456421642542,-0.0530450283405136,-0.022715998254375463
2889,1623510960.7382138,0.0,-9.502909961156547e-06,-0.014873768202960491,-0.008785322308540344,0.000552052382159024,-0.843341651144498,1.2588773652818648,0.34890565276145935,-0.20494017004966736,0.5435134768486023,-0.044156643475691405,-0.046310795504646986,-0.016630946993213377
2890,1623510960.7479858,0.0,0.005806279834359884,-0.020815249532461166,-0.004759371280670166,-0.0004243667652857469,-0.8430493774146319,1.2587199077692017,-0.03885062038898468,-0.519193172454834,0.32726478576660156,-0.0543067351608131,-0.039159067287112256,-0.008774556588164771
2891,1623510960.8269768,0.0,0.04024798423051834,-0.04616039991378784,0.014213979244232178,-0.006152232641500437,-0.8391110343350877,1.2623443029569466,-0.5597649216651917,0.5535281300544739,-0.06581778824329376,-0.4167150033277877,-0.22637248360678672,0.09571635969772609
2892,1623510960.8373363,0.0,0.04508916661143303,-0.03993132710456848,0.01280919462442398,-0.004673851008829347,-0.8441366437631602,1.2645133321178976,-0.4191500246524811,-0.16339485347270966,0.0023591346107423306,-0.27449470780178464,-0.33429678611757024,0.20176830624518693
2893,1623510960.8469987,0.0,0.036719709634780884,-0.029765821993350983,0.013284359127283096,-0.002091907314764538,-0.8450355110310234,1.2660827115545006,0.24557499587535858,1.1468803882598877,-0.053034618496894836,0.19246444793338408,-0.2214699225109158,0.19215167219930354
2894,1623510960.8574467,0.0,0.03990504890680313,-0.03175824135541916,0.013678144663572311,-0.003098150342810767,-0.8464810046260648,1.2675065981791418,0.3190782368183136,0.140205517411232,0.11953822523355484,0.10539722819143274,-0.14336769934448204,0.16217448584079558
2895,1623510960.8670552,0.0,0.03544813022017479,-0.037298548966646194,0.01886652782559395,-0.00519231477132099,-0.8442149652774054,1.2679074507601893,-0.08252646774053574,-0.7183976173400879,0.6521704196929932,-0.12210952382463754,0.003957057191291288,0.10000209774305961
2896,1623510960.8770359,0.0,0.03289466351270676,-0.0387302003800869,0.023371350020170212,-0.005941019321824087,-0.8427696043098799,1.267575857489795,-0.3030362129211426,-0.03662838414311409,0.37520167231559753,-0.14416282543031703,0.17403091483345284,0.01256148012039246
2897,1623510960.8870604,0.0,0.02609657496213913,-0.04043242335319519,0.02623843029141426,-0.006770405637383965,-0.8417325302670549,1.2675134224674836,-0.5768091678619385,0.03048327937722206,0.2090204358100891,-0.08841275358973157,0.13881998700586803,-0.02376168140637709
2898,1623510960.8970032,0.0,0.019887259230017662,-0.035983599722385406,0.02615579590201378,-0.005849434850877959,-0.8417581211504086,1.2680251538275293,-0.5075669884681702,0.5918776392936707,-0.10523257404565811,-0.007863802412884431,0.062104917155792846,0.012873854458441579
2899,1623510960.907104,0.0,0.013857420533895493,-0.03194905444979668,0.025485817342996597,-0.005231518869514527,-0.8408447709744081,1.2683217946583967,-0.5288722515106201,0.3202351927757263,0.03112127259373665,0.07705189780206677,0.03950397125572311,0.039768383557296824
2900,1623510960.91729,0.0,0.00949301291257143,-0.030797477811574936,0.025796305388212204,-0.005375235359330689,-0.8399223973415768,1.2678330020115454,-0.40210580825805664,-0.00040939077734947205,0.04496971145272255,0.03589416924786809,0.08071268469294708,-0.004796346141770607
2901,1623510961.0008137,0.0,-0.0062129441648721695,-0.027639545500278473,0.01697823777794838,-0.007400644416245876,-0.8357468186697649,1.2636505393683097,-0.09637490659952164,0.19453400373458862,-0.11695048213005066,0.029774711432372092,0.2801693086420814,-0.04359889079993612
2902,1623510961.0106192,0.0,-0.0073180836625397205,-0.025907307863235474,0.01580561324954033,-0.00716863276963646,-0.8358550145509401,1.2635652904372265,-0.07400435209274292,0.1497928947210312,-0.10736310482025146,0.04603447222142448,0.2380021677300147,-0.025643124696892942
2903,1623510961.020628,0.0,-0.008410844020545483,-0.024602703750133514,0.014974277466535568,-0.010031719528390354,-0.8456070989326099,1.2706794600105273,-0.08678752183914185,0.12209602445363998,-0.08179675042629242,0.022444496258395986,0.0012241841447429062,-0.008269259911287349
2904,1623510961.0305552,0.0,-0.009321188554167747,-0.023334138095378876,0.014451932162046432,-0.010259697645801924,-0.843570629538775,1.270961652003456,-0.08678752183914185,0.1817508339881897,-0.004032452125102282,0.027480836042373745,-0.006060241559059702,0.00026925778973196576
2905,1623510961.0404685,0.0,-0.007993278093636036,-0.020513100549578667,0.014015790075063705,-0.010316423084686374,-0.8421774984923263,1.2722598973966965,0.1614190936088562,0.6525977253913879,-0.035990387201309204,0.025033060839819255,0.014244545112671807,0.023265628891427276
2906,1623510961.0505369,0.0,-0.010262751020491123,-0.01671799272298813,0.013833049684762955,-0.00987473688044499,-0.8427626746409349,1.2728051855523845,-0.1997055560350418,0.20412138104438782,0.03005601093173027,0.02828576195376723,0.03904291417309132,0.08863789033108513
2907,1623510961.0605805,0.0,-0.009447727352380753,-0.013523031957447529,0.01429198682308197,-0.008970789782140096,-0.8425076023844276,1.272961801363998,-0.8782790303230286,0.6781640648841858,0.12806034088134766,0.0643541082212287,-0.04667647980271699,0.04616204147583486
2908,1623510961.070546,0.0,-0.005813407711684704,-0.011186381801962852,0.015675749629735947,-0.008818815225338672,-0.8442107645814295,1.2730812371573474,0.3425140678882599,0.772972583770752,-0.18299688398838043,0.0436243342484282,-0.07219692499282465,0.011760216600076801
2909,1623510961.080474,0.0,-0.004433633293956518,-0.010280716232955456,0.013787169009447098,-0.00916331606637022,-0.8441916909540184,1.272896129572625,0.5289353132247925,-0.041954707354307175,-0.3331991732120514,0.006708683752693868,-0.062197411990712236,-0.005326592599343527
2910,1623510961.09066,0.0,0.00047907265252433717,-0.006318268366158009,0.007737889885902405,-0.008608338512591074,-0.8438466286865908,1.2724433537824666,0.1752675324678421,0.003851667046546936,-0.5366646647453308,0.01222021786120074,-0.005718963682643919,-0.026079390888266298
2911,1623510961.1712356,0.0,0.022134415805339813,0.027611929923295975,-0.006565947085618973,-0.002283064484912327,-0.8403043583084603,1.2737852115621795,-0.7547083497047424,-0.8962967991828918,0.19304147362709045,0.6187314268314119,-0.27839282609582605,0.06362291912439028
2912,1623510961.1815479,0.0,0.01802741549909115,0.019444789737462997,-0.00998581200838089,-0.004156691414156255,-0.8332391219970546,1.2741053182778965,0.011216809041798115,0.12955287098884583,-0.7326733469963074,0.42631231950393056,0.15290656974353314,0.10356922080077752
2913,1623510961.191056,0.0,0.014053983613848686,0.02306331880390644,-0.012824365869164467,-0.002787532422719695,-0.8358281435365609,1.2745626988836871,-1.1573783159255981,1.3290406465530396,-0.38220134377479553,-0.06531110534895015,0.23885795690881975,0.04524388059997186
2914,1623510961.2013943,0.0,0.018169056624174118,0.029908858239650726,-0.01878339610993862,-0.0003527223831158721,-0.8386050804782159,1.2761858525354688,0.9092347621917725,-0.33916348218917847,-0.23626010119915009,0.18543326865964954,-0.257336118866531,0.09625777298094705
2915,1623510961.2110276,0.0,0.019801653921604156,0.029414130374789238,-0.017991477623581886,-0.0002869087278204521,-0.839492104240785,1.2778463649535996,-1.1243551969528198,-0.6289154291152954,0.47746706008911133,0.1598246316256773,-0.19943542910084008,0.16073885618891076
2916,1623510961.221213,0.0,0.0167719554156065,0.025565113872289658,-0.010662578046321869,-0.0011622291829985684,-0.8377992347891421,1.2778580844750331,-0.3903878927230835,-0.16232959926128387,0.660692572593689,-0.03150661464450768,0.013056148975130516,0.09917755445289787
2917,1623510961.2310603,0.0,0.01106350589543581,0.025011084973812103,-0.009540144354104996,-0.0008967716356316074,-0.8351880955377479,1.2772531273948948,-0.6758787631988525,-0.1058705672621727,-0.4056371748447418,-0.04004223492754449,0.2075480769073096,-0.018570672124090203
2918,1623510961.2411053,0.0,0.006132164504379034,0.024435684084892273,-0.012784494087100029,-0.0005142187556689964,-0.8343473965834672,1.2773770872287344,-0.31368884444236755,-0.22411492466926575,-0.13292944431304932,0.029856369722441326,0.18827672088882041,-0.032390684828784204
2919,1623510961.2512352,0.0,0.0017265776405110955,0.02400173619389534,-0.012120906263589859,-0.00027789274994530905,-0.8338765723670177,1.277722482415402,-0.5810702443122864,0.17429398000240326,0.2686752378940582,0.02716694750131472,0.07352708742173308,0.01755185959464885
2920,1623510961.261539,0.0,-0.0022087753750383854,0.023421799764037132,-0.009828809648752213,-7.492963046764473e-05,-0.8327174365717733,1.2774695618347005,-0.21994557976722717,-0.11758847534656525,0.15682248771190643,0.021488416596633954,0.06761394551369064,0.010747970234266836
2921,1623510961.342749,0.0,-0.01565123163163662,0.02407214231789112,-0.0036673881113529205,0.002838448942713283,-0.8253750189001448,1.2737672757207363,-0.07826540619134903,-0.028106268495321274,-0.018946155905723572,0.03717899174607517,0.26177936104205796,-0.03447021448427688
2922,1623510961.3533266,0.0,-0.01683705300092697,0.023882348090410233,-0.003992978483438492,0.003182981378003283,-0.8252301260658612,1.2737350945236345,-0.04950326308608055,-0.03662838414311409,-0.029598798602819443,0.04243851956093091,0.22107574552002404,-0.028548562244347646
2923,1623510961.3626823,0.0,-0.018121985718607903,0.02349444106221199,-0.004367180168628693,0.003421108416174476,-0.8251717664497824,1.2737000312937332,-0.07826540619134903,-0.12504532933235168,-0.04131670668721199,0.030983286890780542,0.01243230501119586,-0.0032033965182893284
2924,1623510961.3724601,0.0,-0.019274383783340454,0.022415582090616226,-0.004755944013595581,0.008535796540439122,-0.8258863916902837,1.2773089570736311,-0.03139377012848854,-0.15593799948692322,-0.04451250284910202,0.019284410962766424,0.012399281397535267,-0.0019973605723620693
2925,1623510961.382595,0.0,-0.02000642567873001,0.020979003980755806,-0.005293022841215134,0.008664250157907477,-0.8228847083482839,1.2776035016657414,-0.06761276721954346,-0.11119689047336578,-0.10523257404565811,0.015935141855646612,0.004470236718533859,0.006651379015917452
2926,1623510961.3926108,0.0,-0.018107417970895767,0.01960480585694313,-0.005692869424819946,0.008758582625506925,-0.8214033591669839,1.2793290674705742,0.6844639778137207,-0.46912574768066406,0.02366442233324051,0.012909208439776497,0.02863212867096585,0.032843849602539193
2927,1623510961.4026337,0.0,-0.021506017073988914,0.018397806212306023,-0.006496913731098175,0.008983015137315933,-0.8212701750108196,1.2798057093387583,-0.5938534140586853,0.27655935287475586,-0.11375468969345093,0.01199822702818053,0.07240862339933377,0.1049935386044933
2928,1623510961.4125402,0.0,-0.021434728056192398,0.016327152028679848,-0.006861478090286255,0.008708713913992944,-0.8207536533067631,1.2801015437203391,-0.4500426948070526,0.001721138134598732,-0.13612523674964905,-0.014338445885230287,0.006766250951424635,0.047870130535240814
2929,1623510961.422792,0.0,-0.01885722391307354,0.012867123819887638,-0.00507054477930069,0.008152623439348125,-0.8222467727647449,1.2803584545192896,0.1475706696510315,-0.72159343957901,0.333656370639801,-0.028666284962793623,-0.04271639508129845,0.026192134692782167
2930,1623510961.4326932,0.0,-0.016956742852926254,0.0104737039655447,-0.0012496113777160645,0.007959414952012203,-0.8223742482933254,1.2802256748910585,0.2551623582839966,0.025156956166028976,0.381593257188797,-0.03597315053602092,-0.06041069488795882,0.004808463838867601
2931,1623510961.5143902,0.0,0.0021228869445621967,-0.016864636912941933,0.024002570658922195,0.009324472830173403,-0.8126997734599317,1.280906243098221,-0.32860255241394043,-0.12717586755752563,0.2793278694152832,-0.5348789674652644,-0.2643557962469153,0.08128059389225985
2932,1623510961.5243983,0.0,0.002829129109159112,-0.017723919823765755,0.0257260762155056,0.009416371451068786,-0.8130782826758621,1.2843586376839111,0.21468232572078705,-0.19641806185245514,0.112081378698349,-0.44071637368381306,-0.24340895844549176,0.22838813201425323
2933,1623510961.5345767,0.0,0.01016436330974102,-0.014230675995349884,0.02682970091700554,0.010203274099417382,-0.80926534712928,1.2845046782509009,1.2618372440338135,0.41504374146461487,0.09397187829017639,0.03834120731191378,0.22138931431177772,0.1896848827827465
2934,1623510961.5444155,0.0,0.006093466188758612,-0.010657457634806633,0.029886912554502487,0.011059122706269638,-0.8100347589987976,1.283704973785392,-0.019675860181450844,0.1348791867494583,0.21221624314785004,0.07271029968772642,0.16971454233200756,-0.012264100562654083
2935,1623510961.5541892,0.0,0.013883447274565697,-0.009368511848151684,0.033046115189790726,0.011296443571411963,-0.812338502136426,1.2840744382903977,0.06767582148313522,-0.19641806185245514,0.3027637004852295,0.05666791402184889,-0.1619708032481167,-0.03026502455835101
2936,1623510961.5641072,0.0,0.010560672730207443,-0.010089939460158348,0.038504455238580704,0.010931539693948743,-0.8106592435000907,1.2848399439339202,-0.4234110713005066,-0.21772333979606628,0.6351262331008911,0.009539622344691103,-0.05533723156937661,0.04766090911200152
2937,1623510961.5741801,0.0,0.008192677050828934,-0.011108538135886192,0.03966601565480232,0.010486352569133245,-0.8091091911629522,1.285208297419195,-0.3381899297237396,0.01130851823836565,-0.13612523674964905,-0.036925759001665205,0.14256504826603314,0.061405993522893346
2938,1623510961.584735,0.0,0.0028507946990430355,-0.013518577441573143,0.038839492946863174,0.009675296899942155,-0.8077074906953106,1.2851276799451465,-0.3616257607936859,-0.21133175492286682,-0.07433990389108658,-0.06506175690953755,0.15546998723925848,0.019270312826848678
2939,1623510961.5944936,0.0,-0.002308701165020466,-0.012655824422836304,0.03829852119088173,0.00979635850886161,-0.8067452226627798,1.2850068365683813,-0.34138572216033936,0.1444665640592575,-0.021076682955026627,-0.04336244372424014,0.12260532542073299,-0.009683995882394877
2940,1623510961.6041937,0.0,-0.007204424124211073,-0.01195833832025528,0.037969861179590225,0.009841723107041865,-0.8056325761635965,1.2847077203721515,-0.3296678066253662,0.001721138134598732,-0.013619831763207912,0.005102141801886223,0.10435611188447359,-0.020151270708079143
2941,1623510961.6882446,0.0,-0.021895207464694977,-0.01026987936347723,0.026636984199285507,0.009380533638367633,-0.8003711103475812,1.2816636757431956,-0.03139377012848854,0.026222221553325653,-0.11162415891885757,0.029029750995399988,0.2563908262730881,-0.03968426424590031
2942,1623510961.698054,0.0,-0.022745691239833832,-0.010202687233686447,0.025653865188360214,0.009349367923882405,-0.8004977861740856,1.2816326201695625,-0.03885062038898468,-0.01851888746023178,-0.08499255031347275,0.022960605354029544,0.19897315071705574,-0.02677808563354886
2943,1623510961.708158,0.0,-0.023513948544859886,-0.010913239791989326,0.02508934959769249,0.009052422272898854,-0.8007758555098001,1.2816883717060277,-0.06335170567035675,-0.06539051979780197,-0.05409988388419151,-0.01435768986707688,-0.01764636657972474,0.0013608427005920023
2944,1623510961.7180955,0.0,-0.024343864992260933,-0.01151200383901596,0.024776343256235123,0.008802212763672393,-0.8007335844013426,1.2817075674148448,0.01867366023361683,-0.08030422031879425,-0.027468271553516388,-0.026349785338496863,-0.014585985394411475,0.004890781440483751
2945,1623510961.728191,0.0,-0.024806968867778778,-0.011142878793179989,0.024734634906053543,0.006382505242555986,-0.8019450589578874,1.2871055626860826,0.03252209722995758,0.05711488798260689,0.01620757207274437,-0.025065655540163878,-0.017053490144127114,0.010312215447591592
2946,1623510961.7380152,0.0,-0.024054095149040222,-0.010371457785367966,0.025127459317445755,0.006440038935788803,-0.7989791489750994,1.2887817344350536,0.2626192271709442,0.044331714510917664,-0.006162981037050486,-0.025287235512727862,-0.028284891258539828,0.01834050175351944
2947,1623510961.7480936,0.0,-0.024160124361515045,-0.006699965801090002,0.024890754371881485,0.007326822921736698,-0.7996100445799903,1.290499549575349,-0.15496444702148438,0.9508717656135559,0.07799291610717773,0.009139542169956535,0.01366758512995659,0.1040208713417461
2948,1623510961.7581806,0.0,-0.022176451981067657,-0.004468519240617752,0.025089498609304428,0.007979742208107002,-0.8002093522030238,1.2906580938203112,1.047719120979309,0.34686681628227234,0.01407704409211874,0.07573970916608909,-0.036256060199282784,0.10260382764069169
2949,1623510961.7685063,0.0,-0.021757381036877632,-0.002132770838215947,0.02578354999423027,0.00816120787929453,-0.8008389631921802,1.2909015465640936,0.4543668329715729,-0.14102430641651154,0.035382334142923355,0.05880901971973078,-0.0517614694442794,0.02810730858797124
2950,1623510961.778393,0.0,-0.019137553870677948,-0.00043573672883212566,0.02319081500172615,0.008119312626991698,-0.8023995559268953,1.2911780431160724,0.6333312392234802,-0.18256962299346924,-0.2586306631565094,0.009333976053907893,-0.11371996048301748,0.028405239615682382
2951,1623510961.860308,0.0,0.002036427380517125,0.029091481119394302,-0.007464196532964706,0.008948407272480308,-0.8001824573406473,1.2916099078036476,0.47886791825294495,-0.6342417597770691,-0.4354645609855652,0.6367150342850615,-0.3973518889749454,0.08470880764730264
2952,1623510961.8699381,0.0,-0.0010199114913120866,0.02218916453421116,-0.011157356202602386,0.006302155922649544,-0.7988991638523006,1.2934042886106558,-0.6705524325370789,-1.0763264894485474,-0.2671527862548828,0.42616062244332154,-0.2350653073453983,0.12462163704824156
2953,1623510961.8800733,0.0,-0.007256095763295889,0.011933945119380951,-0.015586696565151215,0.0036209122739750757,-0.7927547175891189,1.2948549556909892,0.03678315505385399,-0.07604316622018814,-0.5814058184623718,-0.26796208653668924,0.3217050120479589,0.15770983778340486
2954,1623510961.8899295,0.0,-0.002496073255315423,0.012013874016702175,-0.021057449281215668,0.0040017878588152755,-0.7983966683798114,1.2947853076590734,-0.6524429321289062,0.6259661316871643,-0.489793062210083,-0.16075350843089237,0.06366352088710679,0.08850375475342032
2955,1623510961.8999307,0.0,-0.0050917998887598515,0.020369181409478188,-0.028660308569669724,0.006663154670594328,-0.7996023390810612,1.2958364752793665,0.3702109456062317,0.24992775917053223,-0.49724990129470825,0.13538458294759081,-0.29412107007393135,0.04488306725926842
2956,1623510961.9100764,0.0,0.0007011696579866111,0.027361882850527763,-0.030778076499700546,0.008973648809459459,-0.8014763492567352,1.2971967124912323,-0.5597649216651917,1.7956265211105347,0.04923076927661896,0.22036565779121778,-0.19554881504846106,0.11637215847264495
2957,1623510961.9199038,0.0,-0.001876185997389257,0.027353810146450996,-0.028821304440498352,0.009043613554088288,-0.7993611776994682,1.2977395571246018,-0.08359172940254211,0.0240916907787323,0.10568979382514954,0.13522137709547352,-0.040256658929230006,0.10284723403534782
2958,1623510961.930138,0.0,-0.0009264358086511493,0.0217758696526289,-0.021724293008446693,0.007649650114061879,-0.7991757413802527,1.2977726980196875,-0.13365915417671204,-0.1058705672621727,0.6308651566505432,-0.037350987620786785,0.1283860240519987,0.03280366895515084
2959,1623510961.940004,0.0,-0.008218858391046524,0.017704272642731667,-0.02345764823257923,0.006804151767284453,-0.7979332315265902,1.2980201093432333,-0.3989100158214569,-0.585239589214325,-0.5920584201812744,-0.1091470854995766,0.08384085546633438,0.009881030095482636
2960,1623510961.950053,0.0,-0.010460562072694302,0.015071035362780094,-0.03133497014641762,0.006392038325454263,-0.7981540210469309,1.2981249131385275,-0.37973523139953613,-0.13250218331813812,-0.713498592376709,-0.06917889330931237,0.05234082597643572,0.015928659623793133
2961,1623510962.0393991,0.0,-0.024310525506734848,0.017812462523579597,-0.0116827841848135,0.008494966534371061,-0.7961623593297381,1.295480758459714,-0.03885062038898468,0.03367907181382179,0.17173618078231812,0.01744071437889757,0.14085549664868885,-8.84169398031399e-05
2962,1623510962.049163,0.0,-0.024971146136522293,0.017383411526679993,-0.01007416844367981,0.008586238431620721,-0.796680668996042,1.2955079483728758,-0.03565482795238495,0.00598219595849514,0.12912560999393463,0.05182462657927755,0.12728844886679871,-0.005365308384101241
2963,1623510962.059378,0.0,-0.02569526433944702,0.018505431711673737,-0.009330742061138153,0.009147855451372214,-0.7972737937721138,1.2953247494371485,-0.079330675303936,0.1306181252002716,0.06947080045938492,0.031184022664848682,-0.05806074130680598,-0.005765134518137884
2964,1623510962.0693228,0.0,-0.026988258585333824,0.017950115725398064,-0.008194930851459503,0.009221370923277343,-0.7974957930794595,1.2951450527615593,-0.023936918005347252,-0.1932222545146942,0.17173618078231812,0.03665072080843005,-0.043415271895027974,-0.016858516928821142
2965,1623510962.0790403,0.0,-0.027758397161960602,0.015202540904283524,-0.0061699748039245605,0.009837865995364514,-0.7999873650359107,1.2992540859740842,-0.05802537873387337,-0.27844342589378357,0.1813235729932785,0.01949438466929529,-0.052352111215565864,-0.013363705787985866
2966,1623510962.0889328,0.0,-0.029359029605984688,0.013583298772573471,-0.005113691091537476,0.009431513470792338,-0.7954116950276946,1.3003433869037746,-0.06015590950846672,0.05711488798260689,-0.02320721372961998,0.018976559701794782,-0.06152822323695617,-0.012094194762285463
2967,1623510962.0991561,0.0,-0.02690914459526539,0.012733678333461285,-0.006010107696056366,0.009399480947730576,-0.796388409772472,1.3014957738572321,-0.802645206451416,0.213708758354187,-0.2266727238893509,-0.0012653080030544904,0.048881330983912556,0.05408167912460798
2968,1623510962.1090963,0.0,-0.028602875769138336,0.014784946106374264,-0.008321862667798996,0.010584978582811225,-0.7977424798603808,1.3019754622881137,0.5385227203369141,-0.09308739751577377,-0.1936495155096054,0.058115751515955986,-0.05583473405572697,0.07742304774248206
2969,1623510962.1189468,0.0,-0.026913100853562355,0.011263248510658741,-0.008624393492937088,0.009692168184502012,-0.7984885848683736,1.302132309693517,0.20189915597438812,0.08268123865127563,-0.25223907828330994,0.004800325233141953,-0.11077219011201947,0.03822518514529307
2970,1623510962.1288466,0.0,-0.021996675059199333,0.005030549131333828,-0.00888679176568985,0.007941966424289001,-0.8003965040053046,1.3020337968873268,-0.20396660268306732,-0.16978643834590912,0.05455709248781204,-0.12123991283089224,-0.1437358776251489,0.0040201191272168785
2971,1623510962.2178063,0.0,0.03588434308767319,-0.004260278772562742,0.022951830178499222,0.009672609398930047,-0.7982281700658127,1.3029311671057584,1.060502290725708,-0.27418234944343567,0.5307303071022034,-0.22193814571202844,-0.9793238736218323,0.027498013475817755
2972,1623510962.2279618,0.0,0.03675013408064842,0.0003688598517328501,0.026512254029512405,0.011142890177263012,-0.7928859792650227,1.3047284960505672,0.17633280158042908,1.0254402160644531,0.26760998368263245,-0.07974072371104346,-0.6113576136383336,0.12432657950660976
2973,1623510962.2381508,0.0,0.04422599449753761,0.007528248243033886,0.02807118371129036,0.013345332335557826,-0.7931808306377427,1.3056090155130973,1.3971258401870728,-0.4158625304698944,0.5083597302436829,0.17665757110946917,0.31254286637379924,0.12833399021187683
2974,1623510962.2484348,0.0,0.039456237107515335,0.004073905758559704,0.03470194712281227,0.012501428491409249,-0.7955197624722486,1.3075350579589071,0.9518453478813171,-0.6235890984535217,0.7501747608184814,0.09722827667230552,-0.020413381544617692,0.12230718153632855
2975,1623510962.2579355,0.0,0.04590116813778877,-0.004468337632715702,0.046983394771814346,0.010173007383892402,-0.7994682341376056,1.3095773681746514,0.06128424033522606,-1.1253286600112915,-0.03385985642671585,-0.13581072686138373,-0.3402136837759051,0.19847170203217848
2976,1623510962.2680068,0.0,0.03819073364138603,-0.0099691953510046,0.04294053837656975,0.00847999100937076,-0.7962400579529096,1.3098150472159127,-0.6673566699028015,-0.4861699938774109,-0.21495480835437775,-0.2071345640946086,-0.1003245418276695,0.13673436069047815
2977,1623510962.277948,0.0,0.03653065115213394,-0.008786922320723534,0.04079641029238701,0.00882776808959275,-0.7947427296441023,1.3088219844039681,-0.5746786594390869,1.265124797821045,-0.44079089164733887,-0.11104775775734867,0.22002377572414594,-0.021174819270432427
2978,1623510962.2880392,0.0,0.027444051578640938,0.0008284719660878181,0.038972992449998856,0.011607372922077579,-0.7931386420207531,1.308427857234631,-0.6013102531433105,0.7484714984893799,-0.1563652604818344,0.13092743387441388,0.16489939358986902,-0.07435810256016648
2979,1623510962.298075,0.0,0.020078139379620552,0.007283358834683895,0.040626410394907,0.013671135952202956,-0.7934475347430011,1.3088785068657867,-0.7451209425926208,0.8070610761642456,0.26760998368263245,0.25282770790651854,0.07998215425479609,-0.009355258829343285
2980,1623510962.3079622,0.0,0.01230474840849638,0.008567689917981625,0.04475349560379982,0.014058163874464139,-0.7927546298123327,1.3094008053057529,-0.5778744220733643,-0.3647298514842987,0.6042335629463196,0.15255511815337633,0.019242543388407304,0.04479462252675751
2981,1623510962.3933392,0.0,-0.020774956792593002,-0.020590845495462418,0.03114413097500801,0.006562947382050745,-0.794009226376823,1.3039591916045958,-0.04950326308608055,-0.37325194478034973,-0.05196935310959816,-0.36150337672650423,0.42012656110903396,0.019488399982619878
2982,1623510962.4031124,0.0,-0.021727770566940308,-0.0237900260835886,0.030391905456781387,0.005478040844560758,-0.7952736215977576,1.3035942158426082,-0.016480065882205963,-0.3743172287940979,-0.12227680534124374,-0.4642225952283645,0.3565722695612084,-0.028464590690113478
2983,1623510962.4129999,0.0,-0.022829938679933548,-0.027338659390807152,0.029051680117845535,0.004337990963434776,-0.7964712951161514,1.303361094001616,-0.1400507390499115,-0.17404749989509583,-0.21815060079097748,-0.11946534208979409,-0.11459313738608491,-0.03182307032158896
2984,1623510962.4232771,0.0,-0.023256933316588402,-0.023986220359802246,0.02541084960103035,0.005038516933940064,-0.7963610938446856,1.3028253955170632,0.10389481484889984,0.5556586384773254,-0.5100330710411072,-0.041871988645173164,-0.0782137364781768,-0.03418919040638003
2985,1623510962.4331641,0.0,-0.025328846648335457,-0.016192391514778137,0.01997365429997444,0.006318856783951068,-0.7957103049604136,1.3094138003484819,-0.17413920164108276,0.6717724800109863,-0.41842034459114075,0.006752291777288448,-0.044007190997517556,-0.03304235069975927
2986,1623510962.4430904,0.0,-0.025103529915213585,-0.014454176649451256,0.019966308027505875,0.006928898030450256,-0.7938907817403889,1.3106388375468003,0.7260092496871948,-0.11865374445915222,0.3901153802871704,0.052688978079462365,-0.00772890026268651,-0.022771128506306804
2987,1623510962.453131,0.0,-0.0237111896276474,-0.02033754251897335,0.02619648352265358,0.004636530077975348,-0.7969400831842253,1.3123227534014203,0.19018124043941498,-0.6704607605934143,0.6862589120864868,-0.04281096742217101,-0.07672620699620498,0.10516119004839779
2988,1623510962.463165,0.0,-0.02052132599055767,-0.026914382353425026,0.03182006999850273,0.002105815060014865,-0.7985156428563621,1.312490803159275,-0.4042363166809082,-0.31785818934440613,0.32833003997802734,-0.22343456451681015,-0.2445555049833261,0.1056321101337758
2989,1623510962.4731078,0.0,-0.02300851047039032,-0.026893433183431625,0.03413720056414604,0.0021719108866933984,-0.7981967934491951,1.3122067795216656,0.2072254717350006,-0.8728609681129456,0.31022053956985474,-0.12211294159814849,-0.056376172717467234,0.001409153209022499
2990,1623510962.4831643,0.0,-0.019640173763036728,-0.024367591366171837,0.03337593749165535,0.0031019287737100443,-0.7994857711350596,1.3119866947183199,0.8048388361930847,-0.7045491933822632,-0.1148199513554573,0.03953204725684042,-0.03961382052605424,-0.024328475861205897
2991,1623510962.5643141,0.0,-0.007059488445520401,0.010363807901740074,0.006424020975828171,0.0014816764685494088,-0.7956874097308239,1.3139759169334382,0.08152426034212112,0.3479320704936981,-0.5260120630264282,0.7843130779887878,-0.26347088961722587,0.05899021100790244
2992,1623510962.5743377,0.0,-0.007970493286848068,0.004944746848195791,0.002055749297142029,6.861075304016861e-05,-0.7945403651360741,1.3164460061105527,-0.9869359731674194,-1.1189370155334473,-0.2575654089450836,0.5800617170326007,-0.15186739750345798,0.163032302384506
2993,1623510962.5844488,0.0,-0.011784893460571766,-0.0098518505692482,-0.00020781531929969788,-0.004250289576018106,-0.7862553494800625,1.3169220033125895,-0.011153744533658028,-1.0837833881378174,-0.9606399536132812,-0.2549089268094596,0.41181800606326935,0.1567884633427976
2994,1623510962.594472,0.0,-0.00708085997030139,-0.011482941918075085,-0.012998165562748909,-0.004655368767357941,-0.7909402390097358,1.317063334812693,-0.860169529914856,0.3798900246620178,-1.3153729438781738,-0.27281538757621476,0.25448866065225884,0.04290133828894529
2995,1623510962.6045513,0.0,-0.007308322936296463,-0.00934558641165495,-0.01701997220516205,-0.00428084803909997,-0.7934381261882122,1.3183146919739428,1.40032160282135,1.0946824550628662,-0.25650012493133545,-0.03417617046692966,-0.29109693121746577,0.05775745397733443
2996,1623510962.6144495,0.0,-0.00031299644615501165,0.005708710756152868,-0.02039073221385479,-8.885904130063321e-05,-0.7967762275246221,1.3198139781160998,-0.38293102383613586,0.18920767307281494,-0.21175901591777802,0.2408029449032189,-0.32188227743716535,0.13417017399273115
2997,1623510962.62478,0.0,-0.006144529674202204,0.012434657663106918,-0.02362881414592266,0.0020771708044875006,-0.7931302714128455,1.320325221082065,-0.9741528034210205,0.5002649426460266,-0.09777572005987167,0.32953167670635986,-0.06064680777644026,0.10701451544207452
2998,1623510962.6342702,0.0,-0.00643632048740983,0.012118036858737469,-0.021930493414402008,0.0019842515907738667,-0.7924012313917914,1.3207660357899256,0.10389481484889984,-0.6896355152130127,0.5552313923835754,0.11947414172846495,0.21125290102560018,0.054250362743094985
2999,1623510962.6441782,0.0,-0.008405505679547787,0.0003040567971765995,-0.0198392104357481,-0.0013032738947124367,-0.7931924736671705,1.3212234039316615,-0.05589485168457031,-1.6015018224716187,-0.37687501311302185,-0.1391543661697428,0.03864066563087707,0.04368117789410506
3000,1623510962.6542292,0.0,-0.012792435474693775,-0.007676803506910801,-0.0272128414362669,-0.0036035516570269155,-0.7926790324704833,1.3213036112503975,-0.3765394389629364,0.05604962632060051,-1.0927326679229736,-0.29739068993867757,-0.022583038865957725,0.027548431809957547
3001,1623510962.736846,0.0,-0.030198972672224045,0.019225850701332092,-0.010002043098211288,0.0034617219970487015,-0.787029923158827,1.316774984365301,0.013347337953746319,0.2872120141983032,0.27293628454208374,0.21967221387631922,0.24807029423572138,-0.016298029490020433
3002,1623510962.7465453,0.0,-0.02986217476427555,0.021091653034090996,-0.007636349648237228,0.004314212612491215,-0.7876429350643124,1.316318713974419,-0.018610596656799316,0.2797551453113556,0.20795518159866333,0.41321962057721395,0.22724317336516836,-0.047210857946358695
3003,1623510962.756514,0.0,-0.030759209766983986,0.022711941972374916,-0.005801022052764893,0.005030864355931752,-0.7885204349387144,1.3157184256657017,0.048501063138246536,-0.017453622072935104,0.21967308223247528,0.09085258568038625,-0.07178219512326287,-0.05293146644373647
3004,1623510962.766669,0.0,-0.030200419947504997,0.020130829885601997,-0.0018605254590511322,0.004638668258358285,-0.7883456756909663,1.3155575173309593,0.4618236720561981,-0.631045937538147,0.3997027575969696,0.032423292916262884,-0.04039588803262646,-0.042774205206351376
3005,1623510962.7766254,0.0,-0.03004651889204979,0.012385853566229343,-0.0028074122965335846,0.002765667484523761,-0.7890016113392291,1.315371810974616,0.28925085067749023,-0.8664693832397461,-0.4343993067741394,-0.10022280822760783,-0.014587526363985767,-0.019789655886443144
3006,1623510962.7865846,0.0,-0.030781548470258713,0.009985492564737797,-0.008456077426671982,0.0035982847058075584,-0.7900452889016327,1.32067796461709,-0.06441696733236313,0.19666452705860138,-0.6740838289260864,-0.11271879633371511,-0.02084350002100627,-0.019929569534667763
3007,1623510962.7966878,0.0,-0.03236594796180725,0.016916174441576004,-0.015748407691717148,0.006503516999864248,-0.7860932568560685,1.3222221377479895,-0.1443118005990982,0.9583286046981812,-0.6698227524757385,-0.12099062782304788,-0.026472579281109465,-0.01917339409334882
3008,1623510962.806954,0.0,-0.03337771072983742,0.025659235194325447,-0.02050997130572796,0.009933606282216415,-0.7869141938219388,1.3227206008803543,0.20402967929840088,0.5577892065048218,-0.28845807909965515,0.18454816305091334,0.07842305109849529,0.06641084442057742
3009,1623510962.8165944,0.0,-0.031387850642204285,0.02898537553846836,-0.019907312467694283,0.011124501454653005,-0.787616976706804,1.322847245367873,0.13159169256687164,-0.12611059844493866,0.4795975983142853,0.266521553228146,-0.05538254651867239,0.03669034471324365
3010,1623510962.8267837,0.0,-0.031413525342941284,0.028244270011782646,-0.014928987249732018,0.010932934370705458,-0.788114527843017,1.3226697592042473,0.290316104888916,-0.5277153253555298,0.6660189032554626,0.07931204921889498,-0.054531714970702375,-0.00014284341262003718
3011,1623510962.9106588,0.0,-0.011142817325890064,0.019263967871665955,0.00812206044793129,0.010647077512386624,-0.7810319400379755,1.3235618949857413,-0.001566364779137075,0.03474433347582817,0.2377825826406479,-0.18379376369189446,-0.2970862077809637,0.038961164619028765
3012,1623510962.9205587,0.0,-0.011644553393125534,0.020129434764385223,0.009951349347829819,0.011869116920193504,-0.7793754040940758,1.3238789632083732,0.31694769859313965,-0.20494017004966736,0.14297404885292053,-0.08109743929393907,-0.12711741043159347,0.05150424603837723
3013,1623510962.9304986,0.0,-0.012624075636267662,0.02139958366751671,0.0111306831240654,0.01279625158115407,-0.7809207164485601,1.328518690006062,0.048501063138246536,0.10611705482006073,0.19730253517627716,0.10367820557653533,0.04232248573038923,0.2130529465034487
3014,1623510962.940539,0.0,-0.008232435211539268,0.022163154557347298,0.014151934534311295,0.013202792229287212,-0.7773866442824768,1.3293866182030618,1.2075086832046509,0.26697197556495667,0.1312561333179474,0.06894625847175087,0.12867828930491523,0.28149153615947897
3015,1623510962.9504974,0.0,-0.008679520338773727,0.0228899996727705,0.01599382981657982,0.013900205192298225,-0.7803720748871171,1.3294263458663353,-0.4862616956233978,0.4406100809574127,0.26760998368263245,0.051398759887600017,0.03427628753744129,0.07465575236251416
3016,1623510962.9607513,0.0,-0.005788590759038925,0.02097572386264801,0.018358103930950165,0.013732416775709619,-0.780589866311217,1.329629122723477,0.7057692408561707,-0.49256157875061035,0.2516309916973114,0.03783514672112336,-0.16172121584381613,0.010872148097869455
3017,1623510962.9706166,0.0,-0.007245451677590609,0.018093829974532127,0.021050598472356796,0.013273289292399945,-0.7788018087014867,1.3300719228619708,-0.8335378766059875,0.014504311606287956,0.15788774192333221,-0.030684113200330834,0.05784819630582642,0.02905265430823979
3018,1623510962.980614,0.0,-0.01287041325122118,0.01805606484413147,0.01993197575211525,0.013582260854506464,-0.7772206594239922,1.3304709100901257,-0.5075669884681702,-0.1751127690076828,-0.10203678160905838,-0.016212202146676118,0.16700030505639255,0.041727609170540546
3019,1623510962.990634,0.0,-0.016156889498233795,0.016545919701457024,0.02037591114640236,0.013483239113178502,-0.7768518999555244,1.3307058127190134,-0.44365110993385315,-0.3189234733581543,0.08971082419157028,0.013989748841659497,0.11494842850217098,0.03275664229365634
3020,1623510963.0005865,0.0,-0.021764496341347694,0.016833513975143433,0.021579559892416,0.013786337993358058,-0.7756846604948342,1.3306285590280167,-0.4329984784126282,0.03048327937722206,0.042839184403419495,0.009045174918280087,0.0773704509292551,0.009779227473053662
3021,1623510963.0909412,0.0,-0.03270093351602554,0.0003506763023324311,0.017026130110025406,0.011392087329490624,-0.772040732209816,1.3281155833973435,0.08685058355331421,-0.23796336352825165,-0.06475251913070679,-0.2058733811245456,0.18148365393544283,-0.010112250600484367
3022,1623510963.100845,0.0,-0.0328630767762661,-0.0018942647147923708,0.01637621596455574,0.010847335301013512,-0.7727137527552761,1.3280903051264694,0.028261039406061172,-0.184700146317482,-0.06581778824329376,-0.2519252125778365,0.09945021842273553,-0.009756256484288692
3023,1623510963.1106849,0.0,-0.03371444717049599,-0.0030104261822998524,0.015881679952144623,0.010505826196616226,-0.7733560180036035,1.3280207113423863,0.013347337953746319,-0.005735713057219982,-0.05516514554619789,-0.05054989912586382,-0.0651922421004338,-0.0041898517898532345
3024,1623510963.1209848,0.0,-0.03474586457014084,-0.001790192211046815,0.014971457421779633,0.010808894470295427,-0.7738812830411843,1.3278301851878205,-0.06441696733236313,0.20731717348098755,-0.08925360441207886,-0.008402166327619528,-0.06128251477697707,-0.012543116119840094
3025,1623510963.1307096,0.0,-0.03553907200694084,-0.0002356693148612976,0.01446649432182312,0.009333836578577975,-0.7769056928421285,1.3344504469676797,0.006955750752240419,0.058180153369903564,-0.027468271553516388,0.031513054857177265,-0.0682563209657232,-0.011076747985052817
3026,1623510963.1410139,0.0,-0.035701215267181396,-0.002064672065898776,0.01443503051996231,0.008679704566341706,-0.7773234414629488,1.3347951006649863,0.01441260240972042,-0.31572768092155457,0.009815986268222332,0.035833878414919806,-0.07846367038356489,-0.005811288690362594
3027,1623510963.1509163,0.0,-0.0335860475897789,-0.004178265109658241,0.013938497751951218,0.00723672669183921,-0.7749740237894296,1.336145504828343,0.45117104053497314,-0.04834629222750664,-0.018946155905723572,0.025402639975998908,-0.06839372434429192,0.005796545326664946
3028,1623510963.1607583,0.0,-0.033709246665239334,-0.005014245864003897,0.014465093612670898,0.0058925205623144294,-0.7761274599314814,1.3371092981553476,0.34357932209968567,0.22649192810058594,-0.039186179637908936,-0.11610808825874856,0.0185518739467026,0.10143563045523721
3029,1623510963.1709917,0.0,-0.029091233387589455,-0.005704643204808235,0.013351883739233017,0.005968207577853962,-0.7780488022331663,1.3375563900912313,0.290316104888916,0.007047460414469242,-0.25543487071990967,-0.073683934040521,-0.1424756442797121,0.07715016170902468
3030,1623510963.1808138,0.0,-0.02772567607462406,-0.002523405011743307,0.011942561715841293,0.006818158859662707,-0.7794282978917753,1.337479279682865,0.20829074084758759,0.48535120487213135,-0.14890842139720917,0.0384123258756285,-0.15661145661878934,0.020199910216525934
3031,1623510963.2659075,0.0,0.017914041876792908,0.0035249944776296616,-0.00949709489941597,0.005685625771381028,-0.7819286591981769,1.338755872565089,0.46928054094314575,0.05498436093330383,-0.20643270015716553,0.1319785615914361,-0.8366321639800915,0.053912968611325746
3032,1623510963.275862,0.0,0.022688614204525948,-0.002223295159637928,-0.011035986244678497,0.003989914651205274,-0.7820313568533654,1.339828466882117,-0.40530160069465637,-0.8291851282119751,-0.11801574379205704,0.010665487938195484,-0.6484753696319441,0.08166600038042178
3033,1623510963.2856529,0.0,0.020818810909986496,-0.01337507739663124,-0.014839744195342064,0.00034431891191980674,-0.7765559002628201,1.3417377395430559,-0.6567040085792542,-1.1242634057998657,-0.38220134377479553,-0.2479674864714898,0.18209497598388982,0.1436602448711867
3034,1623510963.2956975,0.0,0.026812665164470673,-0.015548820607364178,-0.01953188329935074,-0.0002622812844779443,-0.7800110539483949,1.3419482506528344,1.1659634113311768,-0.33916348218917847,-0.2756749093532562,-0.23452826628644122,0.2063446425109955,0.11833056260393743
3035,1623510963.3057494,0.0,0.019219735637307167,-0.00365295703522861,-0.023751789703965187,0.0030899347416033784,-0.7834909696486717,1.3430913202456298,0.17207174003124237,1.0052002668380737,-0.20004111528396606,0.08825264016522977,-0.2768967783829535,0.06500913337440994
3036,1623510963.3156333,0.0,0.02769514173269272,0.0056182025000452995,-0.020300135016441345,0.005614881846232038,-0.7878372315500943,1.3442479044122033,0.00908628012984991,2.557290554046631,-0.06368725746870041,0.25551120907481994,-0.4382868984640004,0.11538472533614788
3037,1623510963.3257234,0.0,0.016381163150072098,0.020400885492563248,-0.020106513053178787,0.009698367879668844,-0.7841725507064332,1.3453833979488574,-0.8591042757034302,1.3407585620880127,-0.027468271553516388,0.3403014521865623,-0.09475806938599485,0.12090971343138422
3038,1623510963.3359196,0.0,0.014664815738797188,0.019808107987046242,-0.017969653010368347,0.009492871339628312,-0.7827963660782958,1.346055653675283,0.5161521434783936,-0.7397029399871826,-0.09884098172187805,0.2490924556087953,0.24632967640785924,0.09581763856175252
3039,1623510963.345782,0.0,0.011591717600822449,0.00496259517967701,-0.025174662470817566,0.005189733813655187,-0.784157110052169,1.3463566085552705,-1.0327423810958862,-1.7335946559906006,-0.5100330710411072,-0.17621586888506718,0.030796107466336202,0.049106403009709004
3040,1623510963.3557637,0.0,0.004646157380193472,-0.008250150829553604,-0.02838641032576561,0.0012103045949969568,-0.7853385659614824,1.3470446346498128,-0.8708221316337585,-1.1189370155334473,-0.26076120138168335,-0.41376929011037333,-0.1262482820843585,0.04450185485264114
3041,1623510963.4459445,0.0,-0.036590155214071274,0.024049455299973488,-0.017051907256245613,0.008179225836132939,-0.7825027195539578,1.343053649859804,-0.24764245748519897,0.2094476968050003,0.13338667154312134,0.2529228418983876,0.44890942729521655,0.04922828439246629
3042,1623510963.4555893,0.0,-0.03737090528011322,0.025101294741034508,-0.015807945281267166,0.008638068359178498,-0.7842909292260065,1.3426075062529625,-0.079330675303936,0.11890023201704025,0.13232140243053436,0.5163959096511789,0.4614751183659526,-0.007398609022445712
3043,1623510963.4657567,0.0,-0.039430178701877594,0.025461331009864807,-0.014584584161639214,0.008928595195227387,-0.786880585579997,1.3421642722500655,-0.44791215658187866,-0.03662838414311409,0.14616984128952026,0.05369238789806106,-0.21000047274482692,-0.046626863840410274
3044,1623510963.4758203,0.0,-0.03990190476179123,0.02238728664815426,-0.012198932468891144,0.00835111858358581,-0.7875545209776624,1.3419421566936116,0.14970119297504425,-0.6299806833267212,0.3123510777950287,0.0010656619351447876,-0.18798252006584779,-0.0312799776228659
3045,1623510963.4857652,0.0,-0.04052288085222244,0.016308221966028214,-0.01152348518371582,0.007222545770932398,-0.7896922561791166,1.3470176096214428,0.05063159391283989,-0.7237239480018616,-0.2351948320865631,-0.056163611332423216,-0.08077325318598874,-0.029204694214825563
3046,1623510963.4955623,0.0,-0.04048052430152893,0.011338316835463047,-0.013664795085787773,0.0060741011699364245,-0.7864726390972048,1.3469614734108504,0.07406740635633469,-0.25713813304901123,-0.26076120138168335,-0.064457670647521,-0.09261081808143674,-0.027531568506490443
3047,1623510963.505586,0.0,-0.037501703947782516,0.015275957994163036,-0.017847204580903053,0.007447315943228963,-0.7877525419420794,1.3479068585437954,-0.3360593914985657,0.8304969072341919,-0.48340147733688354,-0.03917212471939897,-0.07205700225756481,0.002975195867724677
3048,1623510963.5156846,0.0,-0.03803784400224686,0.023353002965450287,-0.020981818437576294,0.010646694003147592,-0.788467496450687,1.3484220777111529,-0.1677476167678833,0.6099871397018433,0.06414447724819183,0.19358651321055234,-0.08744506645553989,0.070318977218355
3049,1623510963.5255191,0.0,-0.03511359542608261,0.02554161101579666,-0.017544172704219818,0.011280893091508482,-0.7884252556385201,1.3482037035963041,0.35742777585983276,0.058180153369903564,0.5179471373558044,0.18823550572452946,-0.038130465234018515,0.017846641943331323
3050,1623510963.5357585,0.0,-0.03053235448896885,0.020233165472745895,-0.009128782898187637,0.009876363609070071,-0.7901886265803748,1.3478842182821649,0.1102863997220993,-0.1889612078666687,0.8780065178871155,-0.013756241295378578,-0.07554026572717983,-0.02494232073633321
3051,1623510963.6200101,0.0,0.012496277689933777,-0.0023450206499546766,0.018505197018384933,0.010481413743426732,-0.7846929628564231,1.3493156004909845,0.12733063101768494,-0.36259931325912476,0.261218398809433,-0.3246074628277159,-0.5927882925344264,0.0006406107181685223
3052,1623510963.6301203,0.0,0.015840305015444756,-0.0038483450189232826,0.020054977387189865,0.010921690480176431,-0.785320592614569,1.3519430236886483,0.7398576736450195,-0.30827081203460693,0.09077608585357666,-0.2147896693538303,-0.41583544862799066,0.09494451424991998
3053,1623510963.6407952,0.0,0.012995376251637936,0.0018717983039095998,0.021308358758687973,0.012746064273218893,-0.7788645262939558,1.3540961773793379,-0.458564817905426,1.0318318605422974,0.15043090283870697,0.08887985567828494,0.22543987781404534,0.24805987501692445
3054,1623510963.6499949,0.0,0.018909048289060593,0.004847085103392601,0.020448070019483566,0.01354140039247858,-0.784701905238274,1.354593255425791,-1.7965370416641235,-0.09095686674118042,0.5701450705528259,0.15532351507197031,0.04400830825363157,0.17262071753187552
3055,1623510963.65996,0.0,0.013695797882974148,0.0025176021736115217,0.029200416058301926,0.013036518437973883,-0.785558014491677,1.3554441914868551,-0.5118280053138733,-0.30187922716140747,0.5594924092292786,0.045498971376409014,-0.30686457101558023,0.06483470265632879
3056,1623510963.67006,0.0,0.018256336450576782,-0.002423067344352603,0.022871773689985275,0.011514101489738332,-0.7855370842600761,1.356195372521558,-0.6971840262413025,-0.25713813304901123,-0.9840757846832275,-0.10198642095797347,-0.08697336056821947,0.07980154933908103
3057,1623510963.6800473,0.0,0.01442276407033205,-0.008228528313338757,0.019123461097478867,0.00981197380516597,-0.7835150606221943,1.3567218629515518,0.3552972376346588,-0.3743172287940979,-0.16275684535503387,-0.1641210925838489,0.10318887874876091,0.06463924816894621
3058,1623510963.6902175,0.0,0.008336820639669895,-0.004778376780450344,0.014761004596948624,0.010660023606093708,-0.7823387081848667,1.3573086710638158,-0.8665611147880554,0.43954482674598694,-0.3694181740283966,-0.0677359035929388,0.16684232730602475,0.05085802304304823
3059,1623510963.7000577,0.0,0.0013286345638334751,-0.0006372126517817378,0.012715574353933334,0.011821227286189395,-0.781542079838623,1.3576807572232281,-0.37973523139953613,0.18494662642478943,-0.01681562513113022,0.08949010244186363,0.09995383374808538,0.049428276361697276
3060,1623510963.7100465,0.0,-0.005228047724813223,0.0031527518294751644,0.013210926204919815,0.012856698126438679,-0.7810950384724085,1.3576738055292425,-0.4276721477508545,0.38734686374664307,0.06414447724819183,0.11248277953568542,0.0651047458261871,0.021188250873486508
3061,1623510963.7959616,0.0,-0.02613658271729946,-0.025035031139850616,0.018249239772558212,0.00534012074274319,-0.7784232818365229,1.3549832489750755,-0.002631629351526499,-0.42331939935684204,0.14936563372612,-0.3150164360713515,0.2827695292994931,-0.011387829650604038
3062,1623510963.8057973,0.0,-0.026143817231059074,-0.02858118526637554,0.019652042537927628,0.004084649709860784,-0.778843360579361,1.3546209094937744,0.00908628012984991,-0.25287705659866333,0.042839184403419495,-0.44357700767246433,0.2519272296468835,-0.03046775460982678
3063,1623510963.8155737,0.0,-0.027316777035593987,-0.030466051772236824,0.019616153091192245,0.0033286279772616195,-0.7786443587727218,1.354583698034384,0.09430743008852005,-0.1793738305568695,-0.03812091425061226,-0.11291761761968856,-0.008067212478460373,-0.021033442732751487
3064,1623510963.825625,0.0,-0.027662448585033417,-0.026839276775717735,0.017527367919683456,0.0040101096811393094,-0.7790380624800515,1.354203215796626,0.027195775881409645,0.5812249779701233,-0.3129591643810272,-0.020393042520107325,-0.013744725582530138,-0.019861901370442574
3065,1623510963.835594,0.0,-0.029288120567798615,-0.021012067794799805,0.014313139021396637,0.0031019239739499133,-0.7800919133951651,1.3611003163871849,-0.07293909043073654,0.4565890431404114,-0.1574305295944214,0.050774454089247495,-0.032770864749836405,-0.03207837357728881
3066,1623510963.8454616,0.0,-0.03162408992648125,-0.02005494013428688,0.01484152302145958,0.0028549473232941797,-0.7786134234346698,1.3612376657100946,-0.3019709289073944,-0.295487642288208,0.21328149735927582,0.06007739308598747,-0.03969466545023051,-0.025745630532466375
3067,1623510963.8558245,0.0,-0.028697576373815536,-0.027085458859801292,0.01907847449183464,-0.00015565147991696004,-0.7788214399105631,1.3627473946390083,0.45649734139442444,-0.8068146109580994,0.5168818831443787,0.011514810682919263,-0.021537908340992555,0.003659634716448207
3068,1623510963.8659337,0.0,-0.0336669459939003,-0.03286006301641464,0.023659471422433853,-0.00281768717118025,-0.7784466656562391,1.3629979409029385,-0.7227504253387451,-0.4893657863140106,0.40609434247016907,-0.2506451289913607,0.012150570262734051,0.077661056886152
3069,1623510963.8756037,0.0,-0.029780717566609383,-0.03795081377029419,0.024045567959547043,-0.004172971108696535,-0.7797560404105535,1.3632506805109956,-0.495849072933197,0.04859277233481407,-0.32148125767707825,-0.2282822001312375,-0.07773290564915361,0.03241866987596214
3070,1623510963.8856316,0.0,-0.031451281160116196,-0.035555485635995865,0.020374689251184464,-0.0034380477292287465,-0.7810366299485072,1.3632042576349828,0.031456831842660904,0.7953431606292725,-0.37580975890159607,-0.061572087481389884,-0.11236921891645671,0.01172213174386163
3071,1623510963.9697042,0.0,7.38916132831946e-05,-0.04299500957131386,0.0010058432817459106,-0.005141597330898265,-0.7757825395071642,1.3653495454722713,0.026130512356758118,-0.3604687750339508,-0.039186179637908936,-0.10049525345979697,-0.503507000191044,0.03483993055186916
3072,1623510963.9799132,0.0,0.002429541200399399,-0.04531586915254593,-0.0006111674010753632,-0.006136534291175645,-0.774867630385713,1.3664112160128887,-0.11981072276830673,-0.20067910850048065,-0.21495480835437775,-0.15571761440385692,-0.32128028860686536,0.06004182799138462
3073,1623510963.989894,0.0,-0.0007944764220155776,-0.051860205829143524,-0.0007249936461448669,-0.008260151493462528,-0.7704657892452242,1.3690296822276509,-0.19437922537326813,-0.8526209592819214,0.06201394274830818,-0.14901535565503538,0.19637914213449317,0.1762742999922325
3074,1623510963.999855,0.0,0.0040113371796905994,-0.055260177701711655,-0.004348620772361755,-0.009545105939171704,-0.7714024327098724,1.3690954451942066,-1.0828098058700562,-0.25074654817581177,-0.3459823429584503,-0.16841067296358864,0.23017249785074234,0.15353018048574324
3075,1623510964.009891,0.0,-0.003167113522067666,-0.04661811515688896,-0.010097745805978775,-0.007452809489345361,-0.7745066831466156,1.3699161685963672,-0.7738831043243408,0.4097174108028412,-0.601645827293396,0.020644131963187328,-0.1390890425369761,0.04607815407279995
3076,1623510964.0199552,0.0,0.0015815563965588808,-0.04192521795630455,-0.00926024466753006,-0.006607609521892627,-0.7776584842047698,1.3707368893965604,-0.001566364779137075,1.8755213022232056,0.01407704409211874,0.11930590047072272,-0.34033394842339504,0.07983589940639457
3077,1623510964.0300114,0.0,-0.005465024150907993,-0.033090632408857346,-0.008663009852170944,-0.004828199489025339,-0.7750722810801691,1.3718226941323735,-0.33712467551231384,0.9125222563743591,0.04816550388932228,0.14266519005918457,-0.057687572684435896,0.09558155365352568
3078,1623510964.0400317,0.0,-0.00791962817311287,-0.0315348319709301,-0.004946157336235046,-0.0050334410016927775,-0.7738804159012935,1.372483218639825,-0.1304633617401123,0.13914024829864502,0.6340609192848206,0.11397212483002842,0.17103040556381957,0.09103296771254543
3079,1623510964.0499256,0.0,-0.012655304744839668,-0.03522541746497154,-0.0010092593729496002,-0.006602689731801836,-0.7728230587023743,1.3725067518927894,-0.26788246631622314,-0.4020141065120697,-0.2959149181842804,-0.07551264930922418,0.11403768293662164,0.04014892791920261
3080,1623510964.0602448,0.0,-0.017639638856053352,-0.03633130341768265,-0.007146164774894714,-0.007339512125495183,-0.7717083581230129,1.3724638273804664,-0.5448512434959412,0.06883279979228973,-0.6069721579551697,-0.1256423399928211,0.11261213084890538,-0.0014589452758004993
3081,1623510964.1441667,0.0,-0.03805232420563698,-0.02090889774262905,-0.007063973695039749,-0.00607123313883054,-0.7659333121139655,1.3681797332720484,-0.013284273445606232,0.26377618312835693,0.15149615705013275,0.14342057123446414,0.3172118583173697,-0.025605510260715822
3082,1623510964.154379,0.0,-0.038982734084129333,-0.01944911666214466,-0.005526099354028702,-0.006002176909584281,-0.7671605027284564,1.367928119597411,0.006955750752240419,0.17429398000240326,0.15575721859931946,0.19913742078012175,0.2229316640211349,-0.038602974430429995
3083,1623510964.1640453,0.0,-0.04151858761906624,-0.017779460176825523,-0.0036079175770282745,-0.005869364628667731,-0.7676408194691653,1.3675640718705662,0.027195775881409645,0.1167697012424469,0.33685216307640076,0.014749991381256624,-0.0860677765425008,-0.030074050547031172
3084,1623510964.174158,0.0,-0.04178960993885994,-0.018839549273252487,-0.0011527352035045624,-0.006414786367186856,-0.7677600044775543,1.3670553788251603,-0.12087598443031311,-0.024910472333431244,0.28678473830223083,-0.01661021763615165,-0.04894987222761234,-0.0422045869231779
3085,1623510964.184051,0.0,-0.04180333390831947,-0.01882791705429554,0.0009932741522789001,-0.006669926612867881,-0.7683586810037957,1.3668732991292545,0.2306612879037857,-0.020649414509534836,0.19623726606369019,-0.040514229838724374,-0.02997488807472589,-0.036914692306663846
3086,1623510964.194513,0.0,-0.04151708260178566,-0.016111325472593307,0.002409856766462326,-0.004894019021220775,-0.7673969819902438,1.372557271799905,-0.003696893807500601,0.4320879876613617,0.08651503175497055,-0.037741650074342756,-0.04294444462494304,-0.030338090124307104
3087,1623510964.2040899,0.0,-0.03944144397974014,-0.013234165497124195,0.003869682550430298,-0.003835752212756227,-0.7639093251993184,1.3735944535729037,0.9944559335708618,-0.003605184145271778,0.269740492105484,-0.03395908316777849,-0.053616515095280357,-0.024280058574001843
3088,1623510964.2143316,0.0,-0.03903990983963013,-0.011108122766017914,0.005260862410068512,-0.0027708799542147527,-0.7643452932883897,1.3740175169802256,-0.17200867831707,0.040070656687021255,0.15469194948673248,0.07276550417399674,0.07451590613326645,0.0570547871833787
3089,1623510964.2242594,0.0,-0.03501010686159134,-0.013127368874847889,0.008807562291622162,-0.0034779314564133135,-0.7655041275637589,1.3743208200774824,0.45969313383102417,-0.3849698603153229,0.36881008744239807,0.03198800202709848,-0.07534806599687631,0.04166963778474786
3090,1623510964.2345634,0.0,-0.03057173080742359,-0.01749904826283455,0.009448561817407608,-0.00501010491889943,-0.7668205680509219,1.3741337305954873,0.5353268980979919,-0.6523512601852417,0.0566876195371151,-0.09442172122167555,-0.11687405021297936,0.006401926446904146
3091,1623510964.3222234,0.0,0.018447091802954674,-0.0386948361992836,0.03939277306199074,-0.0061913827020935175,-0.7680234319017493,1.3756108967406624,0.2306612879037857,-0.37005615234375,0.418877512216568,-0.42671513299333996,-0.941607227280908,0.061097787550951056
3092,1623510964.332133,0.0,0.02184692956507206,-0.03924712538719177,0.04267724230885506,-0.005822894901574949,-0.768624259352569,1.3769687952147942,0.5821985602378845,0.19772979617118835,0.1728014498949051,-0.2949992552638984,-0.723598360049006,0.096222029959787
3093,1623510964.3420885,0.0,0.02012687176465988,-0.03328033909201622,0.04465743526816368,-0.004309574058398526,-0.7624256831338915,1.3786110683406085,-0.0931791141629219,0.5258312225341797,0.25802260637283325,0.08222488473010543,0.2011213830675896,0.14330581047685867
3094,1623510964.3519244,0.0,0.020896244794130325,-0.02315465174615383,0.04651496186852455,-0.0018386027473999214,-0.7638455840122322,1.3798122758902487,-1.041264533996582,-0.24328969419002533,0.5722755789756775,0.21911764094487457,0.2944828263578912,0.1488071155974292
3095,1623510964.3621373,0.0,0.016024604439735413,-0.016566844657063484,0.049262937158346176,-0.00015870805432895152,-0.7694746808117036,1.3825563957408387,0.7345314025878906,-0.5330415964126587,0.3389827013015747,0.22238055194371753,-0.266028863033505,0.1904668525588908
3096,1623510964.3720489,0.0,0.019791865721344948,-0.020270023494958878,0.06026000156998634,-0.0012320817481665525,-0.7731039584888054,1.384525878438386,0.18272438645362854,-0.396687775850296,1.2615017890930176,0.03907588011721279,-0.5049209998030249,0.24959024060818358
3097,1623510964.3819933,0.0,0.012041615322232246,-0.02786855213344097,0.06287583708763123,-0.004002498081289996,-0.7685378194700915,1.3844898402498438,-1.2180984020233154,0.12742234766483307,-0.13612523674964905,-0.1823412909164351,-0.03550709530450849,0.12177101413383909
3098,1623510964.3921127,0.0,0.010559010319411755,-0.033254437148571014,0.06212766095995903,-0.005902297682600859,-0.7661622080432295,1.3832374722228393,-0.054829586297273636,-0.44142886996269226,-0.07540516555309296,-0.23047242608040555,0.34594669767657354,-0.05272436148453054
3099,1623510964.4018793,0.0,0.004151306115090847,-0.030941590666770935,0.060478512197732925,-0.005419144094522509,-0.7667083677849015,1.3830920932042932,-0.5693523287773132,0.7239704132080078,-0.3055022954940796,-0.09831844257576396,0.1370876965848257,-0.08116806752465645
3100,1623510964.4119916,0.0,-0.0029908455908298492,-0.021416397765278816,0.05615152046084404,-0.0029273542607869546,-0.7682989310553808,1.3840411297589728,-0.6641608476638794,0.9796339273452759,-0.37794029712677,0.1269425651070845,-0.09530880463103683,0.027355913086501447
3101,1623510964.497847,0.0,-0.02500941976904869,-0.03350534662604332,0.04898042604327202,-0.007116407249693778,-0.7683790997202284,1.381211986156252,0.05702317878603935,-0.011062035337090492,0.12273402512073517,-0.07574402234928776,0.1935675549643671,0.03670712962358272
3102,1623510964.5072944,0.0,-0.02538158744573593,-0.03413232043385506,0.04984402284026146,-0.00756055993027014,-0.7686156711493954,1.3809491140368957,0.08045899122953415,-0.13569797575473785,0.09290661662817001,-0.2308652662457524,0.2775378439325152,-0.027100444825428633
3103,1623510964.5175152,0.0,-0.02616315707564354,-0.03382059559226036,0.04953007772564888,-0.007787543015914389,-0.7695431540916119,1.3808023793183064,-0.1581602394580841,0.1167697012424469,-0.1148199513554573,-0.041448978447615505,-0.04947276598175641,-0.020395471395935838
3104,1623510964.52758,0.0,-0.026742642745375633,-0.03229432925581932,0.04818694666028023,-0.007767522971483393,-0.7696586043226838,1.3804351236058556,0.055957917124032974,0.42037007212638855,-0.1712789684534073,-0.016291184523491573,-0.05843627093632637,-0.022424918483048457
3105,1623510964.537039,0.0,-0.02770990878343582,-0.029098402708768845,0.04679429158568382,-0.007117816698520449,-0.7743279260955608,1.3905099715126132,-0.15283390879631042,0.2659067213535309,-0.07647043466567993,0.02310988776269943,-0.03498783852612077,-0.023814850935606226
3106,1623510964.547584,0.0,-0.027468234300613403,-0.027357516810297966,0.0464690737426281,-0.006977861637038063,-0.772527363754635,1.3907576849267835,-0.05376432463526726,0.12209602445363998,0.018338100984692574,0.02950365284733201,-0.04072042781020801,-0.013757844109567206
3107,1623510964.5572937,0.0,-0.025565695017576218,-0.02884688414633274,0.0471578948199749,-0.008132292008530065,-0.7713218730303425,1.3921340819155152,0.4479752480983734,-0.4158625304698944,0.1216687560081482,0.02556348270517836,-0.03002494678929809,0.004353167750260193
3108,1623510964.5675325,0.0,-0.02818785421550274,-0.029419321566820145,0.047859419137239456,-0.008998787614207943,-0.7715743054111568,1.392579935825379,-0.3722783923149109,-0.34022876620292664,0.12699507176876068,-0.06758690692531133,0.04034931850018819,0.08038849366929693
3109,1623510964.5777254,0.0,-0.025492019951343536,-0.03136912360787392,0.047535721212625504,-0.009458587178402991,-0.7724148133843968,1.3930061478321438,-0.7270114421844482,0.06031068041920662,-0.12121153622865677,-0.07482763498061613,-0.07147928796254117,0.05031799016299805
3110,1623510964.5876148,0.0,-0.02574208378791809,-0.029883122071623802,0.047296952456235886,-0.008997123196475859,-0.7738564332699829,1.3930874674468854,0.08365479111671448,0.7846904993057251,-0.36728763580322266,-0.013954685289028889,-0.09140251719205243,0.024890696504844274
3111,1623510964.6731484,0.0,0.011888893321156502,-0.026338666677474976,0.01307760551571846,-0.005529211776791471,-0.7704498360881773,1.3957079966809351,-0.07720014452934265,0.07842018455266953,-0.3566350042819977,0.0867200253640315,-0.5855663262806632,0.04995748260867756
3112,1623510964.6831715,0.0,0.01703108288347721,-0.029499350115656853,0.008923746645450592,-0.00650737854681991,-0.7707182178112212,1.397208426631431,0.8708852529525757,-0.8153367042541504,-0.48766252398490906,0.023428938159619,-0.4145181003586076,0.08393257977744752
3113,1623510964.693214,0.0,0.014031581580638885,-0.03628985211253166,0.005664091557264328,-0.008782878368706351,-0.763585072918076,1.399093232682906,-0.46176061034202576,-0.9229283928871155,-0.31615495681762695,-0.1468942484914268,0.24426850411542972,0.17009845401697454
3114,1623510964.703024,0.0,0.015381422825157642,-0.04140560328960419,6.605684757232666e-05,-0.010510147900941187,-0.7667226851471305,1.4006068888188372,0.5736764669418335,-0.6193280220031738,-0.2639569938182831,-0.2110268314031403,0.28937403327856237,0.18005332113847244
3115,1623510964.713728,0.0,0.011459598317742348,-0.034277886152267456,-0.006045937538146973,-0.008664756919600954,-0.7727263262428293,1.4026520101950246,0.32546982169151306,1.4291754961013794,-1.1076463460922241,-0.037877083633238724,-0.35671713607808386,0.17178152370655742
3116,1623510964.723181,0.0,0.015591204166412354,-0.02753402292728424,-0.006456024944782257,-0.007117417108513248,-0.7749597002190358,1.4040151825405585,0.32227402925491333,2.5700738430023193,-0.27887070178985596,0.14836999120723696,-0.4562139319524386,0.18353576286997617
3117,1623510964.7332118,0.0,0.009152324870228767,-0.008307186886668205,-0.009170427918434143,-0.0021882402489763544,-0.7710937824101969,1.4043265575793569,-1.190401554107666,1.7210580110549927,-0.31082862615585327,0.3349940251126231,0.012863440418590655,0.10251641290248734
3118,1623510964.7432175,0.0,0.005416062194854021,-0.001147841801866889,-0.01208195835351944,-0.0001637917705115885,-0.7677934091514389,1.4040324008404734,-0.16455182433128357,0.04859277233481407,-0.06262199580669403,0.38286311136512363,0.3505692372914548,0.006590259769601833
3119,1623510964.7532716,0.0,0.003061524825170636,-0.00680495472624898,-0.009190581738948822,-0.0018524300843446861,-0.7694375777780986,1.4044524436915093,-0.6929230093955994,-1.2041581869125366,-0.4865972697734833,0.0636263728583085,0.13493649598284016,-0.001009068295800234
3120,1623510964.7630782,0.0,-0.0035517809446901083,-0.018511898815631866,-0.01736786961555481,-0.0053724262960576155,-0.7707016359184395,1.4056466642117085,-0.893192708492279,-1.5887186527252197,-0.5526436567306519,-0.23435025354949465,-0.1402082680678367,0.07128707003543848
3121,1623510964.8570426,0.0,-0.038352131843566895,0.026139209046959877,-0.010200802236795425,0.004901320131485913,-0.761584854686786,1.400167859388989,-0.10489702224731445,0.4587195813655853,0.14830036461353302,0.5716946393344352,0.4691733992859282,0.040500275881929615
3122,1623510964.8668845,0.0,-0.03866178169846535,0.030174996703863144,-0.008841130882501602,0.00628417199760143,-0.7623429810888113,1.399643350238534,-0.0654822364449501,0.389477401971817,0.17173618078231812,0.8536011721046,0.5526208375101829,-0.0485065719661564
3123,1623510964.8769426,0.0,-0.03996523469686508,0.032363731414079666,-0.006936103105545044,0.007228135034824272,-0.7639275755032614,1.3991672188827797,-0.4127584397792816,0.040070656687021255,0.28678473830223083,0.14457628456231666,-0.10474882211938365,-0.04873561719780356
3124,1623510964.8871,0.0,-0.04029426351189613,0.0296079870313406,-0.004488367587327957,0.006976924998618947,-0.7641882606241496,1.3989454924926383,-0.24551191926002502,-0.34555506706237793,0.17493197321891785,0.051058192914722814,-0.12471681723123403,-0.03232704680957719
3125,1623510964.8970644,0.0,-0.04113227128982544,0.022738708183169365,-0.0034711286425590515,0.006867516027485809,-0.7635094215156295,1.4068739296198043,0.03358736261725426,-0.8685999512672424,-0.13932102918624878,0.04036642232454037,-0.12807772127682224,-0.03210065688908341
3126,1623510964.9068549,0.0,-0.038861971348524094,0.02034149318933487,-0.006773684173822403,0.006021383993746979,-0.7596142791328583,1.4073681122901949,1.1499844789505005,-0.44675520062446594,-0.3523739278316498,0.025141487156928335,-0.13359531649048978,-0.028116568470311673
3127,1623510964.9170961,0.0,-0.04030534625053406,0.0248069129884243,-0.010897170752286911,0.007469531086167755,-0.7604790710626839,1.40804702189735,-0.5427206754684448,1.6102705001831055,-0.5068373084068298,0.002692919506830326,0.08058028343498291,0.04460986212275199
3128,1623510964.927121,0.0,-0.03896657004952431,0.03073844686150551,-0.013361547142267227,0.010121253089791352,-0.7602626907538579,1.4080842654905277,-0.16242128610610962,0.33621418476104736,0.050296034663915634,0.19840440143063506,-0.04176183752528658,0.04398369413210039
3129,1623510964.937109,0.0,-0.037877343595027924,0.03424007445573807,-0.009338315576314926,0.01144599404272903,-0.7599887460898108,1.4079091794322824,0.7142913341522217,-0.42331939935684204,0.6042335629463196,0.22228324697296983,0.04176075728633704,-0.006735789413408085
3130,1623510964.9470897,0.0,-0.035716041922569275,0.03341449797153473,-0.0016609057784080505,0.011492321700881769,-0.7601863463694489,1.4076568137554961,-0.06335170567035675,0.17109818756580353,0.8172864317893982,0.0718684218795568,0.004378358806056696,-0.020979349483346028
3131,1623510965.033824,0.0,-0.026365429162979126,0.04836352542042732,0.02048638090491295,0.01802986096004046,-0.7441115401415912,1.409712835739196,0.06767582148313522,0.18814241886138916,0.13871298730373383,0.24723655243897863,-0.057507591757131264,0.013722374596965781
3132,1623510965.0437312,0.0,-0.022112062200903893,0.045243192464113235,0.024218950420618057,0.017215028887076184,-0.7411169243747365,1.4120474457632646,-0.015414802357554436,-0.9836484789848328,0.6756062507629395,0.19539253771010154,0.04546180510613828,0.1752180178683963
3133,1623510965.0539086,0.0,-0.011948932893574238,0.04045986384153366,0.025791402906179428,0.016451835723219517,-0.7411823332344094,1.4124150646085547,-0.1581602394580841,-1.0464991331100464,-0.21495480835437775,-0.06711890747701559,0.16793126803322347,0.16521380687983395
3134,1623510965.0637698,0.0,-0.015465050004422665,0.0467807836830616,0.02025451883673668,0.01900927735593553,-0.7415177260050503,1.412695440596236,0.06554529070854187,0.6302271485328674,-0.3971150517463684,0.0551164899585553,0.028353019508575415,0.03743104558683835
3135,1623510965.0735762,0.0,-0.012225696817040443,0.047585248947143555,0.01944606378674507,0.019859911486957545,-0.7426921142237686,1.4135280425846215,0.37766778469085693,-0.1101316288113594,0.03005601093173027,0.16613923491570406,-0.08693661551426013,0.054148508880639164
3136,1623510965.0837502,0.0,-0.01991192437708378,0.04811003804206848,0.02041662111878395,0.020473339426030926,-0.739934092724481,1.4143743451107538,-0.15176865458488464,-0.35407719016075134,0.30063316226005554,0.09728812552818525,0.05069001495683112,0.08242099684865502
3137,1623510965.093733,0.0,-0.02183380536735058,0.04314789921045303,0.026351992040872574,0.019403003836919633,-0.7387341753938683,1.4148278657494544,-0.2966446280479431,-0.6086754202842712,0.7118252515792847,-0.01924301627083046,0.188442120851095,0.06930047351956313
3138,1623510965.1036317,0.0,-0.026979779824614525,0.041258323937654495,0.027478795498609543,0.01938059834654232,-0.7371762522422127,1.414748766679051,-0.7227504253387451,0.2190350890159607,-0.3001759946346283,-0.0683996698692862,0.14849759303255758,0.023858549400563454
3139,1623510965.1138248,0.0,-0.03468874841928482,0.04263263940811157,0.02373747155070305,0.020299153401325064,-0.7351694461869447,1.4146235765351087,-0.3957142233848572,0.08374650031328201,-0.07753569632768631,0.03282005665567702,0.16283960572647724,-0.008022866894215549
3140,1623510965.1237822,0.0,-0.03839917853474617,0.041990455240011215,0.024419661611318588,0.02049381929629699,-0.7338390833952784,1.4144192283112982,-0.4127584397792816,-0.22091913223266602,0.14936563372612,0.06306822973437244,0.15794714269117777,-0.01658996488247903
3141,1623510965.212208,0.0,-0.05115601420402527,0.025003157556056976,0.020740214735269547,0.019199243034521085,-0.7278341670912064,1.4113221977299506,0.10815586894750595,-0.28057393431663513,-0.11588521301746368,-0.19104822630796744,0.2344437871060473,-0.020388925210098455
3142,1623510965.222189,0.0,-0.051079053431749344,0.02275138348340988,0.019654061645269394,0.018978044507857846,-0.7282763158318214,1.4112440037734733,0.09004637598991394,-0.221984401345253,-0.11588521301746368,-0.2273001329521319,0.14717136157560656,-0.014012314308583266
3143,1623510965.2326293,0.0,-0.051337119191884995,0.020846134051680565,0.018471118062734604,0.01886528337695738,-0.7289051683087207,1.4111877506451287,0.013347337953746319,-0.15487274527549744,-0.1339947134256363,-0.022709757904882964,-0.051615568660563264,-0.0068964766471591495
3144,1623510965.242104,0.0,-0.05165502801537514,0.019841017201542854,0.017197024077177048,0.017451608088577708,-0.7314659576828785,1.4159527126455067,-0.006892687175422907,-0.0920221284031868,-0.12334206700325012,-0.015274464765810495,-0.06622834233288291,0.0012095235749079772
3145,1623510965.2523987,0.0,-0.051544032990932465,0.019373418763279915,0.016229700297117233,0.017661730249844007,-0.727877933951763,1.4167528612082194,0.2860550284385681,0.00598219595849514,-0.07540516555309296,-0.013811881382855832,-0.07862914718474007,0.010995124137488625
3146,1623510965.2620642,0.0,-0.049593452364206314,0.01697034016251564,0.015512809157371521,0.017645691449692358,-0.7282631212418826,1.4188857283022598,-0.2977098822593689,-0.08882633596658707,-0.10310204327106476,-0.0025503537165444457,0.006800757345735563,0.08388233762573355
3147,1623510965.27213,0.0,-0.047942474484443665,0.016767356544733047,0.013725627213716507,0.017980929370898763,-0.7293211473659124,1.4193124200808547,0.045305270701646805,0.026222221553325653,-0.2074979543685913,0.016620388277416576,-0.059118786218106775,0.13226824785168198
3148,1623510965.2821636,0.0,-0.04386453703045845,0.01568111963570118,0.011880394071340561,0.017817839513066425,-0.7298218085686599,1.4192905160963556,0.08045899122953415,-0.1793738305568695,-0.024272477254271507,0.007010870404805762,-0.08524283636500195,0.035356875444906254
3149,1623510965.2923315,0.0,-0.039630066603422165,0.016358815133571625,0.010589711368083954,0.018083612207650757,-0.731291431842384,1.419426177290198,-0.19011816382408142,0.17535923421382904,-0.29378440976142883,-0.003476473982737235,-0.10156710275889298,0.007112812209613283
3150,1623510965.302272,0.0,-0.03582780808210373,0.015743274241685867,0.006470430642366409,0.018387365215638843,-0.7320849169330986,1.4193284375439554,-0.22633716464042664,0.6249008178710938,-0.7017806768417358,0.01380363208280605,-0.11474471386485639,0.0017067000163518823
3151,1623510965.3904228,0.0,0.02188987098634243,-0.015324195846915245,-0.012584540992975235,0.011166220116878948,-0.7386054289257391,1.422230460863145,-0.31475409865379333,-1.5983060598373413,-0.33000338077545166,-0.43115929231944444,-0.8045740151843446,0.1351738111402114
3152,1623510965.4005306,0.0,0.026209816336631775,-0.022107625380158424,-0.016735291108489037,0.009354985041187931,-0.7358722384726208,1.4229695192722995,2.1300277709960938,0.0752243921160698,-0.3640918433666229,-0.5236039752694851,-0.45413689080845626,0.17992713430248622
3153,1623510965.4103675,0.0,0.025167273357510567,-0.014496788382530212,-0.021985208615660667,0.011558266952480516,-0.7383574651683873,1.4234109050833506,0.7217482328414917,1.642228364944458,-1.0373389720916748,-0.05831309555312565,0.04242708977858953,0.07694923200244656
3154,1623510965.4204986,0.0,0.03305741772055626,-0.007570881396532059,-0.02148829959332943,0.013213601064243595,-0.7408711571063493,1.424462340117277,1.5270880460739136,2.0832479000091553,-0.18725793063640594,0.1677801609063507,-0.2586888201616561,0.07477507361187151
3155,1623510965.4303858,0.0,0.029780475422739983,0.010964654386043549,-0.022892329841852188,0.018309823610525112,-0.7403327321527154,1.4257687620840298,-0.7706872820854187,1.1628594398498535,-0.08073148876428604,0.36042928544871533,-0.12682219428423494,0.11129596958461914
3156,1623510965.4401994,0.0,0.026835056021809578,0.014085784554481506,-0.02158004231750965,0.019230955119996354,-0.7404335149968184,1.4267998515136215,-0.21994557976722717,-0.3317066431045532,0.66921466588974,0.34918547090615204,0.008405338636118993,0.11590910234826562
3157,1623510965.450632,0.0,0.024909036234021187,0.0008260358008556068,-0.017563816159963608,0.015347249112112403,-0.7415796777248739,1.4275580848899316,-0.8388642072677612,-1.2478340864181519,-0.40883296728134155,-0.10396877947567493,-0.06003173591431958,0.09206964806076796
3158,1623510965.460213,0.0,0.016743091866374016,-0.00839192233979702,-0.024939294904470444,0.012453981384479805,-0.7411416392867926,1.4281295500701703,-0.4606953263282776,-0.8728609681129456,-0.7092375159263611,-0.33810933998533954,-0.029970817661854984,0.07054577143215149
3159,1623510965.4704816,0.0,0.01435659546405077,-0.012601244263350964,-0.027959033846855164,0.01121127541325996,-0.7416162602317299,1.4280371205460367,-0.6002449989318848,-0.05899893864989281,-0.36728763580322266,-0.24456047838814052,-0.0013024295393574414,0.034219508030911186
3160,1623510965.480529,0.0,0.003879593452438712,-0.006001515779644251,-0.03340506553649902,0.013076539844878554,-0.7398548531668198,1.4278946024241246,-0.8559084534645081,1.3301059007644653,-0.7433260083198547,-0.009622380639782449,0.049664750236510846,-0.008703244899030698
3161,1623510965.5678535,0.0,-0.02380293793976307,-0.006188140716403723,-0.015174467116594315,0.013939517293179014,-0.7457474546434818,1.4250216323390519,-0.02819797582924366,-0.1932222545146942,0.520077645778656,0.07728513245456547,0.42087160939901874,-0.011809638520539841
3162,1623510965.5775762,0.0,-0.022706160321831703,-0.008369939401745796,-0.010339953005313873,0.01331785131493348,-0.747352746781593,1.424802988320183,0.32973089814186096,-0.184700146317482,0.603168249130249,-0.0364268680867797,0.2661158904962146,-0.012416345491131731
3163,1623510965.5877469,0.0,-0.023287538439035416,-0.009266089648008347,-0.0046992674469947815,0.01295292759337021,-0.7495291210052522,1.424640609643512,-0.07826540619134903,-0.052607350051403046,0.34750479459762573,-0.05054921921870238,-0.18673098754719478,-0.018297959103591267
3164,1623510965.5977423,0.0,-0.023276032879948616,-0.008371767587959766,-0.0029434077441692352,0.009896176767598311,-0.7599394741058405,1.4278066214152367,0.17633280158042908,-0.06539051979780197,0.06520973891019821,-0.0559351181383524,-0.19491444218209394,-0.007594712388321566
3165,1623510965.6077087,0.0,-0.023601265624165535,-0.007118941284716129,-0.002748575061559677,0.010526553230140873,-0.7559137377853273,1.4285805860731329,0.9177568554878235,-0.25181180238723755,0.01620757207274437,-0.06131090496122589,-0.20169766950701548,0.0039983033173647715
3166,1623510965.6176176,0.0,-0.02342911809682846,-0.006042475812137127,-0.00301482155919075,0.010964926061428112,-0.7577884014355734,1.4289571559609227,0.14011381566524506,0.13914024829864502,-0.08499255031347275,0.01254650329860167,-0.007963749068041464,0.0453528762186109
3167,1623510965.6274974,0.0,-0.016794567927718163,-0.011922958306968212,-0.0024079978466033936,0.009331299125050777,-0.7608645930595064,1.429128800289151,1.0242832899093628,-1.289379358291626,0.3347216248512268,-0.024838560180200635,-0.2066939714286906,0.030730694495537884
3168,1623510965.6375742,0.0,-0.016809307038784027,-0.01621101051568985,-0.00222880020737648,0.007847438493632203,-0.7611016556742277,1.4291051802610872,1.9766297340393066,-1.8816664218902588,0.01620757207274437,-0.1348028909233792,-0.14074060860017498,0.011161294493615971
3169,1623510965.6475692,0.0,-0.015357039868831635,-0.02202450856566429,-0.0014118142426013947,0.006416143589998452,-0.7621765687176859,1.4289061124138698,0.0921769067645073,0.5993344783782959,0.0705360621213913,-0.19365738641150926,-0.09736217468140743,-0.013939832250597342
3170,1623510965.6577086,0.0,-0.00446343794465065,-0.028130153194069862,0.0014904588460922241,0.005198754320899973,-0.7649691727978503,1.4284282249422895,0.9252136945724487,-0.44568994641304016,0.40715962648391724,-0.13521026610778944,-0.20101466102610446,-0.03162427853657709
3171,1623510965.7464707,0.0,0.03930317237973213,-0.08969810605049133,0.02593737468123436,-0.00857677129451992,-0.7685234050653779,1.4289376632053157,-2.4016072750091553,1.5665946006774902,-0.0967104583978653,-0.9779874283913704,-0.6455204215585707,-0.04374371584395765
3172,1623510965.7567031,0.0,0.03924717754125595,-0.08763381093740463,0.031059328466653824,-0.008310072243646646,-0.7716557599157944,1.4305933990182322,-1.3491259813308716,0.3127783536911011,0.7640231847763062,-0.8218949710485802,-0.5070412836651886,0.05998956000535684
3173,1623510965.7663865,0.0,0.028692401945590973,-0.08467511087656021,0.038360778242349625,-0.007653419949139102,-0.7748193627210307,1.4335586980921304,0.1571580469608307,-0.19748331606388092,0.5776019096374512,0.045513044453633654,-0.2244213323768181,0.22515552929601998
3174,1623510965.776329,0.0,0.030522270128130913,-0.09222506731748581,0.0441134087741375,-0.010292440445900324,-0.7770259201748894,1.4353589301542786,-0.007957951165735722,-1.4342553615570068,0.8385916948318481,-0.0694001133635851,-0.2911812631583699,0.25237383081154574
3175,1623510965.7864509,0.0,0.021877892315387726,-0.09290628135204315,0.046390239149332047,-0.011147591893862621,-0.7751014198869985,1.4358757265878583,-0.9816096425056458,-0.24861600995063782,-0.013619831763207912,-0.18467156131634738,-0.08018943807475609,0.1353702550869587
3176,1623510965.7962508,0.0,0.0204657893627882,-0.09700629860162735,0.044895682483911514,-0.012782471755091798,-0.7747113737209756,1.4356157108573981,-0.10383175313472748,-0.5053447484970093,-0.060491468757390976,-0.13797258987494673,0.11232043067999536,0.02164000740725997
3177,1623510965.8066697,0.0,0.015248259529471397,-0.10340528935194016,0.04472293332219124,-0.01517841571871064,-0.775331667341336,1.4359336646451788,-0.8367336988449097,-0.45101624727249146,0.009815986268222332,-0.19853990149490502,0.024841822385827578,-0.001874790295945355
3178,1623510965.8165998,0.0,0.009930195286870003,-0.10500694811344147,0.04464234784245491,-0.016177660829065216,-0.7760280966527164,1.4366964318820359,-0.209292933344841,-0.13143692910671234,-0.049838822335004807,-0.18121916926448145,-0.05874075357076956,0.048291248974984255
3179,1623510965.8264635,0.0,0.005524850450456142,-0.10644210129976273,0.04432373121380806,-0.01714406823965499,-0.7756007844626174,1.4370340964910624,-0.43193319439888,-0.11545795202255249,-0.03812091425061226,-0.10675553331311649,-0.02452818849966085,0.058693218348184105
3180,1623510965.836202,0.0,0.0010294911917299032,-0.10682554543018341,0.043515440076589584,-0.01773333900599362,-0.7753202956335231,1.4368379726173857,-0.13259388506412506,-0.05047682300209999,-0.11695048213005066,-0.0820246263224235,0.036359313184403566,0.01199440695353716
3181,1623510965.925807,0.0,-0.008725754916667938,-0.11513201147317886,0.03078101947903633,-0.02449223075574643,-0.7796818420615781,1.4343649389012096,-0.07293909043073654,0.10505179315805435,-0.06368725746870041,-0.20160424285055306,0.11949499354831657,-0.01989729042991657
3182,1623510965.9358454,0.0,-0.009299125522375107,-0.11429949849843979,0.03028039261698723,-0.02472392382502775,-0.7807219407078898,1.4342316619969235,-0.05802537873387337,0.12848760187625885,-0.046643029898405075,-0.18473102992804422,0.05137295977372617,-0.017880781024945145
3183,1623510965.9457386,0.0,-0.009943722747266293,-0.11369072645902634,0.029993120580911636,-0.03147944641645161,-0.7901475742438424,1.441280248599527,-0.05376432463526726,0.06670226901769638,-0.025337740778923035,-0.08092980998814947,-0.053568213812911034,-0.010645552422458505
3184,1623510965.9559457,0.0,-0.010644616559147835,-0.1134628877043724,0.03021920844912529,-0.03176231298886347,-0.7872495600834344,1.4421189803763794,0.04956632852554321,0.05285383015871048,0.03751286119222641,-0.07490168496762939,-0.0593443451341552,-0.0049609299460708235
3185,1623510965.9660804,0.0,-0.01048071589320898,-0.1124936118721962,0.029389891773462296,-0.03191927639037938,-0.7879305169726343,1.4431111788638669,-0.44258585572242737,0.46191537380218506,-0.1702136993408203,-0.049188527077407423,0.013730137929949624,0.050387386164536516
3186,1623510965.9758143,0.0,-0.0119439996778965,-0.11268527805805206,0.028804343193769455,-0.03213255446178018,-0.7897006709099716,1.4430552890407802,0.4895205497741699,0.12529180943965912,-0.060491468757390976,-0.017646732387689525,-0.08741217426737691,0.04793308360583013
3187,1623510965.9858885,0.0,-0.01319283526390791,-0.10933192819356918,0.02672434225678444,-0.03201437424812809,-0.7899770348852333,1.4431738297831098,-0.07613488286733627,-0.3519466519355774,-0.2309337705373764,0.008108413041780158,-0.08508795742440052,0.010586447690483025
3188,1623510965.9958146,0.0,-0.011550864204764366,-0.1053987443447113,0.02483038231730461,-0.031986735536432616,-0.7923286018468807,1.4428873855037367,0.19763809442520142,0.7825599908828735,-0.303371787071228,-0.0005962378905386923,-0.14265576602526284,-0.010354366002697957
3189,1623510966.0057416,0.0,-0.007079192902892828,-0.1030752882361412,0.02096400037407875,-0.03233663297441689,-0.7931852397518531,1.4424663174552368,0.3084256052970886,-0.0781736895442009,-0.26182645559310913,-0.007431298627271733,-0.16607130918373406,-0.034942573228233374
3190,1623510966.0158975,0.0,-0.0036866182927042246,-0.09955824911594391,0.01613786444067955,-0.032702939226008775,-0.7935606604479664,1.442099543875211,0.36275407671928406,0.45339325070381165,-0.5696879029273987,-0.03272265013469834,-0.06775855312929178,-0.041312536136547
3191,1623510966.1101613,0.0,0.011744692921638489,-0.06828750669956207,-0.014617405831813812,-0.02899248660785909,-0.7956770668771227,1.4447537920356404,-1.0274161100387573,-0.31572768092155457,-0.3193507492542267,0.3645745808032333,-0.3359067911668031,0.08847801880281342
3192,1623510966.119864,0.0,0.00889685470610857,-0.06971746683120728,-0.01885954476892948,-0.02959653782275094,-0.7995524772715278,1.4476872929484896,0.05063159391283989,0.48641645908355713,-0.5324036478996277,0.30843411818024546,-0.4961366247590278,0.2530326425850637
3193,1623510966.12973,0.0,0.007790472824126482,-0.06365466117858887,-0.02427855134010315,-0.028059914360568823,-0.7981443684530216,1.4483161930667008,-0.6108976006507874,0.3447362780570984,0.2654794454574585,0.03289594954785821,-0.1942522347554039,0.20865571989114923
3194,1623510966.139861,0.0,0.005159064196050167,-0.04901649430394173,-0.024309242144227028,-0.024317656433080002,-0.7951170930043829,1.4470102190310163,-0.7334030270576477,0.5684418082237244,0.042839184403419495,0.2540629387856538,0.1838244326803791,-0.0040540753470253675
3195,1623510966.1499438,0.0,0.0036801970563828945,-0.04548941180109978,-0.02199753373861313,-0.023865804957137107,-0.7940186292955063,1.4457405919283004,-0.08359172940254211,0.10611705482006073,0.536056637763977,0.22943389381532178,0.23959337672955242,-0.133838630185487
3196,1623510966.159898,0.0,0.001139563275501132,-0.04816166311502457,-0.014932673424482346,-0.02510227773557147,-0.7950972496731221,1.4461363717664781,-0.0985054299235344,-0.3338371813297272,0.7938506007194519,-0.010688611418798545,0.039752779315452735,-0.06655332791648337
3197,1623510966.170089,0.0,-0.0015931858215481043,-0.050448160618543625,-0.01354961097240448,-0.026062204300235578,-0.7957146255261276,1.4465754654568752,0.019738923758268356,-0.2166580855846405,-0.3566350042819977,-0.11130660034023193,-0.07899607509184893,0.03372088859417817
3198,1623510966.1799765,0.0,-0.00472360709682107,-0.04748831316828728,-0.018667852506041527,-0.02545351343977073,-0.794580556982618,1.4463773959383703,-0.2593603730201721,0.46298062801361084,-0.5707531571388245,-0.03819074497802284,0.004375782391617963,0.020060048656139133
3199,1623510966.1899517,0.0,-0.006662032101303339,-0.042390815913677216,-0.023502357304096222,-0.024305704543643745,-0.7932224511388932,1.4457413787367166,-0.07400435209274292,0.4874817132949829,-0.4173550605773926,0.07913082715888535,0.12130362241685735,-0.037389984546311344
3200,1623510966.199911,0.0,-0.008574861101806164,-0.03703808784484863,-0.024799862876534462,-0.023005156818349613,-0.7923345688059489,1.444948593360105,0.06021897494792938,0.5002649426460266,0.018338100984692574,0.12359129196665912,0.12192212836014434,-0.07151297676076074
3201,1623510966.2891927,0.0,-0.020596249029040337,-0.00973390880972147,-0.015471845865249634,-0.017882051873470407,-0.7912395278339941,1.4428241309084424,-0.04524220898747444,0.2978646457195282,0.046034976840019226,0.45386681079435437,0.1926778350865958,-0.037657159766338856
3202,1623510966.2989829,0.0,-0.021410254761576653,-0.006892543751746416,-0.015136457979679108,-0.009106580139962295,-0.7997164006556842,1.4494562021014448,-0.026067446917295456,0.2275571972131729,0.04177391901612282,0.45246049764276913,0.17972271270436524,-0.02441385999433776
3203,1623510966.3091056,0.0,-0.021842826157808304,-0.005640424322336912,-0.01446378231048584,-0.00857494526798222,-0.7955535484272966,1.4502677473753953,0.20935599505901337,-0.14528536796569824,0.17919303476810455,0.4512677510868822,0.17585310551111163,-0.02144483624693177
3204,1623510966.3190775,0.0,-0.021604545414447784,-0.006701832637190819,-0.011696994304656982,-0.008854858063985505,-0.7959960519346723,1.4516881434777034,-0.508632242679596,0.26803725957870483,0.21541203558444977,0.20345819616782562,0.1726360198515256,0.05772851175979005
3205,1623510966.328922,0.0,-0.020713210105895996,-0.007335845846682787,-0.010041959583759308,-0.009021189067799473,-0.7961623069058803,1.4516577967939683,0.22959601879119873,-0.2901613414287567,0.24950049817562103,0.0006088487132991718,-0.0004273804789127062,0.06094510808752163
3206,1623510966.3390207,0.0,-0.02076653763651848,-0.0070342374965548515,-0.00877818837761879,-0.008762948507348406,-0.7959360254113024,1.451584668435017,0.3606235682964325,-0.5831090807914734,0.13338667154312134,0.00948235055322709,0.011717525817366077,-0.003267288650250327
3207,1623510966.3488798,0.0,-0.019069353118538857,-0.0069104768335819244,-0.0077275969088077545,-0.008271508732299843,-0.7964880497912445,1.4515581655742182,0.3425140678882599,0.10398653149604797,0.08758029341697693,0.027290288007459005,-0.012517677535267481,-0.007930806541923107
3208,1623510966.3589756,0.0,-0.014986935071647167,-0.0017596099060028791,-0.007092613726854324,-0.006528042283986596,-0.7966806335976981,1.4512731120866813,0.1294611692428589,0.8113220930099487,0.19730253517627716,0.09598873487330799,-0.051454410675747665,-0.012389020340487647
3209,1623510966.3689773,0.0,-0.012452382594347,0.00044011889258399606,-0.004965424537658691,-0.005521120006694302,-0.796150251406621,1.450795257025829,-0.12407178431749344,0.13700972497463226,0.16108353435993195,0.14250197116805044,0.0005367490231188537,-0.03522471593453478
3210,1623510966.3791175,0.0,-0.008601875975728035,0.00021313849720172584,-0.002204485237598419,-0.005171986364009368,-0.795386974861394,1.4505803637833825,0.16248436272144318,-0.32638031244277954,0.15469194948673248,0.08718517447141294,0.05522491318387646,-0.03716723459411687
3211,1623510966.4758172,0.0,-0.008345731534063816,0.01397566869854927,0.005891382694244385,0.0002052345363302288,-0.7896270007319937,1.4502061936695785,-0.11981072276830673,0.27336356043815613,-0.3289381265640259,0.21964838924837085,0.09654014495074538,-0.028950396519073877
3212,1623510966.4857817,0.0,-0.018110914155840874,0.021433016285300255,0.0034666284918785095,0.0028231481601204422,-0.7843601870423936,1.4489366317393486,-0.9762833118438721,0.1913382112979889,-0.02320721372961998,0.32017570137588336,0.3068398399955394,-0.08090624856646958
3213,1623510966.4959338,0.0,-0.021799052134156227,0.022142602130770683,0.0054359398782253265,0.0034163778677812964,-0.7827980265781593,1.4489834506174124,-0.32753729820251465,-0.2667255103588104,0.5435134768486023,0.17722060614178212,0.3573955543495648,-0.0713761930933133
3214,1623510966.505736,0.0,-0.02513863332569599,0.015660695731639862,0.01406930387020111,0.0018101674833160206,-0.7829884136116783,1.4499250084656716,-0.7994494438171387,-0.7844440340995789,1.1006468534469604,-0.02559299862340554,0.09263705980059099,0.03655441876896891
3215,1623510966.5157032,0.0,-0.030354969203472137,0.011603017337620258,0.019000839442014694,0.000906680025126741,-0.7825985350918621,1.4503916237129373,-0.007957951165735722,-0.15380747616291046,-0.2405211627483368,-0.13128468843648655,0.014991280767175524,0.0723841421379825
3216,1623510966.5257182,0.0,-0.03470661863684654,0.012225296348333359,0.015054211020469666,0.0016371242061377078,-0.7805331568595578,1.4500779190291044,-0.2710782587528229,0.3852163255214691,-0.47807514667510986,-0.034306457922482915,0.10728551914589524,0.017505033015701523
3217,1623510966.535565,0.0,-0.038836438208818436,0.017597775906324387,0.009968224912881851,0.0038140315686564646,-0.7785828872367733,1.449750982348689,-0.2923835515975952,0.5929428935050964,-0.23732537031173706,0.1307668526064391,0.19302744047336648,-0.02975724165984455
3218,1623510966.545946,0.0,-0.04046284779906273,0.020043499767780304,0.010910090059041977,0.004938053980110265,-0.7770827794888838,1.4492068142620464,-0.16561709344387054,-0.06112946197390556,0.23139099776744843,0.17636092065820186,0.1698523664398736,-0.0404781538636829
3219,1623510966.5559142,0.0,-0.04103764891624451,0.018014347180724144,0.01566898822784424,0.004578168385071996,-0.775971658528162,1.4488960287675274,0.04743580147624016,-0.3050750195980072,0.5019681453704834,0.05791370568590543,0.13499950942172625,-0.04427373668156291
3220,1623510966.5657604,0.0,-0.04266388714313507,0.016302548348903656,0.019423287361860275,0.004436809527656009,-0.7751057816502683,1.4487344812840475,-0.08785279095172882,-0.008931506425142288,0.0843845009803772,-0.023662794596472168,0.10741214188697765,-0.030485841499321056
3221,1623510966.6593084,0.0,-0.04875970631837845,0.005987151060253382,-0.0015618987381458282,0.004954046410439519,-0.7756826784829247,1.4486270226528393,0.15076646208763123,0.06883279979228973,-0.250108540058136,-0.0443250567898438,0.024861945370360274,-0.03582053653106765
3222,1623510966.6696405,0.0,-0.04758227989077568,0.005524185486137867,-0.003183238208293915,0.005487638273320952,-0.7740292716715794,1.4502830405709655,-0.15709497034549713,0.007047460414469242,-0.07007884234189987,-0.011218696862589552,0.153247263952464,0.05295883437430857
3223,1623510966.679468,0.0,-0.04470253363251686,0.006510043051093817,-0.005007553845643997,0.006468465602578605,-0.7748676677415277,1.4511011882686307,0.5193479657173157,-0.44675520062446594,-0.03492512181401253,0.07825365684463709,0.07129164817666132,0.12198692914383541
3224,1623510966.689676,0.0,-0.04254751279950142,0.008655459620058537,-0.00611497089266777,0.006972755732667049,-0.7752307879305027,1.4512046615781764,-0.14750759303569794,-0.13463272154331207,-0.13932102918624878,0.07786146103254747,-0.06092877915317203,0.05652744074611654
3225,1623510966.699667,0.0,-0.038850121200084686,0.010529940947890282,-0.007627394050359726,0.007380943923713121,-0.7761207314730894,1.4515797793761878,0.6194828152656555,-0.04408523440361023,-0.17873582243919373,0.04514542843295912,-0.07018370110753408,0.026767200483259115
3226,1623510966.7094433,0.0,-0.03435181826353073,0.00922392774373293,-0.011491026729345322,0.007289059347853927,-0.7765058001896545,1.4511513730772179,0.08578531444072723,0.3308878540992737,-0.425877183675766,0.007432631323266201,-0.06728670529243054,-0.0022011483840515375
3227,1623510966.7193625,0.0,-0.03121551126241684,0.0072235241532325745,-0.014905210584402084,0.006280351382846397,-0.7762894224168362,1.4509035300720885,0.47460684180259705,-0.2965529263019562,-0.4056371748447418,-0.04831882680261991,-0.006186512157232869,-0.03557059848606575
3228,1623510966.7295601,0.0,-0.025508515536785126,0.007351122796535492,-0.018966088071465492,0.006860224537675416,-0.7761121979959277,1.4509398860662321,0.17207174003124237,0.2936035990715027,-0.4663572311401367,-0.02559077186567909,0.020540160069250326,-0.014073294016489027
3229,1623510966.7394433,0.0,-0.01922760158777237,0.009041586890816689,-0.023135457187891006,0.007923620389376176,-0.7760803267839328,1.4509181306882013,0.9358663558959961,0.23927511274814606,-0.4706183075904846,0.0729823137786842,0.020671976979307706,-0.002310569199549431
3230,1623510966.7496886,0.0,-0.015282021835446358,0.012998403050005436,-0.027098895981907845,0.00883330489862863,-0.7762190089415326,1.451398068829243,0.15928857028484344,0.5109175443649292,-0.35876554250717163,0.10194229054121166,0.0022667753808147634,0.021563547974530445
3231,1623510966.8480704,0.0,7.731588266324252e-05,0.0073531088419258595,-0.05584939196705818,0.009001154800083455,-0.7771431743238926,1.4555620207692477,0.34464457631111145,-0.5735216736793518,-1.2546528577804565,-0.0035721720727564217,-0.2704291553466415,0.08630176133302146
3232,1623510966.8581228,0.0,-0.0019080780912190676,-8.263040945166722e-05,-0.06586886942386627,0.007263327981159168,-0.7759642289688922,1.4561149202982369,0.03358736261725426,-0.9474294781684875,-0.6815406680107117,-0.13495174937539559,-0.22149049020133177,0.09425397287625648
3233,1623510966.8680956,0.0,-0.005044263321906328,-0.002314011799171567,-0.07104930281639099,0.00689268040849355,-0.7739377585515816,1.456293318115303,-0.5267417430877686,0.1540539562702179,-0.6059069037437439,-0.12618293036829173,0.13574210259670014,0.039605111699025544
3234,1623510966.878084,0.0,-0.010565859265625477,0.0021658630575984716,-0.07725156098604202,0.008564918541605744,-0.7722022516186043,1.4564454462303378,-0.17520447075366974,0.4874817132949829,-0.5324036478996277,0.03831938030519378,0.19819163582314567,0.014067101803208484
3235,1623510966.8884604,0.0,-0.01573055237531662,0.007874628528952599,-0.07859663665294647,0.01059569355061489,-0.7718669380000486,1.4564131817659651,-0.6087670922279358,0.8411495089530945,0.18025830388069153,0.17420015125711663,0.11157161760121977,0.005034488468133245
3236,1623510966.898399,0.0,-0.021105099469423294,0.01203323993831873,-0.07609681785106659,0.012073075675924881,-0.7715596472523429,1.4563863268646915,-0.32221096754074097,0.2424709051847458,0.3315258324146271,0.1865552425169781,0.03152970595760339,-0.0036286292075739662
3237,1623510966.908187,0.0,-0.023051101714372635,0.008399218320846558,-0.07037612795829773,0.011117074662544718,-0.7706219308054465,1.4560496421232354,0.1102863997220993,-0.8004230260848999,0.8641580939292908,0.05917825382006585,0.06055537885223947,-0.017220911593893082
3238,1623510966.9184222,0.0,-0.02587299607694149,0.0022081260103732347,-0.06213442236185074,0.009320885811839957,-0.7699259513941561,1.455788981575778,-0.62900710105896,-0.4243846535682678,0.24950049817562103,-0.12602009160275543,0.07601254007710231,-0.030077495965676413
3239,1623510966.9280205,0.0,-0.02692275121808052,-0.0009950902312994003,-0.06657259911298752,0.008726209917337427,-0.7692410559430654,1.4553068370310427,0.03358736261725426,-0.2827044725418091,-0.572883665561676,-0.13180317011710085,0.06997114065471609,-0.03865873055375249
3240,1623510966.9381046,0.0,-0.028572890907526016,0.0005378286587074399,-0.07167211920022964,0.009430498415299686,-0.7690244580994035,1.454758705141867,0.16994121670722961,0.36071527004241943,-0.5366646647453308,-0.013254452740259166,0.0640874594587235,-0.05189879146191972
3241,1623510967.0276096,0.0,-0.03499985113739967,0.0012400709092617035,-0.06724664568901062,0.009343655633734238,-0.7702930197837524,1.4527964893868666,0.051696859300136566,-0.28803080320358276,0.10462452471256256,0.041533975918480265,0.0408946470282872,-0.04275033040026016
3242,1623510967.0373564,0.0,-0.034151654690504074,-0.0007890423876233399,-0.06370282173156738,0.00858241989197879,-0.7701821685929146,1.453073541633716,-0.5555039048194885,0.31384360790252686,0.3911806344985962,-0.003458918426575767,0.02429543406600773,0.019835818232975023
3243,1623510967.0475056,0.0,-0.03302264213562012,-0.0032015438191592693,-0.059671685099601746,0.007807316864678546,-0.7709846554792875,1.4530578008979609,0.07300214469432831,-0.5117363333702087,0.44337859749794006,-0.059948744851332565,-0.030009435253778884,0.016379984262938567
3244,1623510967.0574596,0.0,-0.030722370371222496,-0.0051591657102108,-0.05772040784358978,0.0073610058153351365,-0.7711409315327197,1.4528044664761233,0.6972471475601196,-0.4105361998081207,0.19836780428886414,-0.05851583797866258,-0.03311326728671527,-0.014329813138385472
3245,1623510967.0674577,0.0,-0.028338389471173286,-0.0030524174217134714,-0.05509820953011513,0.008251970481615481,-0.7712283609085563,1.452755226985278,0.4756721258163452,0.03580959886312485,0.32300370931625366,0.004733252936951863,-0.01370154691818169,-0.01721161532998753
3246,1623510967.077386,0.0,-0.02534003183245659,-0.0033755034673959017,-0.05189676210284233,0.008850837319768212,-0.7707029457328228,1.4525663792680823,0.5853943824768066,-0.02277994528412819,0.4604228436946869,0.06919495697107826,0.011006036971766216,-0.010017510089169668
3247,1623510967.0877135,0.0,-0.01929125003516674,-0.005750755779445171,-0.048085231333971024,0.00802412134374017,-0.7704151706009094,1.4523991846388942,0.691920816898346,-0.4435594081878662,0.36881008744239807,0.0029341866733882936,0.050032102419287745,-0.01777242044400957
3248,1623510967.0972512,0.0,-0.01761951670050621,-0.008429101668298244,-0.04356418922543526,0.007471825144118274,-0.7688222320921169,1.4523964293088851,0.6706154942512512,-0.6065448522567749,0.34111320972442627,-0.059926434141114135,0.10619732725339252,-0.012790458618007434
3249,1623510967.1072264,0.0,-0.014087322168052197,-0.012596428394317627,-0.04029694199562073,0.006715360050304792,-0.7674892099101857,1.4525694083523204,0.04210947826504707,-0.510671079158783,0.39224591851234436,-0.07052804196793197,0.1399116055256068,0.005945730890853839
3250,1623510967.1172192,0.0,-0.011886156164109707,-0.016265496611595154,-0.037134867161512375,0.006611246401634033,-0.7667804785795411,1.453370762129372,0.23172655701637268,-0.43184149265289307,0.28571945428848267,-0.04845070107585026,0.10448040203417382,0.050284951400977204
3251,1623510967.2071486,0.0,0.0043550096452236176,-0.007785400841385126,-0.027363646775484085,0.009208242432798934,-0.764896042671079,1.4538255558004076,-0.2284676879644394,-0.08136948943138123,0.08331923931837082,0.08744708006376149,-0.1593429950083348,0.06050477837171204
3252,1623510967.2166553,0.0,-0.0006073580007068813,-0.008165569044649601,-0.026660913601517677,0.00901651210351722,-0.7632303981569712,1.453621999616014,-0.3808005154132843,0.07415912300348282,0.06520973891019821,0.08618274428767504,-0.12353912756224081,0.012679403425015572
3253,1623510967.22682,0.0,-0.004741775803267956,-0.010283534415066242,-0.025299586355686188,0.008275296529856459,-0.7616782367474125,1.4533818417034876,-0.4180847704410553,-0.34022876620292664,0.21115097403526306,-0.03515528160531668,0.1586566843609478,-0.023424086791499463
3254,1623510967.2367842,0.0,-0.008883009664714336,-0.015291908755898476,-0.022896258160471916,0.0066877746929054765,-0.7606581874183185,1.4531004750682857,-0.1400507390499115,-0.4861699938774109,0.1589530110359192,-0.10664395794756552,0.142583305769937,-0.02813399160799837
3255,1623510967.2467246,0.0,-0.012810674495995045,-0.018307141959667206,-0.02422318421304226,0.005706075042218074,-0.7608769311303367,1.4528117217866146,-0.29025304317474365,-0.2635297179222107,-0.33106866478919983,-0.137976158889507,0.05126629761116418,-0.02932234943674567
3256,1623510967.2567463,0.0,-0.016394121572375298,-0.017811324447393417,-0.0286062303930521,0.005782917384215477,-0.7600606802891698,1.4523526565589981,-0.11341913789510727,0.23501405119895935,-0.5164246559143066,-0.06547913300926572,0.029772100139834386,-0.0384546200034235
3257,1623510967.2669172,0.0,-0.01926828734576702,-0.012823003344237804,-0.03368396311998367,0.007198001547599697,-0.7593888022184035,1.4517999960510601,-0.23059821128845215,0.611052393913269,-0.39924558997154236,0.058966165500758984,0.07110786639156205,-0.051068244693936435
3258,1623510967.276813,0.0,-0.021146871149539948,-0.007925116457045078,-0.03683106601238251,0.00853796431103318,-0.7593088337871398,1.4513434084347914,-0.05269905924797058,0.464045912027359,-0.2575654089450836,0.1379360644990564,0.038179505468118144,-0.05194671946585044
3259,1623510967.2869616,0.0,-0.023029573261737823,-0.006978149991482496,-0.038131143897771835,0.008685823041008886,-0.7588608864567234,1.4507713289334219,-0.03458956256508827,-0.147415891289711,-0.02640300616621971,0.09270523517074035,0.02551522573122609,-0.05274870980023914
3260,1623510967.2970185,0.0,-0.02467765472829342,-0.010022596456110477,-0.03737133741378784,0.007767197852426862,-0.7579589863151603,1.4499562091209894,-0.12087598443031311,-0.37751302123069763,0.025794953107833862,-0.023900556688849273,0.06178955117929377,-0.06953733809532142
3261,1623510967.3870528,0.0,-0.03005390241742134,-0.004878512583673,-0.05558937415480614,0.006418056005056044,-0.7647667116216645,1.4504791293110384,1.0434579849243164,0.20305611193180084,0.04923076927661896,-0.024643591975938003,0.08802657895231017,-0.05802864650414086
3262,1623510967.3974984,0.0,-0.031125836074352264,-0.0017097179079428315,-0.054211124777793884,0.007137170158138806,-0.764694767169409,1.4502992215325716,0.14650540053844452,0.02728748321533203,0.3261995315551758,0.08416053049564713,0.0491355879983527,-0.010029460338897633
3263,1623510967.4071305,0.0,-0.0261241365224123,0.0020197967533022165,-0.05310763418674469,0.007940185857528911,-0.7662529213016526,1.4501590366622414,0.05702317878603935,-0.03662838414311409,0.060948681086301804,0.07326473903076414,-0.10021006803099777,-0.01099701724727914
3264,1623510967.417447,0.0,-0.02011030912399292,0.004101609345525503,-0.05481117591261864,0.008132375858596746,-0.7673947860648151,1.4498270639462274,0.5023037195205688,0.4139784872531891,-0.18086634576320648,0.04253672437844639,-0.13208904775452848,-0.027769652389689144
3265,1623510967.427124,0.0,-0.013980803079903126,0.007222943939268589,-0.056616514921188354,0.008526033822916501,-0.7680038155513196,1.449503537805656,1.0786117315292358,0.09652967751026154,-0.138255774974823,0.0396219007525892,-0.0684956796616346,-0.03626967285323078
3266,1623510967.4371777,0.0,-0.0075120702385902405,0.013559260405600071,-0.05842500925064087,0.009809186191679475,-0.7677998760248231,1.4494190392126907,0.8314704298973083,0.10398653149604797,-0.05090408772230148,0.0935428645722331,-0.022250978237704947,-0.024782825467379452
3267,1623510967.4472766,0.0,0.0013693973887711763,0.019846798852086067,-0.05925532802939415,0.011108948628376303,-0.7678899866443877,1.4494395414632733,0.2583581805229187,1.1362277269363403,-0.22773797810077667,0.11430936911542493,-0.007002156801105397,-0.0013599122114988616
3268,1623510967.4575636,0.0,0.00732385041192174,0.025844525545835495,-0.0602705255150795,0.012064535772824583,-0.7675498008011801,1.4497964607974145,1.0338705778121948,0.3958689868450165,0.032186537981033325,0.1192579085318356,0.024065442998047228,0.017348380047325127
3269,1623510967.467177,0.0,0.012428376823663712,0.032787542790174484,-0.060759782791137695,0.013278164470858098,-0.7669761415727444,1.4503915213864018,0.5268048048019409,0.4448711574077606,-0.06368725746870041,0.12388223826321133,0.056977227791931234,0.042961839309400764
3270,1623510967.4772835,0.0,0.017488760873675346,0.03854756057262421,-0.06083375960588455,0.013789817349290703,-0.7669855522618746,1.4509281220472814,0.402168869972229,0.788951575756073,-0.10416730493307114,0.08690047056141874,0.027946688028675306,0.059680374816281724
3271,1623510967.5725195,0.0,-0.00982072576880455,0.03784925490617752,-0.09681609272956848,0.014381687402974193,-0.7636944893706594,1.4533743910204762,-0.7025103569030762,-0.2667255103588104,-1.1438653469085693,0.04758102757670073,0.30112262035776316,0.05588283355190343
3272,1623510967.5825543,0.0,-0.013380756601691246,0.03694336116313934,-0.10477741062641144,0.01467395270860685,-0.7649118719275294,1.4535773799171547,-0.8644305467605591,-0.16019906103610992,-0.585666835308075,0.03263419981382897,0.2510486284809129,0.04002577534640783
3273,1623510967.5923812,0.0,-0.0224339310079813,0.03806888312101364,-0.10830160975456238,0.015682705487681133,-0.7643960741777353,1.4536795181289666,-0.31475409865379333,0.213708758354187,-0.1840621381998062,0.054318134859861394,-0.03666772370823648,0.019210788493830223
3274,1623510967.6026268,0.0,-0.02576676942408085,0.038235973566770554,-0.10963082313537598,0.016411237188217465,-0.7641383936148763,1.4534146829341081,-0.47987011075019836,-0.07604316622018814,-0.05090408772230148,0.08732679171035389,0.023955024238032405,-0.0049566757655343345
3275,1623510967.612392,0.0,-0.029139922931790352,0.03803152218461037,-0.10925328731536865,0.017041689318862543,-0.7634710271061259,1.4529456440217996,0.08578531444072723,0.03474433347582817,0.01407704409211874,0.07448998945128471,0.06204298197597843,-0.03711534833462705
3276,1623510967.622467,0.0,-0.03033687174320221,0.039863038808107376,-0.1091843917965889,0.01819727246758234,-0.7638048901249784,1.452687074982069,-0.1858571171760559,0.16470658779144287,0.04177391901612282,0.08767843538938938,0.025672946929067332,-0.041666043852843636
3277,1623510967.6326492,0.0,-0.030809564515948296,0.04036731645464897,-0.1091838926076889,0.018965187008987344,-0.7638785185426322,1.4525767619156251,0.24664026498794556,-0.03556311875581741,-0.12973365187644958,0.09965625908370933,-0.021371474412771697,-0.02238903609701248
3278,1623510967.6427474,0.0,-0.03018895909190178,0.03855932876467705,-0.11125454306602478,0.019047180075024366,-0.7643103611673441,1.4524248995722218,0.14544013142585754,-0.23370231688022614,-0.16062632203102112,0.0513969200641002,-0.023186166775118488,-0.0138340536866172
3279,1623510967.6524372,0.0,-0.03044000267982483,0.037771183997392654,-0.11220307648181915,0.019458437191580146,-0.7644875241365652,1.452196164661041,0.189115971326828,-0.20707069337368011,-0.05196935310959816,0.025913309039923397,-0.032325823998780596,-0.018517260358648844
3280,1623510967.662408,0.0,-0.02994147501885891,0.03633149713277817,-0.11302569508552551,0.019604901138835527,-0.7649362618084882,1.4518449785267147,0.05276212468743324,-0.15913379192352295,-0.09031887352466583,0.027569203021193978,-0.03481569977374802,-0.028110946317745744
3281,1623510967.7551749,0.0,-0.031262367963790894,0.025524044409394264,-0.12564949691295624,0.019552910999670076,-0.7641930879505809,1.4516459735127083,-0.2700130045413971,0.01130851823836565,-0.1244073361158371,-0.09353779114387013,-0.0265704260511763,-0.01740249303650745
3282,1623510967.765007,0.0,-0.026199566200375557,0.022898107767105103,-0.12624599039554596,0.01895834023672946,-0.7658030188472109,1.4516272526155776,-1.1680309772491455,0.6494019031524658,0.2186078280210495,-0.16522271749613288,-0.08555518893044836,0.0014416888246256106
3283,1623510967.774934,0.0,-0.022886620834469795,0.02345622144639492,-0.12360343337059021,0.019708406851311255,-0.7667762594514193,1.4515104859803518,0.8453188538551331,-1.1189370155334473,0.11953822523355484,0.020100873825434233,-0.12012309000790872,-0.013769401378181322
3284,1623510967.7850518,0.0,-0.01774575375020504,0.020534763112664223,-0.12052533030509949,0.019664738139633285,-0.7664035595135934,1.4515301672231735,-0.8218200206756592,0.2691025137901306,0.548839807510376,0.024840539604771582,-0.06659568066560977,-0.00602142913257445
3285,1623510967.7952487,0.0,-0.008822320960462093,0.015435902401804924,-0.11490945518016815,0.018348945235171513,-0.7674173275883189,1.451754673068651,-0.8250157833099365,-0.060064200311899185,0.7310000061988831,-0.07455465200294994,-0.05234625173586122,0.009732205591481488
3286,1623510967.8049185,0.0,-0.00552867166697979,0.010341417044401169,-0.11091288924217224,0.017397895315003686,-0.7662625497507165,1.4520824235523662,1.5409364700317383,-0.8856441378593445,0.06201394274830818,-0.09408541547838661,0.05168267627926151,0.023464014321086104
3287,1623510967.814947,0.0,-0.004416857846081257,0.007136726751923561,-0.10710731148719788,0.017483372309868815,-0.7644285777507246,1.452333317162644,0.8197525143623352,-0.04301996901631355,0.5871893167495728,-0.05574015326827561,0.1471830293086138,0.027144308247731473
3288,1623510967.824949,0.0,-0.0007259942940436304,0.0026866670232266188,-0.10289313644170761,0.01684468274320003,-0.7644657822203104,1.452997755181956,-0.0612211748957634,-0.44142886996269226,0.31448161602020264,-0.04271238142812215,0.06416401580305278,0.04660070369278256
3289,1623510967.8348656,0.0,0.004068325739353895,0.00033464768785052,-0.09841020405292511,0.01720077958866062,-0.7645688077751893,1.4538059300430202,-0.6034407615661621,0.5290270447731018,0.4039638340473175,-0.024040446879624467,-0.006042642322916335,0.07578895404256215
3290,1623510967.8450584,0.0,0.009998248890042305,-0.0028964129742234945,-0.09346957504749298,0.015468699816803086,-0.7640888428121704,1.4534978491425328,0.9561063647270203,-0.6065448522567749,0.5744061470031738,-0.0029999790446354506,0.0577683453332391,0.038110078182481175
3291,1623510967.933485,0.0,-0.018216729164123535,-0.0011791615979745984,-0.06747233867645264,0.015705279052908375,-0.7623220211924071,1.4582757936432835,-0.7792094349861145,-0.23370231688022614,-0.21921586990356445,-0.03264679760779317,0.3492299068492334,-0.017944118912794554
3292,1623510967.9433558,0.0,-0.027375463396310806,-0.003229783847928047,-0.06988426297903061,0.015142081037112946,-0.7615938808267504,1.4573600828795459,-0.5608301758766174,-0.26139917969703674,-0.25117382407188416,-0.017085086999091864,0.37457115620778164,-0.057302880839097806
3293,1623510967.9536867,0.0,-0.03510469198226929,-0.006291407626122236,-0.07303961366415024,0.014141739621637783,-0.7626511280109266,1.4573653179384933,-0.6013102531433105,-0.27844342589378357,-0.35876554250717163,-0.07457243262042763,0.009019679963413308,-0.055129265999664535
3294,1623510967.9633908,0.0,-0.04085906967520714,-0.009061814285814762,-0.07692215591669083,0.013205105722027106,-0.7633017229290573,1.4572252244455886,-0.3850615620613098,-0.21133175492286682,-0.4162898063659668,-0.09461272526469387,-0.09776115444644984,-0.010962254846400149
3295,1623510967.9734535,0.0,-0.04387158155441284,-0.010484859347343445,-0.08160866051912308,0.012850147604253043,-0.7616634366586855,1.4561741124867627,-0.13365915417671204,0.01130851823836565,-0.5206857323646545,-0.07409800047381701,0.02174654111597813,-0.05218811698383485
3296,1623510967.9833913,0.0,-0.044436000287532806,-0.010156228207051754,-0.08771909028291702,0.01290093553271407,-0.7606034478048034,1.4548467986948357,0.10389481484889984,0.06244121119379997,-0.6069721579551697,-0.023231165562848665,0.1319705658683138,-0.11286209469338901
3297,1623510967.993598,0.0,-0.044790588319301605,-0.008901969529688358,-0.09314121305942535,0.013168576648761643,-0.7608430442867953,1.4542729270689263,0.06554529070854187,0.1955992579460144,-0.44079089164733887,0.012975835569451363,0.056571775687826564,-0.10306261593285848
3298,1623510968.0034418,0.0,-0.045037075877189636,-0.008504224009811878,-0.09740008413791656,0.013086203762714205,-0.7617967234138551,1.4541352186532253,0.1060253456234932,0.02728748321533203,-0.3939192593097687,0.010480016937977175,-0.0497610492857524,-0.04306034171650726
3299,1623510968.0136032,0.0,-0.045433949679136276,-0.010177410207688808,-0.10096876323223114,0.012475456525878233,-0.7618683495189893,1.4536036704228152,-0.03885062038898468,-0.1335674524307251,-0.3523739278316498,-0.028178244710568817,-0.057802530992777566,-0.03020453904546621
3300,1623510968.0236266,0.0,-0.045824773609638214,-0.013073896057903767,-0.10471002757549286,0.011571946828423788,-0.7617751954623491,1.4528551063302215,0.051696859300136566,-0.2901613414287567,-0.3875276744365692,-0.06907224610740506,-0.005567957339203563,-0.0605664327802261
3301,1623510968.1151924,0.0,-0.02704271860420704,0.007656838744878769,-0.12131212651729584,0.009334556254873172,-0.7654388218334065,1.4585593989376373,0.3563624918460846,1.1596635580062866,-0.12973365187644958,0.11286054051830667,-0.17477852826608234,-0.04586463108655874
3302,1623510968.1250486,0.0,-0.019799454137682915,0.010942946188151836,-0.12261424958705902,0.009180020827579682,-0.766304997804824,1.458319135350603,0.7430534958839417,-0.046215761452913284,-0.2032369077205658,0.21656509956330183,-0.24112240797031753,-0.016544994800332963
3303,1623510968.1349583,0.0,-0.012840100564062595,0.01784113608300686,-0.12399473786354065,0.009830800511839821,-0.7665576099310073,1.4585420542775869,0.2807287275791168,0.5237007141113281,0.0012938702711835504,0.036293090937362736,-0.05762391116295971,-0.0008115258375380614
3304,1623510968.1450462,0.0,-0.005531477276235819,0.025494838133454323,-0.1253681480884552,0.01136823103523106,-0.7660195373179386,1.458328343208738,0.3233392834663391,1.1223793029785156,-0.14145156741142273,0.083423572509352,0.020895978399562268,0.003976466058439539
3305,1623510968.1551347,0.0,0.00021511151862796396,0.032005053013563156,-0.12593714892864227,0.011945260668879881,-0.7649077375680253,1.458596648604844,0.45117104053497314,0.8091915845870972,-0.10523257404565811,0.10613280146516381,0.0734540119185985,0.0003018329426074447
3306,1623510968.1654668,0.0,0.0060507142916321754,0.03877644240856171,-0.12615476548671722,0.01250957383323334,-0.7638561022107435,1.4591756564908516,0.1422443389892578,0.7005346417427063,0.027925480157136917,0.0679910531570022,0.0972916355726873,0.042369022030490096
3307,1623510968.1751785,0.0,0.011485469527542591,0.04535379633307457,-0.12603336572647095,0.012934730031844768,-0.7636449340697472,1.4597889290365385,0.6312007308006287,0.464045912027359,-0.07007884234189987,0.05737812941292376,0.07894029254506438,0.06333050840856995
3308,1623510968.1852694,0.0,0.01414834801107645,0.053098633885383606,-0.12623494863510132,0.014040988388043199,-0.7627117865634537,1.4602720558976046,0.49804267287254333,1.1223793029785156,-0.049838822335004807,0.06969234055038402,0.06971519491010153,0.057501340692713794
3309,1623510968.1949816,0.0,0.01766212098300457,0.05437828227877617,-0.12601695954799652,0.013212080866174754,-0.7621224469909609,1.4605136245531376,-0.7973189353942871,0.19666452705860138,0.4519007205963135,0.02823478030927176,0.0737019962500357,0.039954320684496926
3310,1623510968.2051814,0.0,0.014202665537595749,0.04929632321000099,-0.12481345236301422,0.011203420819963266,-0.7580828269695711,1.4631045793766635,-0.18798764050006866,-1.8401211500167847,-0.08605781197547913,-0.11055720369425491,0.20663135895802892,0.12922422777178105
3311,1623510968.2961495,0.0,-0.011977183632552624,0.05642236769199371,-0.1600135713815689,0.0172481963121454,-0.7590506411256525,1.4663349957862593,-0.38825735449790955,0.14233604073524475,-0.30763283371925354,0.08882633754544708,0.5533834964494474,0.1266611456866739
3312,1623510968.3060274,0.0,-0.015503725036978722,0.05754604563117027,-0.1624351590871811,0.018261902690608293,-0.7586380116322463,1.465734683876439,-0.03565482795238495,0.029418013989925385,-0.16701790690422058,0.24448643254818753,0.40601298983825174,-0.02667765497699773
3313,1623510968.3159893,0.0,-0.01876097545027733,0.05666755512356758,-0.16442276537418365,0.018453198550418742,-0.7590542736729102,1.4655207639529488,-0.06761276721954346,-0.1751127690076828,-0.4013760983943939,0.0710394581005324,0.010531183567701427,-0.04475552989368618
3314,1623510968.3261516,0.0,-0.021278677508234978,0.05451345443725586,-0.16884104907512665,0.018458626346659422,-0.7587035122853729,1.465236739813644,-0.09744016826152802,-0.221984401345253,-0.3640918433666229,0.015616040597991262,-0.012502867514165525,-0.0269966590543654
3315,1623510968.3362086,0.0,-0.022917484864592552,0.05411802604794502,-0.17192649841308594,0.019008959913917853,-0.7581301401792326,1.4644547252432465,-0.02819797582924366,-0.03236732631921768,-0.27034857869148254,0.021621142928241147,0.04293242428041757,-0.05231037583628362
3316,1623510968.3461397,0.0,-0.023901555687189102,0.05370526388287544,-0.1745726764202118,0.01942108240799103,-0.757742880732495,1.4635849357757675,0.06767582148313522,-0.07710842788219452,-0.2639569938182831,0.04670617677709035,0.049463385833641654,-0.08632560215633563
3317,1623510968.355975,0.0,-0.024862226098775864,0.053312886506319046,-0.17745384573936462,0.019860046120941745,-0.7581269522728743,1.4628423545739908,-0.05802537873387337,-0.07071684300899506,-0.2724791169166565,0.04563689162311997,0.0047063338215722,-0.08425997436279865
3318,1623510968.3662782,0.0,-0.026362642645835876,0.05241711065173149,-0.18021997809410095,0.020111994608461466,-0.759019606034758,1.4626398478266462,-0.06015590950846672,-0.09734845161437988,-0.27460962533950806,0.035359067149548555,-0.057737472515214994,-0.049072515240281805
3319,1623510968.375995,0.0,-0.02788621187210083,0.05116366967558861,-0.18291594088077545,0.020275241895357066,-0.7596526970030273,1.4623913996645592,-0.0931791141629219,-0.16019906103610992,-0.2671527862548828,0.021771352868931875,-0.08074377651092751,-0.024236277972628836
3320,1623510968.386146,0.0,-0.02891598641872406,0.049479931592941284,-0.1855677366256714,0.02032740320449274,-0.7602126614354732,1.4620514072690483,-0.04630747064948082,-0.17830856144428253,-0.25969594717025757,0.010193882527907374,-0.066705599148851,-0.028088708580465055
3321,1623510968.4852355,0.0,-0.010363114066421986,0.031900547444820404,-0.19608938694000244,0.019419340784113337,-0.761699565669667,1.4677179753697411,0.20616020262241364,0.08268123865127563,-0.05090408772230148,-0.23032748136364817,-0.1746097711596568,-0.002198611141985213
3322,1623510968.4947925,0.0,-0.003979220986366272,0.02669239044189453,-0.19523853063583374,0.018672891503905185,-0.7616734583611642,1.4680134980788004,0.28392452001571655,-0.4350372850894928,0.13871298730373383,-0.2925560175942198,-0.14593956728998098,0.029357177138146583
3323,1623510968.5047913,0.0,0.0007061811629682779,0.020534995943307877,-0.1929655820131302,0.018123451296000008,-0.7618520618653659,1.4686296702636874,0.189115971326828,-0.8717957139015198,0.1770625114440918,-0.060351018229779965,0.007069604122543075,0.0421842763359794
3324,1623510968.514742,0.0,0.003063357202336192,0.013163501396775246,-0.19038422405719757,0.016920879093707514,-0.7606383144528092,1.4694876172826,-0.026067446917295456,-0.6715260148048401,0.2569573223590851,-0.08653961325975437,0.03722195709865744,0.07780347112672842
3325,1623510968.5248806,0.0,0.005248686298727989,0.007036223541945219,-0.1873619556427002,0.015791009705382268,-0.7586632513561369,1.4700446562769,0.42347416281700134,-0.6448943614959717,0.3901153802871704,-0.12037543574071079,0.14294850537048392,0.07748380399946049
3326,1623510968.5348313,0.0,0.006563788279891014,0.004071039147675037,-0.18316520750522614,0.016093144798494323,-0.757698516859219,1.470684490034865,-0.07293909043073654,-0.38070881366729736,0.4881197214126587,-0.050850206026112114,0.16112909458969077,0.0613020013845191
3327,1623510968.5447555,0.0,0.006807928439229727,0.0027019823901355267,-0.1786641776561737,0.016844323014296357,-0.7567641266300054,1.471423179075219,0.07832846790552139,-0.05047682300209999,0.45722705125808716,0.043969613051976296,0.1069399679630582,0.07140791058738045
3328,1623510968.5546432,0.0,0.007933477871119976,0.002602863358333707,-0.17366059124469757,0.017123420949047598,-0.7557539146763802,1.4757826711648507,0.27540239691734314,-0.13889376819133759,0.5147513151168823,0.057503188252221456,0.09451982999903442,0.22486047825019415
3329,1623510968.56484,0.0,0.014949477277696133,0.003842451609671116,-0.16862767934799194,0.017804215035533543,-0.7537118187612731,1.4776482703008076,1.7017914056777954,0.17642450332641602,0.6361914873123169,0.052095863732406544,0.19129403513808507,0.31257537141511194
3330,1623510968.57483,0.0,0.012858723290264606,0.001097214873880148,-0.15942347049713135,0.01639240395150554,-0.7584958222646603,1.4779614787751374,-0.134724423289299,-0.005735713057219982,0.7693495154380798,-0.035277593763373555,-0.12938830050637312,0.14069650356121488
3331,1623510968.6684628,0.0,-0.01756303384900093,-0.018450355157256126,-0.15211306512355804,0.012497508137138163,-0.751325593689282,1.4755559530804416,-0.24018560349941254,-0.2358328402042389,-0.38220134377479553,-0.2811577507077477,0.16212134400469583,-0.0010305888861645723
3332,1623510968.6783297,0.0,-0.021467555314302444,-0.019971728324890137,-0.15631628036499023,0.011977946607408887,-0.7511902111407228,1.4747799828335766,-0.3349941372871399,-0.016388356685638428,-0.4429214298725128,-0.24498887396922223,0.44976826946136655,-0.06674345964311625
3333,1623510968.688516,0.0,-0.024531153962016106,-0.020612455904483795,-0.16112816333770752,0.011714737376831708,-0.7519085254466764,1.4744072338158862,-0.3104930520057678,0.1636413335800171,-0.5398604869842529,-0.04735622969530179,-0.014883410429569737,-0.06410047924598596
3334,1623510968.6983485,0.0,-0.0282454714179039,-0.018789831548929214,-0.16672945022583008,0.012037412558892013,-0.7523535571974396,1.47365057815154,-0.2700130045413971,0.33195310831069946,-0.5590352416038513,-0.001636948780721555,-0.062124396663630475,-0.05809864118995166
3335,1623510968.7080777,0.0,-0.03085622563958168,-0.016851700842380524,-0.17187516391277313,0.012514726313776453,-0.7520255580070001,1.472636537197549,-0.34138572216033936,0.314908891916275,-0.48340147733688354,0.03859927357677254,-0.015122682848433327,-0.0883605081426682
3336,1623510968.718059,0.0,-0.033386196941137314,-0.016986265778541565,-0.1760837584733963,0.012450952543056209,-0.7515112817739118,1.4714619470938168,0.0016294285887852311,-0.14528536796569824,-0.3704834282398224,0.028829738823686824,0.039654200070204725,-0.10870358875402167
3337,1623510968.7285244,0.0,-0.03418247774243355,-0.019931437447667122,-0.17977915704250336,0.01137274777264707,-0.7516189775332771,1.47094754820994,-0.030328504741191864,-0.2773781418800354,-0.4067024290561676,-0.047320706392616624,0.019151678333991704,-0.08815654028465983
3338,1623510968.7379553,0.0,-0.034689873456954956,-0.023259462788701057,-0.18410669267177582,0.010141124912759102,-0.7518620125237077,1.4707289552098346,0.08791584521532059,-0.20920123159885406,-0.44718247652053833,-0.11518330115270821,-0.014819125414717594,-0.042434769848256323
3339,1623510968.7479563,0.0,-0.035121429711580276,-0.023962238803505898,-0.1887008100748062,0.009801354767335572,-0.7522177269725265,1.470412338965218,-0.02819797582924366,0.14233604073524475,-0.46955302357673645,-0.09145145993096697,-0.02795914113765688,-0.02737642924929101
3340,1623510968.758495,0.0,-0.03570199012756348,-0.021328534930944443,-0.19365623593330383,0.006183542215445176,-0.7562570333044791,1.4779448922512906,-0.05802537873387337,0.4693722426891327,-0.4727488160133362,-0.03426021534663026,-0.034696769680337976,-0.030426071462399087
3341,1623510968.8479629,0.0,0.0014966418966650963,-0.0016408984083682299,-0.19718757271766663,0.009407051659970814,-0.7523782465276851,1.4772421159791942,0.687659740447998,0.44380587339401245,0.02686021663248539,0.04057593767847666,-0.1251004912430685,0.10400180937971817
3342,1623510968.8576179,0.0,0.011060637421905994,0.0031726257875561714,-0.19656145572662354,0.009977930858183867,-0.7527245926969675,1.4780874261610917,0.8687546849250793,0.7761684060096741,0.03112127259373665,0.152796496631323,-0.3335142039632289,0.08943829399587522
3343,1623510968.8676038,0.0,0.01967647112905979,0.010342538356781006,-0.19639737904071808,0.010619812468292883,-0.753250388803194,1.4792692248853754,0.79099041223526,0.7644504904747009,-0.021076682955026627,0.05672932952510799,-0.042635343353384564,0.10345339928333389
3344,1623510968.877564,0.0,0.02700350247323513,0.018529152497649193,-0.19590896368026733,0.011866238788087666,-0.7529166914009688,1.4800246384849167,0.5406532287597656,1.1596635580062866,0.0023591346107423306,0.09203345291347985,-0.023991736845993587,0.10231312673496
3345,1623510968.8875282,0.0,0.03215211257338524,0.02762317843735218,-0.19534610211849213,0.013334889704430211,-0.7525319222345485,1.4806962885495505,0.4628889560699463,0.8113220930099487,0.035382334142923355,0.14419693794394836,0.029808070743074802,0.07596942894566268
3346,1623510968.8974895,0.0,0.03608604520559311,0.03455643355846405,-0.19516439735889435,0.014401000834623034,-0.7518113323989111,1.4811358424265073,0.5811333060264587,-0.09841372072696686,0.1397782564163208,0.13402772014188968,0.053339278035770675,0.060699662463316095
3347,1623510968.907546,0.0,0.03670559078454971,0.02765774168074131,-0.19312816858291626,0.012849673109207215,-0.7467197806910403,1.4831023618455288,-0.7898620367050171,-0.2667255103588104,-0.1425168216228485,-0.025445091007270944,0.20994685141385785,0.11336771164995649
3348,1623510968.9174542,0.0,0.03940555080771446,0.020765870809555054,-0.19557377696037292,0.0124703913083237,-0.741973189596658,1.4834187099260572,1.575024962425232,-0.9421031475067139,-0.5675573348999023,-0.09590071770494037,0.5586544099565939,0.11273811159049818
3349,1623510968.927701,0.0,0.03460218384861946,0.025922993198037148,-0.19718202948570251,0.013221517095547843,-0.7492795748758705,1.4841612911284745,0.6887249946594238,1.1266404390335083,-0.3790055513381958,-0.014862249985889685,-0.008823548234287461,0.057107643599941464
3350,1623510968.9378636,0.0,0.04290105774998665,0.033918850123882294,-0.20271994173526764,0.01469497256711303,-0.7557891333330321,1.4855998674969004,1.281011939048767,-0.2635297179222107,-0.6794100999832153,0.09954460720135615,-0.6513251722440315,0.10798924903461975
3351,1623510969.0339184,0.0,-0.03438608720898628,0.03710925951600075,-0.2330760657787323,0.021498818303961092,-0.742674127948667,1.485025833756486,-1.0029150247573853,0.2467319518327713,-0.15103894472122192,0.3718868893350867,0.7032597985747607,0.07565128526834876
3352,1623510969.04363,0.0,-0.04404377564787865,0.0387808121740818,-0.23392373323440552,0.022369864098308292,-0.7426551903212528,1.4841292114372493,-1.095592975616455,0.17642450332641602,-0.05409988388419151,0.3463387425223905,1.0885305328008967,-0.0482859012325455
3353,1623510969.0536623,0.0,-0.052119798958301544,0.03884106129407883,-0.23366710543632507,0.022303723511908246,-0.7460498932063672,1.4840256504866605,-0.4883922040462494,-0.016388356685638428,0.028990745544433594,0.06328555808986559,-0.09213074430349348,-0.06370202474856
3354,1623510969.0638015,0.0,-0.05851740017533302,0.03580865263938904,-0.23128820955753326,0.021699210400659905,-0.7474193214488891,1.484356860843696,-0.5341985821723938,-0.47019103169441223,0.15149615705013275,-0.026612989618332337,-0.25591015945188716,0.0019037785843547793
3355,1623510969.0736797,0.0,-0.06258782744407654,0.03264227136969566,-0.23328480124473572,0.022072703406280272,-0.7446820959329798,1.4833115789059879,-0.19650974869728088,-0.44249415397644043,-0.33106866478919983,-0.018070396434878472,0.015184522304241123,-0.02528368644474106
3356,1623510969.08383,0.0,-0.062221575528383255,0.030089745298027992,-0.23606525361537933,0.022520123265684595,-0.7424164995843516,1.4809167331225968,-0.12513704597949982,-0.27098655700683594,-0.1148199513554573,0.03597314880795315,0.2391049167878438,-0.16263283203753576
3357,1623510969.0935237,0.0,-0.0632108747959137,0.027544450014829636,-0.2362334132194519,0.02256212277856007,-0.741696077651305,1.4796342957816426,0.39577728509902954,-0.33596768975257874,-0.014685096219182014,0.030016338327241918,0.17745553669530398,-0.19748235186766827
3358,1623510969.1040695,0.0,-0.06117340922355652,0.02279473841190338,-0.2359018176794052,0.02189951284602917,-0.7423465014867169,1.4794537792551858,0.21468232572078705,-0.49256157875061035,-0.06368725746870041,-0.025782641692222438,0.018017852808858394,-0.0860653864024692
3359,1623510969.1135538,0.0,-0.0628022849559784,0.019839327782392502,-0.23839446902275085,0.02632999683994411,-0.7381352365062277,1.4843272978381237,0.18165913224220276,-0.3466203510761261,-0.2778054177761078,-0.040762769429472274,-0.030852467890294312,-0.03953697255969627
3360,1623510969.123723,0.0,-0.06258435547351837,0.01873640902340412,-0.2411077916622162,0.027410304136634783,-0.7326605918174016,1.484796732693011,0.5928512215614319,-0.14954641461372375,-0.24158641695976257,-0.034425051054161084,-0.009665940356640802,-0.02016918461581465
3361,1623510969.2220902,0.0,-0.02541804499924183,-0.013803155161440372,-0.22529835999011993,0.024987804813547267,-0.7205503517298337,1.483759980766518,-0.04524220898747444,-0.332771897315979,0.2942415773868561,-0.4370741752185918,-0.22286396280917556,0.11465053418910838
3362,1623510969.232599,0.0,-0.02190483547747135,-0.016540734097361565,-0.22200635075569153,0.02541155098482844,-0.7185865826210265,1.4847073467737015,0.2125518023967743,-0.5181279182434082,0.36561429500579834,-0.4600616977640527,-0.10776694997077457,0.11470167742984165
3363,1623510969.2423794,0.0,-0.020776569843292236,-0.01932670548558235,-0.21831682324409485,0.025978435512184754,-0.7174170254824852,1.4865749560200276,0.1060253456234932,-0.30294451117515564,0.29104578495025635,0.042370009912884816,0.17119492539573278,0.14111164147645094
3364,1623510969.251884,0.0,-0.01850997470319271,-0.017658747732639313,-0.21644145250320435,0.027220917906621293,-0.7155636942393229,1.4877057977387407,0.04317474365234375,0.5183743834495544,0.23884785175323486,0.08890002557436759,0.14703411428603863,0.1652783566512257
3365,1623510969.2625942,0.0,-0.01669715717434883,-0.013208058662712574,-0.21438226103782654,0.028576759329724727,-0.7133094169088244,1.4930208145251016,0.0026946929283440113,0.047527510672807693,0.17173618078231812,0.1262883969290229,0.17563928151292912,0.2930343985520429
3366,1623510969.272229,0.0,-0.007817900739610195,-0.009609711356461048,-0.21071864664554596,0.029288060503386084,-0.7139837403840221,1.4941237739999371,0.4490405023097992,0.35645419359207153,0.8598970174789429,0.12592870173243764,0.14869124137722137,0.3122172324563928
3367,1623510969.2821553,0.0,-0.01143931970000267,-0.01123698428273201,-0.20188379287719727,0.028584590560452247,-0.7143315253309401,1.4942805840468512,0.9838032722473145,-1.0986970663070679,0.6297999024391174,0.0329305311811317,0.0041883014308188166,0.09084053370975456
3368,1623510969.2920537,0.0,-0.009130354039371014,-0.01452078577131033,-0.19585293531417847,0.02769805988513486,-0.7135564390514313,1.4943995066918394,-1.222359538078308,0.12848760187625885,0.060948681086301804,-0.08083008214592745,-0.0280183100899832,0.018852202857798414
3369,1623510969.302392,0.0,-0.01642109453678131,-0.016790252178907394,-0.19763654470443726,0.0277603393435499,-0.7100283464900785,1.494862779804312,-0.34564676880836487,-0.6534165143966675,-0.13505998253822327,-0.048470808427780385,0.1935149316221462,0.027443157972518114
3370,1623510969.3120875,0.0,-0.019832151010632515,-0.018841993063688278,-0.1991201937198639,0.027379717551981226,-0.7087139007365628,1.4954724834182382,-1.0625698566436768,-0.258203387260437,-0.09138413518667221,-0.017825444889967037,0.2541258072826759,0.05346714791161125
3371,1623510969.4063137,0.0,-0.051046162843704224,-0.0208439938724041,-0.21868954598903656,0.028480828803117492,-0.6986912410055068,1.492879952554025,0.06767582148313522,0.007047460414469242,-0.4067024290561676,0.04934138385554621,0.48946788406934827,-0.017751673168788323
3372,1623510969.4165864,0.0,-0.051553577184677124,-0.02095746248960495,-0.22252683341503143,0.028473757862632423,-0.6992209665625787,1.49258822933953,-0.0750696137547493,0.06457174569368362,-0.3747445046901703,0.07214877497536397,0.40142955457625185,-0.06828544226963958
3373,1623510969.4265459,0.0,-0.052966345101594925,-0.02075187675654888,-0.22589871287345886,0.02845686279887163,-0.6998179661241437,1.4923610157041818,0.020804189145565033,0.0240916907787323,-0.3193507492542267,0.0004827548704700429,-0.048323650534909036,-0.02797758384762454
3374,1623510969.436402,0.0,-0.054390035569667816,-0.01990153081715107,-0.22890762984752655,0.028778304970081433,-0.6999704137896787,1.4918506503389128,-0.08678752183914185,0.20731717348098755,-0.27993595600128174,0.009942786255302385,-0.04695253785124778,-0.03222228906371664
3375,1623510969.4467106,0.0,-0.055792395025491714,-0.018120301887392998,-0.23181435465812683,0.029321044847472093,-0.7003526085523503,1.4912393593404656,-0.04524220898747444,0.22542667388916016,-0.2671527862548828,0.039885416900631396,-0.02798211424911803,-0.05295195132665032
3376,1623510969.4565637,0.0,-0.05631939321756363,-0.01675199531018734,-0.2346998006105423,0.029582665424020053,-0.7012977270021885,1.4909751324603784,0.016543131321668625,0.12955287098884583,-0.27887070178985596,0.04591270201165484,-0.05938185184593798,-0.048688522512653196
3377,1623510969.4662275,0.0,-0.056515250355005264,-0.015942024067044258,-0.23740220069885254,0.024407860130043202,-0.7090768390773088,1.5016286067674731,0.04637053608894348,0.08481176942586899,-0.26928332448005676,0.04481286553538565,-0.08238766935037582,-0.036083748927100576
3378,1623510969.4766996,0.0,-0.05613221600651741,-0.015078481286764145,-0.24018892645835876,0.024679913561458433,-0.7050575292177755,1.5026543480579386,0.6578323245048523,-0.027041003108024597,-0.2778054177761078,0.04639536651302248,-0.09585842219979263,-0.027867424635753767
3379,1623510969.4861825,0.0,-0.05452202633023262,-0.013705725781619549,-0.2414247989654541,0.02434365887212682,-0.7058928371861091,1.503322033732227,-0.1027664914727211,0.6888167262077332,-0.12334206700325012,0.008175566914320373,0.01749403663755853,0.04578136252316048
3380,1623510969.4965956,0.0,-0.050861477851867676,-0.011240859515964985,-0.2432703673839569,0.024479946218891616,-0.7068265899805013,1.5035843523196526,0.9475842714309692,0.1955992579460144,-0.04877356067299843,-0.009520162238271524,-0.06446242838809933,0.05270411571782493
3381,1623510969.587044,0.0,-0.005499790422618389,0.06399721652269363,-0.2574954628944397,0.03311586391972897,-0.7127170954471178,1.5061705818744147,0.016543131321668625,1.053137183189392,-0.17660528421401978,0.9728670285242441,-0.9371441832314041,0.1276570232628459
3382,1623510969.59693,0.0,-0.0017885627457872033,0.07123476266860962,-0.2595336437225342,0.033916714872901,-0.7128944220749942,1.50701452136097,0.6557018160820007,0.5513976216316223,-0.20430216193199158,0.8140356688451083,-0.703273074185795,0.12791636711851706
3383,1623510969.6070642,0.0,0.0013492533471435308,0.07079009711742401,-0.260590136051178,0.03312698436834044,-0.7134570266400213,1.508408688716961,0.023999981582164764,-0.556477427482605,0.00022860581520944834,0.046306759993901984,-0.0477731962801875,0.0967941022506608
3384,1623510969.6170583,0.0,-0.0009890672517940402,0.061290182173252106,-0.26248225569725037,0.03170864088235276,-0.707929839988235,1.5103002165020352,-0.4777395725250244,-0.8931010365486145,-0.40883296728134155,-0.10642839686763733,0.18137259259897112,0.16985502393944876
3385,1623510969.6274157,0.0,0.0031995500903576612,0.05904201418161392,-0.2677232027053833,0.03117999330212266,-0.7129779665534736,1.51114693218853,0.6152217388153076,-0.3572729825973511,-0.5867321491241455,-0.09616483283852666,0.13793441032374162,0.15181396691504406
3386,1623510969.6370783,0.0,-0.001451581483706832,0.07206172496080399,-0.27656054496765137,0.03467646941305387,-0.7178129513580438,1.5125444721122872,0.5992428064346313,1.2789732217788696,-1.2109770774841309,0.10805883995290695,-0.3807626412988772,0.10527923965440471
3387,1623510969.646979,0.0,0.0029654065147042274,0.07811068743467331,-0.2824114263057709,0.036144734639880854,-0.7210537471071249,1.5137224222327363,-0.009023215621709824,0.929566502571106,-0.21921586990356445,0.23031550378027896,-0.46653418907224076,0.12825429753568277
3388,1623510969.6568398,0.0,0.0007653403445146978,0.07929965853691101,-0.2818596661090851,0.03777806833954857,-0.7180782474303397,1.5141936343783278,-0.3211456835269928,0.2190350890159607,0.4327259659767151,0.16970841627655595,-0.09740855492242614,0.09300916142757601
3389,1623510969.6670084,0.0,-0.0014579652342945337,0.07924044132232666,-0.27735134959220886,0.03862368049081485,-0.7170994082316247,1.5143886615103297,-0.07080855965614319,0.25844985246658325,-0.43226876854896545,0.12973898355112842,0.20126040995229705,0.03901107573093754
3390,1623510969.6771383,0.0,-0.005848527420312166,0.07516810297966003,-0.289683997631073,0.037717202161766876,-0.7182041871358604,1.5146474522957294,-0.5459164977073669,-0.4574078321456909,-1.3633098602294922,0.010937801671211573,0.026441046670050837,0.02053668358776539
3391,1623510969.7752273,0.0,-0.03175230324268341,0.07710298150777817,-0.32817214727401733,0.04491235505693392,-0.7243746427342179,1.5112756459645682,-0.06761276721954346,-0.060064200311899185,-0.3012412488460541,0.10158627676723629,0.19209404457377893,0.008097336966028082
3392,1623510969.785445,0.0,-0.03297856077551842,0.07685244828462601,-0.33130523562431335,0.04538869693015521,-0.725885027368,1.5109161112114962,-0.03458956256508827,-0.017453622072935104,-0.303371787071228,0.16785106271017272,0.17955566239209164,-0.021508384654173988
3393,1623510969.7952943,0.0,-0.034680359065532684,0.07693377137184143,-0.33443328738212585,0.04561128459743988,-0.7279454297343833,1.510731048238866,-0.09744016826152802,0.02728748321533203,-0.31722021102905273,0.03668493611879707,-0.16574988952385375,-0.026574996267245996
3394,1623510969.8050747,0.0,-0.036438267678022385,0.077094666659832,-0.33757761120796204,0.04609525319477395,-0.7294030397485423,1.5104686261639308,-0.17094340920448303,-0.06965158134698868,-0.3086980879306793,0.03385888513139409,-0.1910322731128876,-0.022677209847451685
3395,1623510969.8150697,0.0,-0.03857095539569855,0.07628363370895386,-0.34080788493156433,0.047437311761722493,-0.7293596173475723,1.5131651371096173,-0.09104858338832855,-0.1282411366701126,-0.31189388036727905,0.036192751811400525,-0.15648373962103543,-0.023259023543967947
3396,1623510969.825116,0.0,-0.039718568325042725,0.07554826140403748,-0.344556599855423,0.048234536176415835,-0.7280666801739932,1.514039208083,-0.12833282351493835,-0.03343259170651436,-0.4493130147457123,0.028550533650419402,-0.16464529838448239,-0.015724491071318625
3397,1623510969.8353534,0.0,-0.03987208753824234,0.07590750604867935,-0.348826140165329,0.04860612839383524,-0.7288719305167148,1.5158493964681798,0.49804267287254333,-0.7109407782554626,-0.17234423756599426,0.03405884739076517,-0.13033067292000208,0.029425526701870725
3398,1623510969.84508,0.0,-0.043709032237529755,0.07619305700063705,-0.35205626487731934,0.048424086922632545,-0.7308683453809616,1.5164115452655744,0.7526409029960632,-0.4861699938774109,-0.303371787071228,0.016737501052629323,-0.1277106976099703,0.11708776560678097
3399,1623510969.8550858,0.0,-0.04349207878112793,0.07491719722747803,-0.3526456356048584,0.048142200800627775,-0.7316591832096444,1.5164731291487599,-1.2436647415161133,1.1969478130340576,-0.1893884688615799,-0.05061463955918526,-0.16737148952421615,0.046873990860574664
3400,1623510969.8649704,0.0,-0.041253600269556046,0.07021399587392807,-0.35169434547424316,0.0465354380074474,-0.7337625684987572,1.5164197106022563,0.3925814926624298,-0.7695303559303284,0.27293628454208374,-0.07406792786670846,-0.15758728030543398,-0.0021571005417155313
3401,1623510969.957916,0.0,-0.002040507737547159,0.035469770431518555,-0.3160704970359802,0.04503162468213566,-0.7367979950160997,1.5199023135186027,-0.13152863085269928,-1.8688832521438599,1.6141042709350586,-0.6956943939019292,-0.3918234037696372,0.1100416371237816
3402,1623510969.968026,0.0,0.00770712411031127,0.026888208463788033,-0.3087361752986908,0.044735136207974244,-0.7334714551883678,1.5231467069592541,4.821950912475586,-3.3133819103240967,0.45722705125808716,-0.6305039572604522,-0.12467614247677539,0.31548069162181225
3403,1623510969.9781299,0.0,0.011599727906286716,0.02875641919672489,-0.3057243227958679,0.04640800895787889,-0.7327189153512348,1.5225293973701666,2.3846259117126465,-0.16978643834590912,0.01620757207274437,-0.014950417196913316,0.2537647806096476,0.18946149893603148
3404,1623510969.987932,0.0,0.012145322747528553,0.03697328642010689,-0.30163082480430603,0.04924413516908175,-0.735046538066163,1.5216098385205767,0.9209526777267456,1.2470152378082275,0.05562235787510872,0.19373090832651632,-0.03232304286316367,-0.06837461367398323
3405,1623510969.9981587,0.0,0.01900624670088291,0.04643964767456055,-0.2973399758338928,0.051719457526950695,-0.7394301363871207,1.5224065133491107,0.5204132199287415,0.8464758396148682,0.610625147819519,0.268999566205018,-0.3431403536843513,-0.026759297545130924
3406,1623510970.0080926,0.0,0.013944863341748714,0.05319545790553093,-0.28809183835983276,0.05381633540903232,-0.7420069452484792,1.5248091463593885,-0.9560433030128479,0.3671068549156189,1.0218172073364258,0.24888345526252106,-0.3555777455235965,0.1357813454052596
3407,1623510970.0181375,0.0,0.013681754469871521,0.046902917325496674,-0.2804524302482605,0.052112822125129375,-0.744151470759185,1.5268741264518433,-0.6119629144668579,-1.2425076961517334,-0.05196935310959816,0.03742592863789691,-0.27015750768298236,0.22398752413015435
3408,1623510970.0279586,0.0,0.009664833545684814,0.03618645295500755,-0.2843378484249115,0.0500943714362184,-0.7425016216701873,1.5273060400382945,-0.6311376690864563,-1.235050916671753,-0.1840621381998062,-0.18711018468339002,-0.05592316218295964,0.14439808803745846
3409,1623510970.0381222,0.0,0.004452249966561794,0.033452972769737244,-0.2850967049598694,0.0504286247352093,-0.7411358328741742,1.5269040046760576,-0.38399630784988403,-0.4105361998081207,-0.24797801673412323,-0.10967161949908787,0.14597484744406156,0.010337120227196687
3410,1623510970.048063,0.0,-0.00194232736248523,0.03606574237346649,-0.2873797118663788,0.05185122122827677,-0.7419481774802413,1.526652684391949,-0.9400643706321716,-0.001474655233323574,-0.024272477254271507,0.07610086074383061,0.05139025142188034,-0.03689348230525512
3411,1623510970.1462047,0.0,-0.012291847728192806,0.0046939910389482975,-0.3116152882575989,0.049759501635838393,-0.7426512892517864,1.5238145951435462,0.11774325370788574,-0.36686035990715027,-0.4109634757041931,-0.35430478953880995,0.1723062501895401,0.02612463944788706
3412,1623510970.156414,0.0,-0.011988149024546146,0.0014453144976869226,-0.3157150447368622,0.04905923964292588,-0.7432752670409284,1.5234871930618015,0.023999981582164764,-0.21452754735946655,-0.4109634757041931,-0.4760209509416635,0.17181344429354367,0.02552922676211949
3413,1623510970.166105,0.0,-0.01255208719521761,-7.609603926539421e-05,-0.3196920156478882,0.045053360505389745,-0.7431749880783475,1.5285491783972855,0.023999981582164764,-0.08350001275539398,-0.40031084418296814,-0.08016600226731381,-0.059094131421229275,-0.029021417130465643
3414,1623510970.1760685,0.0,-0.014136417768895626,0.001218370976857841,-0.32412996888160706,0.045665633545563855,-0.7409018968563773,1.529082090400307,-0.23166348040103912,0.6600545644760132,-0.5324036478996277,-0.0805139801319365,-0.0668929313478642,-0.024358386368661503
3415,1623510970.1862035,0.0,-0.012804904021322727,0.003907208796590567,-0.3286941349506378,0.04597226701584117,-0.7409694660069368,1.5298484550315696,-0.31901517510414124,0.14766237139701843,-0.17234423756599426,-0.05918737665861623,-0.052202261472584714,-0.004181773289682161
3416,1623510970.19602,0.0,-0.012208225205540657,0.009142959490418434,-0.3298359811306,0.046268071594025836,-0.742600392860898,1.5300180184742624,0.9965864419937134,0.16896764934062958,-0.23839062452316284,0.01769144559120732,-0.0608572799581005,0.04155137212966981
3417,1623510970.2061539,0.0,-0.009578568860888481,0.012087183073163033,-0.3309404253959656,0.046207195628916564,-0.7430505594736819,1.5300363576557623,-0.3903878927230835,1.2012089490890503,0.05562235787510872,-0.0021084455446594786,-0.11329216650137791,0.015303390888677906
3418,1623510970.216176,0.0,-0.004792321939021349,0.016816865652799606,-0.3313026428222656,0.046388082616425005,-0.7447281240942483,1.5301548267387828,-0.047372736036777496,0.40119531750679016,-0.14358209073543549,0.0018297353756962982,-0.13640950129022525,0.005705827667357032
3419,1623510970.2260578,0.0,0.0027089978102594614,0.01960858143866062,-0.33007562160491943,0.04564606708690429,-0.746771227283773,1.5297990819409142,0.5747417211532593,1.3247796297073364,-0.3640918433666229,-0.031425682236738646,-0.16910803866436197,-0.01612852278616475
3420,1623510970.2362864,0.0,0.003645197954028845,0.021654535084962845,-0.3334793448448181,0.04570950037005764,-0.7461936795087083,1.5295409378641704,1.1169612407684326,0.25312355160713196,-0.2671527862548828,-0.016122418569626776,-0.06010968986475824,-0.027998416666834697
3421,1623510970.3309472,0.0,0.0364186093211174,0.05155466869473457,-0.36847996711730957,0.04806564146024694,-0.7511243222779035,1.529323890055806,-1.1744226217269897,-0.8856441378593445,0.46148809790611267,0.19716337849226892,-0.5621359578337407,-0.08602053433803737
3422,1623510970.3408573,0.0,0.03393329679965973,0.0710451751947403,-0.37156355381011963,0.05284790707048416,-0.7549767905500351,1.5296789555276566,-0.357364684343338,2.413479804992676,-0.37261396646499634,0.32154265136118804,-0.7458742921378546,-0.05928524750707802
3423,1623510970.3507266,0.0,0.0351126603782177,0.07506654411554337,-0.37394216656684875,0.0537193766702502,-0.7562975418801755,1.5311392203811747,0.4809984266757965,-0.0685863122344017,-0.05516514554619789,0.28483965138058776,-0.3017417084158588,0.07631459101745233
3424,1623510970.3609347,0.0,0.026780985295772552,0.07559715211391449,-0.3697425127029419,0.054792980206085876,-0.7553980227972238,1.5327769942487848,-0.95923912525177,-0.10480530560016632,-0.08818834275007248,0.13720118842472998,-0.05737834205739765,0.14890600477893084
3425,1623510970.370839,0.0,0.023843415081501007,0.07394731044769287,-0.3783479928970337,0.053877182713340376,-0.7571463172646309,1.5342511511749533,-0.897453784942627,0.2936035990715027,-0.899919867515564,0.008385032818758648,-0.028431138482394962,0.15300560012351172
3426,1623510970.3807044,0.0,0.012158334255218506,0.07546847313642502,-0.387869656085968,0.05478301513890117,-0.7570208592505163,1.5357294977052627,-1.344864845275879,-0.35407719016075134,-0.7305428385734558,-0.0017987230282462837,-0.086500759176623,0.14501010917391657
3427,1623510970.390957,0.0,0.0056313397362828255,0.07214275747537613,-0.3914051055908203,0.05427361111438239,-0.7574513374167627,1.5370195673468228,-0.6726829409599304,-0.6885702610015869,-0.3640918433666229,0.0207572446954173,-0.023810013112602103,0.13787571871680496
3428,1623510970.4008765,0.0,-0.00012068267824361101,0.06806162744760513,-0.3947433829307556,0.053631514153157006,-0.757272698243184,1.5378213977966277,-0.34671205282211304,-0.6768523454666138,-0.20643270015716553,-0.05280993129634053,-0.00681496577286847,0.10824589183234444
3429,1623510970.4108124,0.0,-0.005407386925071478,0.06919381022453308,-0.39871492981910706,0.054584131691939874,-0.7574087094382846,1.5379043662441036,-0.4543037414550781,0.578029215335846,-0.5366646647453308,-0.003508004632894866,0.006697080212220051,0.048827644360254954
3430,1623510970.4210765,0.0,-0.010328030213713646,0.07394822686910629,-0.4030086100101471,0.05683991224860528,-0.757119647692615,1.5372658355246163,-0.19437922537326813,0.3063867688179016,-0.30230650305747986,0.14271502734791983,0.0020302840415881403,-0.022679568559564472
3431,1623510970.5085914,0.0,-0.02636129967868328,0.07168568670749664,-0.4297456741333008,0.06050298312307406,-0.7600402206787039,1.533797120076662,-0.02819797582924366,-0.03556311875581741,-0.3001759946346283,0.14087163074616293,0.1773172810286541,-0.019978933206178905
3432,1623510970.5187669,0.0,-0.027185071259737015,0.0710226371884346,-0.4327526390552521,0.06506562473408148,-0.7630927030224208,1.5302050048780682,0.0016294285887852311,-0.06112946197390556,-0.2948496639728546,0.07231719124658659,0.1511729799389582,-0.008095739965827946
3433,1623510970.5287702,0.0,-0.028491752222180367,0.0700731873512268,-0.436262845993042,0.06622616578680314,-0.7603663384311533,1.5308369415576917,-0.22101083397865295,0.0240916907787323,-0.4248119294643402,0.06873233497347277,0.14254993078851522,0.0005648362659130828
3434,1623510970.538809,0.0,-0.02763543091714382,0.06667637825012207,-0.439152330160141,0.06601263547640025,-0.7587664709617095,1.5313440969015817,0.1379832774400711,-0.9676695466041565,-0.09138413518667221,0.06261046362942992,0.17052549196718428,0.02660184160828431
3435,1623510970.5486887,0.0,-0.03371426463127136,0.06878887116909027,-0.44239985942840576,0.06683538208285383,-0.7591734676313613,1.531323236104362,-0.27640458941459656,0.8113220930099487,-0.5409257411956787,0.010282742366057708,0.08220758400846809,0.027432740704688947
3436,1623510970.5586746,0.0,-0.02436896786093712,0.05896953120827675,-0.4415685534477234,0.06325604093120804,-0.7607746960922038,1.5317147717795812,-1.2287510633468628,-0.019584152847528458,0.29104578495025635,-0.1560557181406857,-0.11356668571389605,0.02222553907023175
3437,1623510970.5688388,0.0,-0.0207058135420084,0.05691930279135704,-0.4430891275405884,0.06216223349044158,-0.7630623880886775,1.5315669456687604,4.6749444007873535,-3.9056689739227295,-0.06581778824329376,-0.0891386771473471,-0.11268433823383713,0.004595524910192269
3438,1623510970.5786755,0.0,-0.025665422901511192,0.05393421649932861,-0.4378179907798767,0.06265128226019398,-0.7614517328229355,1.5313140428841594,-0.7717525362968445,1.431306004524231,0.186649888753891,-0.11720935218557123,-0.07469946635678469,-0.019375350265084478
3439,1623510970.5886264,0.0,-0.02041351981461048,0.05137203633785248,-0.436647891998291,0.06192050081764536,-0.7621228531908746,1.531363434527413,-1.8455392122268677,0.4310227036476135,0.08544976264238358,-0.11621983956533938,-0.043625202576606494,-0.01365458015384671
3440,1623510970.59867,0.0,-0.005443037487566471,0.045143164694309235,-0.43533211946487427,0.058934602705403766,-0.7649180656010949,1.5310687017987337,-0.5746786594390869,0.48002487421035767,0.32726478576660156,-0.12708187452620026,-0.13439166244947376,-0.022942727339824446
3441,1623510970.689061,0.0,0.03210825100541115,0.018905770033597946,-0.39231228828430176,0.0557981265078131,-0.7639868838638952,1.5316500384325034,0.20509494841098785,1.0062655210494995,-0.027468271553516388,-0.6976161947086631,-0.4926830592744386,-0.040940752377365455
3442,1623510970.6991444,0.0,0.03842686861753464,0.02505224198102951,-0.38908085227012634,0.05780339494831807,-0.7657504180407331,1.532085321536912,0.8048388361930847,0.3308878540992737,0.6905199885368347,-0.4307349016380336,-0.43581611994940256,-0.01428989202994883
3443,1623510970.70936,0.0,0.03771912306547165,0.025304822251200676,-0.38130441308021545,0.05910368508135118,-0.7646886671862196,1.5340869514819786,-0.1677476167678833,-0.324249804019928,0.9323350191116333,0.18182113724016857,-0.0412094316189274,0.09897276432370108
3444,1623510970.719087,0.0,0.035229071974754333,0.017941279336810112,-0.3727889358997345,0.057421920230687866,-0.7643230032493711,1.5355095845245486,-0.24338139593601227,-0.6576775908470154,0.6052988171577454,0.01521913328296605,0.06158423304694852,0.1748036012784883
3445,1623510970.7292154,0.0,0.031773168593645096,0.014362554997205734,-0.3733104467391968,0.05608188529996798,-0.765292798227551,1.5357144184613292,-0.7749483585357666,-0.5596732497215271,-0.23199903964996338,-0.15232955571333293,-0.039524920098992035,0.09671488328675307
3446,1623510970.7389817,0.0,0.023418299853801727,0.010781699791550636,-0.374950647354126,0.0560268588640063,-0.7635189429970555,1.5359465082195398,-0.8196894526481628,-0.22837598621845245,-0.12760312855243683,-0.08686046291959947,0.03719831981634601,0.02242852888102776
3447,1623510970.7489636,0.0,0.020170187577605247,0.004738812334835529,-0.37526416778564453,0.0545669447380535,-0.7629845152215116,1.5359663082626862,-0.4681521952152252,-0.655547022819519,-0.07966622710227966,-0.06889827902578274,0.12532048459176903,0.010565636595166713
3448,1623510970.7590394,0.0,0.01402265764772892,0.003012909321114421,-0.37650272250175476,0.0542772207958817,-0.7624253762033942,1.535859178397709,-0.5033059120178223,-0.19109173119068146,-0.2266727238893509,-0.09067553941744155,0.06143957104968137,-0.00418928727436061
3449,1623510970.769071,0.0,0.009158536791801453,0.0031772053334861994,-0.3793357014656067,0.054675369251429164,-0.7615033130781065,1.535341969154109,-0.37866997718811035,0.021961163729429245,-0.3129591643810272,-0.003968888971515681,0.07250065670127612,-0.028393608866067753
3450,1623510970.778945,0.0,0.004786243662238121,0.00244244490750134,-0.3826957941055298,0.054751854363738514,-0.76050120542086,1.534681093645924,-0.3254067599773407,-0.13143692910671234,-0.3331991732120514,0.02723782239666197,0.09462173185122166,-0.05969384707986152
3451,1623510970.8740642,0.0,-0.013811320997774601,-0.028725963085889816,-0.4238196909427643,0.035427793907280736,-0.7661709973593843,1.5290901543023663,0.0026946929283440113,-0.36792564392089844,-0.27460962533950806,0.017826731678586585,0.03493205914084863,-0.10809878528016158
3452,1623510970.8842132,0.0,-0.013044865801930428,-0.030527442693710327,-0.42674002051353455,0.03574430548254949,-0.7609804560731801,1.5301892202999985,0.6216133236885071,-0.24328969419002533,-0.2948496639728546,0.012724469932439544,0.02427333707429833,-0.1011255178387298
3453,1623510970.8941078,0.0,-0.013163402676582336,-0.029907936230301857,-0.4285428822040558,0.03455764282922043,-0.7609647168391291,1.530616370099053,-0.10915807634592056,0.5812249779701233,-0.18832319974899292,-0.04258250572444656,0.13308272659951886,0.015103431205884203
3454,1623510970.9041429,0.0,-0.009749899618327618,-0.025512482970952988,-0.431762158870697,0.03466203771370856,-0.7615656478523603,1.5305143882180634,0.051696859300136566,0.7740378379821777,-0.3097633719444275,-0.06379466310952038,-0.015516495458388863,0.024312335977981755
3455,1623510970.9141405,0.0,-0.008452119305729866,-0.01842280477285385,-0.4325256049633026,0.03501542883871349,-0.7629327438256296,1.530342578287523,0.03891368582844734,-0.04408523440361023,0.10249399393796921,0.03514860556006073,-0.08512315921878942,-0.00972630618076252
3456,1623510970.9240468,0.0,-0.005261970218271017,-0.014925912022590637,-0.431557834148407,0.034756127909913045,-0.7634770080004611,1.5300862325525988,0.23918341100215912,0.44806694984436035,0.1312561333179474,0.02026133139051012,-0.09853932368151355,-0.0212103116576947
3457,1623510970.9342656,0.0,-0.001474204589612782,-0.011792350560426712,-0.43136823177337646,0.03429166555092057,-0.763888989904248,1.5300080868111978,0.8144261837005615,0.02728748321533203,-0.13505998253822327,-0.025699311260268608,-0.050542423177200216,-0.019840062323611025
3458,1623510970.9446132,0.0,0.003749723546206951,-0.01127574872225523,-0.43452736735343933,0.03305813275492461,-0.7635490320167395,1.5297798398630447,0.21468232572078705,0.5354186296463013,-0.2916538715362549,-0.08764879110782281,-0.004385361631974628,-0.012172228655131716
3459,1623510970.9544091,0.0,0.010060298256576061,-0.008658030070364475,-0.43780890107154846,0.0325432947762411,-0.7632724482446376,1.5290764817546627,0.5086953043937683,0.06670226901769638,-0.45996564626693726,-0.0919776155600774,0.025808689459398647,-0.039359660306761864
3460,1623510970.9640179,0.0,0.01188872940838337,-0.0017386323306709528,-0.4418107569217682,0.033447205676000416,-0.7621763436558844,1.5292648346685624,0.6248091459274292,0.10505179315805435,-0.29271912574768066,0.02102788869274205,0.07418435513150666,-0.029260703539726426
3461,1623510971.0586464,0.0,0.013010302558541298,0.022667519748210907,-0.4773964583873749,0.03353273363082558,-0.7640614470228597,1.531228799517928,-0.8644305467605591,1.1852298974990845,-0.2639569938182831,0.252280563641717,-0.15363897234971285,0.06611246586602897
3462,1623510971.0689032,0.0,0.008588085882365704,0.022879719734191895,-0.4762174189090729,0.03330875393521472,-0.7646494141221497,1.532861351784553,0.4074952006340027,-0.3604687750339508,0.24950049817562103,0.21384301024191615,-0.25196590153691834,0.14578936324104944
3463,1623510971.0787396,0.0,0.003829055232927203,0.01793852262198925,-0.4784121811389923,0.03296658947351183,-0.7628829680595802,1.5327983449772449,-0.8697568774223328,-0.4616689085960388,-0.8115029335021973,-0.01848896635331324,0.025485512531629707,0.09011090099470273
3464,1623510971.0889175,0.0,-0.003819067031145096,0.01278050895780325,-0.4877048432826996,0.032477314509992194,-0.7604317209034265,1.5323956247549133,-0.06867802888154984,-0.7482250332832336,-0.8008502721786499,-0.03724725410395144,0.20628314460011543,-0.015328755910247654
3465,1623510971.098683,0.0,-0.007073173299431801,0.008862889371812344,-0.4939664304256439,0.03131537835800081,-0.7602974481959659,1.532108297473253,-0.3754741847515106,-0.43823307752609253,-0.4162898063659668,-0.07948828728789929,0.14527057624424647,-0.038925465858088544
3466,1623510971.1087852,0.0,-0.012005509808659554,0.008031594567000866,-0.4985431730747223,0.03137947532774845,-0.7598936889340187,1.5320842225354903,0.0037599573843181133,-0.019584152847528458,-0.5760794878005981,-0.06901304224644109,0.03405958054007597,-0.021965752914955568
3467,1623510971.1185753,0.0,-0.014145471155643463,0.011085188016295433,-0.5035749673843384,0.032528975956532064,-0.7598206834363087,1.5314652854678816,-0.2657519578933716,0.639814555644989,-0.4493130147457123,0.040217337363556385,0.023473675170959066,-0.031155390507048134
3468,1623510971.1286433,0.0,-0.017705289646983147,0.014484722167253494,-0.506604015827179,0.03425952515973914,-0.7591020136710733,1.5308637813383474,0.06980635225772858,0.15618447959423065,-0.1798010915517807,0.1418795323218411,0.03490905059956706,-0.0616564083025677
3469,1623510971.1387906,0.0,-0.019046783447265625,0.014040403999388218,-0.5078315138816833,0.034853493108243046,-0.7584399389261949,1.5301112717161107,-0.08998332172632217,-0.0962831899523735,-0.06262199580669403,0.1282452508671526,0.06561133903225937,-0.07011097583321212
3470,1623510971.1489289,0.0,-0.021913649514317513,0.010144650004804134,-0.5077313780784607,0.03441831665379408,-0.7575098906311131,1.529541188822105,-0.03991588577628136,-0.3604687750339508,0.006620192434638739,0.01975227787019698,0.07874501914471646,-0.06911837606003318
3471,1623510971.246587,0.0,-0.033719323575496674,0.0061400942504405975,-0.5439403057098389,0.04207808897628424,-0.7589269949020675,1.527561919514032,-0.14218126237392426,-0.1527422070503235,-0.24371695518493652,-0.01836544402674605,0.09030128347014796,-0.04688438864000273
3472,1623510971.2568054,0.0,-0.03209070861339569,0.003467764239758253,-0.5457836389541626,0.04089846217520624,-0.7592611717588051,1.5279286700159656,0.8570367693901062,-0.6938965320587158,0.0023591346107423306,-0.06381690360025011,0.08047290187495094,0.031816363895674764
3473,1623510971.2666552,0.0,-0.030550189316272736,-9.395880624651909e-05,-0.5454142689704895,0.039836239759211745,-0.7590624173628908,1.5277576988227954,0.7409229874610901,-0.13569797575473785,0.010881250724196434,-0.11864778562792716,0.006736774391590733,0.01189656876385215
3474,1623510971.276836,0.0,-0.024206623435020447,-0.00513697462156415,-0.5444884896278381,0.037733254539843095,-0.7598623295124824,1.5276322582439426,0.9891296029090881,0.061375945806503296,0.18558461964130402,-0.17411499503734168,-0.032745036844103695,-0.011011481397605494
3475,1623510971.2866704,0.0,-0.022221188992261887,-0.005798902828246355,-0.5400444865226746,0.03803682847431447,-0.7592480412516179,1.527491039495628,0.3339919447898865,-0.04408523440361023,0.20156359672546387,-0.11326186062121946,-0.02125218766706513,-0.01540509723950303
3476,1623510971.2966087,0.0,-0.014624938368797302,-0.009988663718104362,-0.5376355051994324,0.036784492683989284,-0.7591336993633955,1.5272854506169777,0.1987033635377884,-0.5841743350028992,0.16001828014850616,-0.06150484735959384,0.01485154472614694,-0.01612387158281573
3477,1623510971.3066018,0.0,-0.005051988177001476,-0.012587379664182663,-0.5371363759040833,0.036155578892559125,-0.7590838295385878,1.5268553097499544,-0.5576344132423401,-0.30614030361175537,0.46148809790611267,-0.08163856910158937,0.014674841043359846,-0.030785694912164565
3478,1623510971.3163323,0.0,-0.0004942259402014315,-0.016297554597258568,-0.5333019495010376,0.03579750639789436,-0.7579810626234786,1.5268951819025065,2.441084861755371,-1.7698136568069458,0.44018280506134033,-0.0021549565071627766,0.09176875602227332,-0.026721785056716223
3479,1623510971.326813,0.0,0.00234787305817008,-0.016218505799770355,-0.5292696356773376,0.037517226070202164,-0.755645959045566,1.527181527535133,0.9731506109237671,0.32769206166267395,0.11314664036035538,0.039266743605282504,0.17279572706443566,0.014007919774063998
3480,1623510971.3365805,0.0,0.009787488728761673,-0.022297970950603485,-0.5270991921424866,0.03634383556710395,-0.7546090305518138,1.5277092974779625,-0.5065017342567444,-0.184700146317482,0.4369870126247406,-0.011215845905252604,0.15023375170525635,0.04293645837353774
3481,1623510971.436099,0.0,0.020404264330863953,0.007285525090992451,-0.49302220344543457,0.045639464818925335,-0.7563058519112735,1.5275992997721013,-0.24444665014743805,0.05711488798260689,0.2377825826406479,0.17852046159821655,-0.22979973362597278,0.04205114258665421
3482,1623510971.4461696,0.0,0.01746491529047489,0.005737450905144215,-0.4912399351596832,0.045378729361448315,-0.7559329537606617,1.5275162752585751,-0.3062320053577423,0.001721138134598732,0.05136130005121231,0.21349253804076906,-0.2699962409936804,0.018686091360439555
3483,1623510971.4561753,0.0,0.01169281080365181,0.005763748195022345,-0.4911707639694214,0.04599417076092625,-0.7548155315242397,1.5271390015169841,-0.2987751364707947,-0.15380747616291046,0.05988341569900513,0.019054085947260994,0.06704523969312678,-0.019147867655630764
3484,1623510971.4659066,0.0,0.008961603045463562,-0.00046066849608905613,-0.49158522486686707,0.044726266436216515,-0.7536592262070564,1.5267781458347456,-0.05802537873387337,-0.8504904508590698,-0.3225465416908264,-0.023608414118718165,0.12340732873994882,-0.04128711581045208
3485,1623510971.476013,0.0,0.004927431233227253,-0.009582803584635258,-0.4968937337398529,0.04228249961517981,-0.7529011617052905,1.526455545811353,-0.2646866738796234,-1.078456997871399,-0.5334689021110535,-0.17753255353280092,0.10978151209768577,-0.037323034937126055
3486,1623510971.4861112,0.0,-6.539320747833699e-05,-0.013132181018590927,-0.504314124584198,0.04200531748813898,-0.7517693535743957,1.525927962832285,-0.3712131381034851,-0.01851888746023178,-0.812568187713623,-0.1582375659085994,0.09098843262749085,-0.03761742382515647
3487,1623510971.4960072,0.0,-0.004457153845578432,-0.006845009978860617,-0.514569103717804,0.044058614340271925,-0.752380467720427,1.5251147134310203,-0.3381899297237396,1.1873605251312256,-1.165170669555664,0.05962734612410298,0.041335834233447485,-0.07025401929405364
3488,1623510971.5059178,0.0,-0.010475522838532925,0.003660573624074459,-0.5246080756187439,0.046553288932605436,-0.7545713450310239,1.524282292529587,-0.38825735449790955,0.8294315934181213,-0.6399953365325928,0.23286517364309278,-0.1185642036798359,-0.08836990257198893
3489,1623510971.516147,0.0,-0.013703938573598862,0.008569861762225628,-0.5271394848823547,0.04765879662002718,-0.7559101534844457,1.5237941628402991,-0.33179834485054016,0.27229830622673035,-0.004032452125102282,0.1980483875533924,-0.18847855570394267,-0.06653691787669282
3490,1623510971.5265427,0.0,-0.014760839752852917,0.002445297548547387,-0.523559033870697,0.046331712977953646,-0.7549913504245808,1.523352045939061,0.13691802322864532,-1.0134758949279785,0.7512400150299072,0.02207785953415905,-0.04051788703627203,-0.04753956264430473
3491,1623510971.6222177,0.0,-0.02625921554863453,0.015390941873192787,-0.5547440052032471,0.0406251665464738,-0.7613590939708178,1.5239323573592025,0.20402967929840088,0.8581937551498413,-0.11162415891885757,0.06297430241467976,0.07082806725817398,-0.029383044747322083
3492,1623510971.6320364,0.0,-0.02206881158053875,0.020044876262545586,-0.554069995880127,0.040826482005038384,-0.76295238788859,1.5237236994611711,0.9017779231071472,0.3266267776489258,0.04070865362882614,0.1707941566110502,-0.040458961553470854,-0.011190444381355746
3493,1623510971.6421623,0.0,-0.01668882742524147,0.023532681167125702,-0.5560527443885803,0.04162245947981816,-0.7633357406355085,1.5228175470286116,0.3084256052970886,0.49493858218193054,-0.3001759946346283,0.05540282954873254,-0.10612270106265964,-0.050136019329918236
3494,1623510971.6520975,0.0,-0.008991093374788761,0.027032572776079178,-0.5585552453994751,0.04168581390577,-0.7639343230264566,1.522959369099052,1.2756856679916382,0.1487276256084442,-0.36302658915519714,0.042562541474325824,-0.053767373451007565,-0.04340589960384506
3495,1623510971.6620297,0.0,-0.0021806322038173676,0.03373463451862335,-0.56141597032547,0.04286484831915782,-0.7645580395351091,1.523327555852826,0.09537269920110703,1.1479456424713135,-0.22028113901615143,0.05171568216224701,-0.059054117571765284,0.02132055140547186
3496,1623510971.6722019,0.0,0.004190496169030666,0.0411018505692482,-0.5630534887313843,0.04401757852645011,-0.7652985521278508,1.52369861486696,0.6802029013633728,0.7793641686439514,-0.12547260522842407,0.11509910483153857,-0.06816149038323407,0.041126683263549575
3497,1623510971.6822355,0.0,0.010259297676384449,0.050201017409563065,-0.5639544129371643,0.045947478278357656,-0.7655574763558358,1.5242723558949591,0.3478403687477112,0.8944127559661865,-0.11268942058086395,0.15804689379964065,-0.06232452114821818,0.04866897922854805
3498,1623510971.6920652,0.0,0.01598859392106533,0.05920187383890152,-0.5651682019233704,0.04729754681164536,-0.7662000067877068,1.5247102432288164,0.2498360574245453,1.0978782176971436,-0.15530000627040863,0.17027004519910646,-0.050739200599238296,0.053549480399458775
3499,1623510971.702179,0.0,0.019867898896336555,0.06826557219028473,-0.5661184191703796,0.04898784919984275,-0.766142371452888,1.5251127823729336,0.30203402042388916,0.9604591727256775,-0.1105588972568512,0.1637601154199753,-0.027461542419971327,0.04403770683709303
3500,1623510971.7119288,0.0,0.02423500083386898,0.07528253644704819,-0.5674376487731934,0.05010294353674427,-0.7662471883401187,1.5254389337893755,0.2668802738189697,0.6185092329978943,-0.2671527862548828,0.15318917732129522,-0.0012617470644736626,0.037549689187763344
3501,1623510971.8064132,0.0,-0.0013742221053689718,0.08382784575223923,-0.6064243912696838,0.054203007093011034,-0.7668714842199464,1.5269731602737155,-0.6322029232978821,0.19346873462200165,-0.3981803059577942,0.29870970114462125,0.1492633739973605,0.027573700517862412
3502,1623510971.8160064,0.0,-0.008608012460172176,0.0867903009057045,-0.6101653575897217,0.05567119657910337,-0.7671892065857467,1.526600591232886,-0.4553690254688263,0.19666452705860138,-0.24158641695976257,0.3240867328133294,0.14786067874105824,-0.005319168953860857
3503,1623510971.8261242,0.0,-0.014553168788552284,0.08754898607730865,-0.6116269826889038,0.056148027807872286,-0.7682291741455167,1.526049978628099,-0.44471636414527893,0.05604962632060051,-0.06581778824329376,0.1111499981547706,-0.06757415276778592,-0.047175956114356425
3504,1623510971.8361003,0.0,-0.019961658865213394,0.08786328881978989,-0.6109414100646973,0.057076768690968074,-0.768528186048406,1.5257708576257447,-0.0750696137547493,-0.11758847534656525,0.050296034663915634,0.0729345022632604,-0.07352905786392373,-0.04458063874510845
3505,1623510971.8458815,0.0,-0.02318299561738968,0.08771546930074692,-0.6150040626525879,0.05809557981958159,-0.7681245819256379,1.5252829811120645,-0.19224870204925537,0.05285383015871048,-0.647452175617218,0.09309521887416752,-0.0015973747563077772,-0.038757693385162134
3506,1623510971.8560152,0.0,-0.024685705080628395,0.08752553910017014,-0.6208373308181763,0.0587162888387865,-0.7683506976249226,1.524608604644349,0.19444230198860168,0.014504311606287956,-0.4706183075904846,0.08520781886379612,0.012411898086265215,-0.05682528495140386
3507,1623510971.8658998,0.0,-0.025706391781568527,0.08966267108917236,-0.6244012713432312,0.059587307417947356,-0.7693015810818243,1.5242114184552182,-0.05269905924797058,0.1860118806362152,-0.23306430876255035,0.07666494434247526,-0.056238254729311356,-0.05568332857667748
3508,1623510971.8758776,0.0,-0.025701992213726044,0.09034062176942825,-0.6263502836227417,0.06000074234363198,-0.770601015655527,1.523848129691368,0.15928857028484344,-0.003605184145271778,-0.2074979543685913,0.06471823598899143,-0.11111072440385146,-0.04043676932092769
3509,1623510971.8860018,0.0,-0.026864323765039444,0.09086665511131287,-0.6291413903236389,0.06056763254395779,-0.7713409360025374,1.5234670690906742,-0.010088480077683926,-0.056868407875299454,-0.28845807909965515,0.04719955434727505,-0.102133959654194,-0.0361284164053368
3510,1623510971.8960097,0.0,-0.02730090357363224,0.08962317556142807,-0.6320566534996033,0.06073106064791556,-0.7717741816621477,1.523129079108521,0.0410442128777504,-0.184700146317482,-0.2959149181842804,0.036554337560618634,-0.06499441629814252,-0.03687761065365553
3511,1623510971.9937553,0.0,-0.030102871358394623,0.08709266781806946,-0.6443007588386536,0.06322868361545576,-0.770162550673269,1.5222517355073841,1.0573064088821411,-0.4105361998081207,0.1909109503030777,0.027071474694380038,0.006415374019644958,-0.02249577473914478
3512,1623510972.003862,0.0,-0.02496141754090786,0.0866602435708046,-0.6415129899978638,0.06316622547016643,-0.7704179965013426,1.5221992599275416,0.04637053608894348,0.24886249005794525,0.4050290882587433,-0.008741105749673898,0.005900452242049907,-0.004667034232729957
3513,1623510972.0138385,0.0,-0.019725285470485687,0.08535060286521912,-0.6378878951072693,0.0626704111214722,-0.7708303183089663,1.5222137303194962,0.31268665194511414,-0.7226586937904358,0.2090204358100891,-0.023404771953658435,-0.048696124772314546,-0.004315647533884205
3514,1623510972.0237808,0.0,-0.01436430960893631,0.08437877148389816,-0.6356971263885498,0.06292171148772024,-0.7706478729199551,1.5224420809098178,0.027195775881409645,-0.286965548992157,0.4977070987224579,-0.007056475858493161,-0.007347139645674693,0.011450826609383393
3515,1623510972.0337505,0.0,-0.014772705733776093,0.08052533864974976,-0.6325953006744385,0.06389154004998565,-0.7682146797841708,1.5228063194683128,0.20402967929840088,-0.6832439303398132,0.28145840764045715,0.061932424072826314,0.1349831312868366,0.03042852397446238
3516,1623510972.0437865,0.0,-0.013291468843817711,0.07762259989976883,-0.6287351250648499,0.06466544154151878,-0.7667073524512422,1.523370018129723,-0.08465699851512909,-0.1655253916978836,0.46255338191986084,0.07962110289899726,0.186741403034329,0.048484670776673414
3517,1623510972.0536134,0.0,-0.012012293562293053,0.07619752734899521,-0.6252384781837463,0.06577197697880113,-0.7653198323844888,1.5237693930785094,-0.8910622000694275,0.29892992973327637,0.24950049817562103,0.061338157910923,0.1337776695427413,0.05214875141772764
3518,1623510972.0636377,0.0,0.0025154738686978817,0.06386546790599823,-0.6167804002761841,0.06302806709492295,-0.7647398500954625,1.5245204064229334,0.045305270701646805,-1.602567195892334,1.7259570360183716,-0.052796520013875164,0.10164841220465817,0.0520753948594944
3519,1623510972.0735028,0.0,0.00584216695278883,0.05916334316134453,-0.6114234924316406,0.06411164929574387,-0.7614775457035163,1.5275198024407253,4.97108793258667,-3.4593231678009033,0.074797123670578,-0.04492493899824176,0.2312244971816147,0.16357152931640057
3520,1623510972.0835629,0.0,0.010983448475599289,0.05235365033149719,-0.60982745885849,0.06853785320866909,-0.7525638032604478,1.5264600238077963,1.8317537307739258,1.4036091566085815,-0.314024418592453,0.15582012485963384,0.5817675755910289,0.1386424240857846
3521,1623510972.1830595,0.0,-0.028938641771674156,0.057130519300699234,-0.5810490846633911,0.0652403537754496,-0.7704837240960136,1.5318002007845708,-1.058308720588684,-0.5543469190597534,0.06947080045938492,0.5772289657975547,0.7885326535165708,0.0013342143984098216
3522,1623510972.193344,0.0,-0.04425344988703728,0.053710758686065674,-0.584552526473999,0.0652538258251025,-0.7693699462224315,1.5310450702078682,-0.9613696336746216,-0.41799306869506836,-0.3097633719444275,0.420526286881798,0.40977562936783457,-0.014483243087632705
3523,1623510972.2031207,0.0,-0.05463168025016785,0.04858919978141785,-0.5869295001029968,0.0640400103006949,-0.7694296175813511,1.5303700829859077,-1.0444602966308594,-0.5767174959182739,-0.27887070178985596,-0.06169749062580743,0.03886305164381158,-0.07635346609160003
3524,1623510972.2132587,0.0,-0.06312014162540436,0.043959714472293854,-0.5905236005783081,0.06407067619513301,-0.768050644553154,1.5297741058601841,-0.5736133456230164,-0.5128015875816345,-0.44718247652053833,-0.07414216071894236,0.04653903881561912,-0.06836046965765202
3525,1623510972.2232716,0.0,-0.06615421175956726,0.04084264859557152,-0.594421923160553,0.06465811442699398,-0.7665724801210726,1.5287054090714727,0.4490405023097992,-0.16872118413448334,-0.40883296728134155,0.027955096688316458,0.1468856412053089,-0.07821881556725423
3526,1623510972.2331471,0.0,-0.06705378741025925,0.03997543454170227,-0.598463773727417,0.06494281625405643,-0.7663869396374122,1.5276909609115583,0.16035383939743042,-0.08456528186798096,-0.3321339190006256,0.04821684610836783,0.09918769139970654,-0.10427203823572828
3527,1623510972.243568,0.0,-0.06631924957036972,0.03707050532102585,-0.6011727452278137,0.06439549048919843,-0.7666156046478048,1.5275017222622311,0.3457098603248596,-0.46060365438461304,-0.3012412488460541,-0.004737132185322045,0.001267737470824754,-0.07044952844546529
3528,1623510972.2531025,0.0,-0.06513648480176926,0.031633391976356506,-0.6049489974975586,0.06319237983468567,-0.7665575738558045,1.527144072747151,0.10496007651090622,-0.44568994641304016,-0.5153594017028809,-0.08704728086731128,-0.01624423412443016,-0.026539079430554578
3529,1623510972.263148,0.0,-0.06355105340480804,0.02581806108355522,-0.6089344024658203,0.0621832342596797,-0.7661719274847969,1.5266212564599209,0.3563624918460846,-0.5500858426094055,-0.4120287597179413,-0.10919109423807542,0.01677184035165774,-0.04300175397859505
3530,1623510972.2733703,0.0,-0.061831582337617874,0.02078777365386486,-0.6124375462532043,0.06136984630246368,-0.7658056450418823,1.5259301028719787,0.2402486652135849,-0.46486470103263855,-0.3747445046901703,-0.09050930401361586,0.04014119690148142,-0.06191842037827715
3531,1623510972.372996,0.0,0.006902999710291624,0.04100023955106735,-0.6345140337944031,0.057584511072823905,-0.764784072164771,1.5265592804379737,1.6133744716644287,0.23181825876235962,-0.1798010915517807,-0.2782511812425557,-0.6359369934960883,-0.07260251491939136
3532,1623510972.3827922,0.0,0.019887352362275124,0.04210450500249863,-0.6362942457199097,0.05691588233779092,-0.7647288690062916,1.526934701146454,0.9039084315299988,0.31810468435287476,-0.22880324721336365,-0.27656160937526275,-0.6959918958492423,-0.02551026355874919
3533,1623510972.3926144,0.0,0.029937835410237312,0.046242233365774155,-0.6389138102531433,0.056937034514973686,-0.7642828167541884,1.5279569638773611,0.724943995475769,0.9828296899795532,-0.36302658915519714,-0.04839479910912933,0.009226995071313924,0.0649899072797207
3534,1623510972.4027395,0.0,0.040958959609270096,0.05225678160786629,-0.6412191987037659,0.057678929426022166,-0.7638459352182234,1.5282746258348694,0.8027083277702332,0.7559283971786499,-0.276740163564682,0.028361195376532523,0.039709405351946545,0.0777839575727731
3535,1623510972.4126601,0.0,0.048712823539972305,0.05541705712676048,-0.642841637134552,0.057333946444166436,-0.763717997427809,1.528385931416289,0.7409229874610901,-0.37325194478034973,0.021533895283937454,0.0534842582895957,0.0254388196023604,0.03043732198039104
3536,1623510972.422769,0.0,0.04713277518749237,0.04899945482611656,-0.6422028541564941,0.05710181965183855,-0.7598002616350386,1.52997546846404,-0.6215502619743347,-1.6515692472457886,0.03325180336833,-0.01497929772466078,0.14762437071481813,0.060750586471937505
3537,1623510972.4325767,0.0,0.04042515531182289,0.04220842570066452,-0.6474130749702454,0.0591034665202863,-0.753583480886101,1.5323164304917756,-1.39706289768219,-0.3977530300617218,-0.4450519382953644,0.035482794134163845,0.4733439404467313,0.1937331239608193
3538,1623510972.442537,0.0,0.04550176486372948,0.04074975848197937,-0.6499508619308472,0.05429110348660277,-0.7607604788590097,1.5314477548004386,-1.936086654663086,0.8741727471351624,-0.11162415891885757,-0.11368851811870162,0.07281383682086265,0.10508969445559686
3539,1623510972.4526725,0.0,0.03486265614628792,0.052655406296253204,-0.6557146310806274,0.0580445487998799,-0.7621490908395746,1.5325007215779292,-0.7131630182266235,1.0616592168807983,-0.7561091780662537,-0.05666173427317282,-0.40728271407389594,0.005354735882417173
3540,1623510972.4626725,0.0,0.04105536267161369,0.05711707845330238,-0.6629791855812073,0.057040651255227406,-0.7656794410439444,1.534058342519625,-0.02819797582924366,-0.006800977513194084,-0.518555223941803,0.13156615489419637,-0.2898391634091913,0.11589795936852694
3541,1623510972.5581286,0.0,-0.024871189147233963,0.029874110594391823,-0.6935137510299683,0.060201070637100285,-0.7531446096992412,1.5348828465011992,-0.5203501582145691,-0.2123970240354538,-0.32574233412742615,0.20713720321332224,0.7705702511437755,0.1659701779161801
3542,1623510972.5681767,0.0,-0.029968485236167908,0.027665050700306892,-0.6968417763710022,0.059742530983043336,-0.7535159808563323,1.5343347064320372,-0.33712467551231384,-0.34981614351272583,-0.32148125767707825,0.23330223302313713,0.9932992842443982,0.06084417868780755
3543,1623510972.5781043,0.0,-0.03489768132567406,0.02403910830616951,-0.6997334361076355,0.057863584501514145,-0.7551736645676053,1.5339262991180247,-0.524611234664917,-0.6193280220031738,-0.24371695518493652,-0.10387293550672494,-0.06551431257537545,-0.04916332195055706
3544,1623510972.5880873,0.0,-0.038466598838567734,0.019823115319013596,-0.7015841007232666,0.057265128478747596,-0.7548003616183709,1.5335620900256575,-0.6322029232978821,-0.3508813977241516,-0.2820664942264557,-0.14488658369255503,-0.09236378992937126,-0.041370816944321834
3545,1623510972.59796,0.0,-0.04090731590986252,0.017504751682281494,-0.7042916417121887,0.058858580849301775,-0.7523914068360358,1.5324320907942712,-0.08572226017713547,-0.12291479855775833,-0.2170853465795517,0.0294928108123719,0.12207408443172657,-0.06837911573863713
3546,1623510972.6079907,0.0,-0.04083670675754547,0.017774071544408798,-0.7068651914596558,0.05935939700185283,-0.7523955736466222,1.5311018039233595,0.14544013142585754,0.0517885647714138,-0.175540030002594,0.10626652125230325,0.13501726267916278,-0.11912964196096533
3547,1623510972.6181211,0.0,-0.04034651070833206,0.01697409152984619,-0.707924485206604,0.058815373870874314,-0.7531736490530813,1.5305297993416511,0.2679455578327179,-0.2592686712741852,-0.10523257404565811,0.016933975043110745,-0.025031129099595224,-0.10433112916441391
3548,1623510972.627958,0.0,-0.041432008147239685,0.014526687562465668,-0.7093871235847473,0.061741978191093574,-0.7528410241522523,1.5337663533171821,-0.16455182433128357,-0.30614030361175537,-0.20536743104457855,-0.02322632703284736,-0.05309980958054835,-0.07123754288010495
3549,1623510972.6381676,0.0,-0.04253311827778816,0.011058887466788292,-0.7120623588562012,0.06289843847235249,-0.7495582499154291,1.5342719741609852,-0.13792021572589874,-0.21026650071144104,-0.32574233412742615,-0.03199570834016958,-0.06366476843138917,-0.06543269557323127
3550,1623510972.6480074,0.0,-0.040790196508169174,0.005569963715970516,-0.7142999172210693,0.06179372594381499,-0.7478942904023413,1.5346967933444904,-0.0654822364449501,-0.9122757911682129,-0.09564518928527832,-0.03375709642583252,-0.006700110913941791,-0.03373028461328423
3551,1623510972.753826,0.0,0.05235698074102402,-0.01782018318772316,-0.6892284750938416,0.056295409705162086,-0.7379378711980391,1.533505788339133,0.2583581805229187,-0.03023679554462433,0.5925156474113464,-0.615794535646955,-0.3443422032134543,0.08173872159539303
3552,1623510972.764281,0.0,0.06765325367450714,-0.023298591375350952,-0.6873733401298523,0.054335798095000186,-0.7376333512059505,1.5340056273626943,3.4722609519958496,-1.900841236114502,0.24417416751384735,-1.171651815124295,-0.6922419580127663,0.03720309750552685
3553,1623510972.7739,0.0,0.06889000535011292,-0.021794771775603294,-0.6815014481544495,0.05655087906529751,-0.7376368002648195,1.5371761073705446,2.119375228881836,-1.0827181339263916,0.6340609192848206,-0.0482463561596092,0.019210236763859533,0.133352395565878
3554,1623510972.7839005,0.0,0.07089220732450485,-0.027894463390111923,-0.6756427884101868,0.05976892490756776,-0.7298479989480097,1.5388005616107052,-1.6026588678359985,0.6014650464057922,0.5254039764404297,0.09462841567621988,0.2419258617207845,0.2114095008530155
3555,1623510972.7941048,0.0,0.07682879269123077,-0.022785313427448273,-0.6753948926925659,0.056915549654681416,-0.7360145169442769,1.5395062484537232,-1.4300860166549683,-0.33490243554115295,0.5275344848632812,0.06798309463937324,0.10704918702564409,0.13583626017863107
3556,1623510972.8038118,0.0,0.08014201372861862,-0.022493205964565277,-0.6705991625785828,0.0526545672285984,-0.7415451750068345,1.5408009573933379,1.4216269254684448,-0.7365071177482605,0.4732060134410858,-0.23930315939430935,-0.4615844750422485,0.10731802010608783
3557,1623510972.8138885,0.0,0.07621388137340546,-0.023859621956944466,-0.6651315689086914,0.05247176333620844,-0.7410600731228667,1.5421685979274242,-0.4830659031867981,-0.647024929523468,0.6702799201011658,-0.2713244573850544,-0.3174764390026319,0.1352675363725353
3558,1623510972.8238976,0.0,0.0716162696480751,-0.027144189924001694,-0.659432053565979,0.05504316845259641,-0.7362090203689844,1.5422072681808363,0.06021897494792938,-0.5085405111312866,0.3251342475414276,0.08253991524992557,0.19695719205585296,0.08065658441495333
3559,1623510972.8338895,0.0,0.06438056379556656,-0.026920834556221962,-0.6570236682891846,0.05593248270955001,-0.7348125682336712,1.5415849684633054,-1.0849403142929077,0.1955992579460144,0.0982329398393631,0.1786009921368787,0.3251429272938419,-0.023938977425716348
3560,1623510972.8440857,0.0,0.054079897701740265,-0.026596451178193092,-0.6548391580581665,0.054969916511579016,-0.7358695616209481,1.5415309076930286,-1.061504602432251,-0.32531505823135376,0.24523943662643433,0.008462819878659222,0.03490492084131524,-0.03881619932026269
3561,1623510972.9494753,0.0,-0.009788544848561287,-0.021036988124251366,-0.694515585899353,0.05280832663941647,-0.7347101883297762,1.5361272068252965,-0.10809281468391418,0.3213004767894745,-0.49618464708328247,0.4958161827173467,0.59015703619854,0.04627522403265313
3562,1623510972.9591582,0.0,-0.012063219211995602,-0.01821572706103325,-0.6993595957756042,0.052317175949465874,-0.7361349093011935,1.5357598713003444,-0.04630747064948082,0.3905426561832428,-0.45996564626693726,0.5421009807792123,0.6067648834504504,0.03226684026959257
3563,1623510972.9694157,0.0,-0.014311620034277439,-0.015550521202385426,-0.7039843201637268,0.0511111487925231,-0.7386393461192627,1.5355516703372816,-0.44365110993385315,0.21690455079078674,-0.4301382601261139,-0.07106603378582622,-0.1797865532598307,-0.030221940612050077
3564,1623510972.9787714,0.0,-0.01668640784919262,-0.014595597982406616,-0.7075997591018677,0.04441498248607165,-0.7443172720629161,1.5457315550158532,-0.21994557976722717,0.09013809263706207,-0.3598307967185974,-0.0976415631493867,-0.20492165641841742,-0.024825626367604745
3565,1623510972.989032,0.0,-0.020255737006664276,-0.012188514694571495,-0.7108588218688965,0.046697611424302676,-0.7415447257016358,1.5459196985630956,-0.43193319439888,0.34580156207084656,-0.2959149181842804,-0.08290094160649825,-0.18599364176820649,-0.01092991500884213
3566,1623510972.9991758,0.0,-0.018533583730459213,-0.009847075678408146,-0.7130783200263977,0.04817885093798682,-0.7401059123197581,1.54647647609027,0.037848420441150665,0.3351489007472992,-0.04025144502520561,-0.006357435765428053,-0.07995027926366671,0.029954115926975035
3567,1623510973.0092385,0.0,-0.017596716061234474,-0.008451738394796848,-0.712409257888794,0.04702019220469,-0.7411845889782355,1.5468093325227088,0.687659740447998,0.14553183317184448,-0.12334206700325012,0.027162788178626128,0.020331029209850356,0.03823351193800982
3568,1623510973.0191348,0.0,-0.012974165380001068,-0.0063650356605648994,-0.7135129570960999,0.04644850098042114,-0.7422727712367618,1.5470968608184015,0.4266699552536011,0.032613806426525116,0.0886455625295639,-0.07966377842922182,-0.1017193209083048,0.03760750661048916
3569,1623510973.0290556,0.0,-0.009934676811099052,0.003317061113193631,-0.714351236820221,0.04685917299987896,-0.7449401648245091,1.5471449158489978,0.3606235682964325,0.8368884921073914,-0.1989758461713791,-0.018265934213319276,-0.18673420892678322,0.02320921315084308
3570,1623510973.0390308,0.0,-0.005254668183624744,0.013790848664939404,-0.7173823714256287,0.04834371613314084,-0.7470254365904444,1.5466327763062493,0.8240135908126831,0.5727028846740723,-0.07433990389108658,0.09274091530966927,-0.2384956938486879,-0.02053146686535041
3571,1623510973.138525,0.0,0.04755345731973648,0.10656401515007019,-0.7438579797744751,0.06021462906463623,-0.7631035086071378,1.5484187881123836,0.514021635055542,-0.5639342665672302,-0.6431911587715149,0.7290301487058926,-1.4902633704721424,-0.02483408814804182
3572,1623510973.1488829,0.0,0.04389085993170738,0.10641498863697052,-0.7498592734336853,0.057272101189945676,-0.767591695077675,1.5509118570484324,-1.9296951293945312,0.8251705765724182,-0.6453216671943665,0.4507468967290044,-1.4491580777193107,0.12028746373518556
3573,1623510973.1584437,0.0,0.04154730215668678,0.1125645712018013,-0.757705569267273,0.05618364889281666,-0.7722458992543426,1.5538912228100366,0.8048388361930847,0.47682908177375793,-0.8370692729949951,-0.17134591167965435,-0.47968820751348423,0.27147363983833056
3574,1623510973.1684227,0.0,0.043654948472976685,0.11620018631219864,-0.7646898031234741,0.05777549334475985,-0.7728149170309339,1.5551081170602172,-1.207445740699768,1.0318318605422974,-0.5164246559143066,-0.022617059198931953,-0.32222020388522815,0.2324837700225461
3575,1623510973.1784382,0.0,0.037653401494026184,0.12466371059417725,-0.767788290977478,0.06190403613197745,-0.7724354803068965,1.5552256119476073,0.048501063138246536,0.8763032555580139,-0.31615495681762695,0.2626071727302005,-0.02998441894722522,0.08754925829394454
3576,1623510973.1884384,0.0,0.03764811530709267,0.12766791880130768,-0.7686176896095276,0.062052281482056756,-0.774199020459531,1.5549121824432799,-0.5256764888763428,0.3202351927757263,0.03325180336833,0.25005638254359563,-0.04695058049019685,-0.006673097923744732
3577,1623510973.1982474,0.0,0.029099272564053535,0.13198408484458923,-0.7684069275856018,0.06337154372006598,-0.775502066044017,1.5552459317161693,-0.772817850112915,0.714383065700531,-0.13932102918624878,0.07382765923458665,-0.15442715583365044,-0.006382457101952017
3578,1623510973.2083373,0.0,0.023835506290197372,0.1342216283082962,-0.7751536965370178,0.06399464944851906,-0.7765736286338831,1.5557345541826941,-0.3403204679489136,-0.03982417657971382,-0.8136334419250488,0.10000183848006755,-0.12449226213274826,0.03639196909780557
3579,1623510973.218207,0.0,0.015266882255673409,0.13589349389076233,-0.7818796634674072,0.06498755996095731,-0.7770018663200668,1.5562617088795165,-0.6545735001564026,0.15192341804504395,-0.5867321491241455,0.08406392498850475,-0.07950074681829408,0.05138438187866117
3580,1623510973.228519,0.0,0.011178689077496529,0.1374894082546234,-0.7867147922515869,0.06551023858863429,-0.7779792922838288,1.5562723317715683,-0.34245097637176514,0.1348791867494583,-0.4482477307319641,0.07390824594653568,-0.07395979166536765,0.03114486622316854
3581,1623510973.3314824,0.0,-0.018113402649760246,0.172085240483284,-0.8241222500801086,0.07402378397314736,-0.7996146001370749,1.555568513001475,-0.14324653148651123,0.16896764934062958,-0.34385183453559875,0.4748258621914716,-0.184528619228002,-0.04054210206005125
3582,1623510973.3421507,0.0,-0.020317498594522476,0.17374223470687866,-0.8279320597648621,0.07552455649501821,-0.7992753086922895,1.5559091787513806,-0.12833282351493835,0.050723303109407425,-0.39924558997154236,0.4671793406251748,-0.1840008878562069,-0.03635311090128154
3583,1623510973.3516526,0.0,-0.02155621163547039,0.17510178685188293,-0.8323830962181091,0.0764507970084841,-0.7994070418785135,1.5571388225680034,-0.044176943600177765,-0.13995903730392456,-0.2170853465795517,0.4070627380491143,-0.15115970715235744,-0.008968461147659798
3584,1623510973.361662,0.0,-0.028765305876731873,0.18379099667072296,-0.8363285064697266,0.0774675559856935,-0.8021624980670816,1.557212731003109,-0.08039593696594238,0.4182395339012146,-0.31082862615585327,0.1506269119617473,-0.13061923530208275,0.06072176934355839
3585,1623510973.371729,0.0,-0.029096966609358788,0.18695008754730225,-0.8357369899749756,0.07766455126592288,-0.8035139931276813,1.5571229026370519,-0.4638911485671997,0.42037007212638855,0.11634243279695511,0.03301209157816421,-0.2117665462967076,0.011013176481924573
3586,1623510973.3815575,0.0,-0.029490483924746513,0.19036507606506348,-0.8351200819015503,0.07747103712115817,-0.8052745179504881,1.5567555345161823,-0.2881225049495697,1.0403540134429932,0.40289855003356934,-0.0006042804060935092,-0.15945689800998478,-0.021303776766798073
3587,1623510973.3918025,0.0,-0.030839616432785988,0.19112318754196167,-0.8316307067871094,0.07750738891344217,-0.8058371405322462,1.5564978647153862,-0.05589485168457031,-0.28483501076698303,-0.14890842139720917,0.013069689167115107,-0.11827647520925978,-0.034182301196394385
3588,1623510973.4016597,0.0,-0.028232313692569733,0.19352485239505768,-0.8298370838165283,0.07767131308041753,-0.8070351209571425,1.556212404142589,-0.6439208388328552,0.07628965377807617,0.3986375033855438,0.004883569310696366,-0.11000488873423275,-0.030970419948462682
3589,1623510973.411813,0.0,-0.026807980611920357,0.1962885558605194,-0.829692542552948,0.07776558512283466,-0.8082312261702427,1.556018860452328,1.159571886062622,0.30958256125450134,0.09290661662817001,0.032081797050618865,-0.10002436123451555,-0.023150583386805805
3590,1623510973.421715,0.0,-0.028745552524924278,0.1975802332162857,-0.8288751244544983,0.08022431974679312,-0.807012729189643,1.556095127588132,0.8847336769104004,-0.00040939077734947205,-0.2863275408744812,0.12971952404326684,0.0040864928173744005,-0.004233224345639406
3591,1623510973.5181015,0.0,0.034348201006650925,0.19231684505939484,-0.7735807299613953,0.07849739167767564,-0.8143822044019036,1.5610454210721016,0.0005641641328111291,0.15511921048164368,1.0346004962921143,-0.3927932868016578,-0.4481370561109326,0.04971019926097501
3592,1623510973.5281115,0.0,0.031577106565237045,0.19373591244220734,-0.7607839107513428,0.08044746291785115,-0.8143903545798951,1.5631215616138827,0.20402967929840088,-0.13037165999412537,1.5864074230194092,-0.39460971997421956,-0.5078332753759224,0.16471858007826498
3593,1623510973.53819,0.0,0.033032599836587906,0.19149431586265564,-0.7524271607398987,0.08139228708387937,-0.813565303943981,1.5637943885716772,-0.6194197535514832,0.23075298964977264,0.004489663522690535,0.12512110799250534,0.014593706648221513,0.15557472358586025
3594,1623510973.548139,0.0,0.025965433567762375,0.19188012182712555,-0.7509452104568481,0.08274317995455567,-0.8133767890402226,1.5642479557476987,-0.10063596069812775,-0.1378285139799118,0.28678473830223083,0.12638729688884107,0.06691593585817508,0.06154723301844394
3595,1623510973.5583506,0.0,0.022483646869659424,0.1920994520187378,-0.7464234232902527,0.0822071339971114,-0.8152323582827875,1.5647951041332115,-0.5725480914115906,-0.10693583637475967,0.49983763694763184,0.05261773736859254,-0.07347874812989037,0.044719837871166776
3596,1623510973.5683444,0.0,0.01791902631521225,0.19085758924484253,-0.7418866157531738,0.08322884839139828,-0.8147690275048122,1.565527398571685,-0.36056047677993774,-0.19641806185245514,0.31448161602020264,0.013994389062971785,-0.08873182002765416,0.05992459537297232
3597,1623510973.5780194,0.0,0.013854898512363434,0.1875843107700348,-0.7412683367729187,0.08386416968416886,-0.8137307532581343,1.5660912797680764,-0.37334364652633667,-0.23476757109165192,-0.10523257404565811,0.07681501371403082,0.06347286827701332,0.06523209236313197
3598,1623510973.588162,0.0,0.009124303236603737,0.1877138763666153,-0.7419846653938293,0.08507209758266306,-0.8133053638236691,1.5659840424611695,-0.21142345666885376,-0.06752105057239532,-0.03385985642671585,0.09026904143727858,0.07883932024964975,0.026536781641499644
3599,1623510973.5980184,0.0,0.005356240551918745,0.18942895531654358,-0.7428675889968872,0.08612066632561466,-0.8137394502269619,1.565344830717925,-0.3360593914985657,0.17109818756580353,-0.09457992762327194,0.10834575487952892,0.003808433238253198,-0.033847576664461684
3600,1623510973.6080854,0.0,0.00198210496455431,0.19087468087673187,-0.7448705434799194,0.08728446118721964,-0.8137736040611021,1.5647641701118538,-0.26362141966819763,0.17962029576301575,-0.23199903964996338,0.10811121361906599,-0.026924640664139462,-0.061760460803709574
3601,1623510973.7045546,0.0,-0.017884423956274986,0.192648246884346,-0.7824549674987793,0.07940246864062728,-0.8102138234225209,1.5593954233907774,-0.1815960556268692,0.17322871088981628,0.15788774192333221,0.11453703889257597,0.0261585410796061,-0.06075308406437734
3602,1623510973.7140083,0.0,-0.012208590283989906,0.20239552855491638,-0.7836905717849731,0.08001244469542187,-0.8121465778524437,1.5594577281928426,0.9209526777267456,1.1149225234985352,-0.3875276744365692,0.11989384966850417,0.057758972665139637,0.02876333728995477
3603,1623510973.7240167,0.0,-0.010631858371198177,0.21302905678749084,-0.7850837707519531,0.0815070035315322,-0.8128658232616928,1.559636190537847,1.363037347793579,1.480308175086975,0.2558920681476593,0.1141439686533197,-0.11249338317257616,0.018346233056271467
3604,1623510973.7340505,0.0,-0.005805257707834244,0.2264070063829422,-0.7846614718437195,0.08371755743028639,-0.8147601451003279,1.5596868623436237,-1.675096869468689,1.6773821115493774,0.685193657875061,0.14987656302478378,-0.18011499443193557,0.007191391225994721
3605,1623510973.7441578,0.0,0.00980462972074747,0.2344527393579483,-0.7827841639518738,0.0823421579967713,-0.8169730844586178,1.5595376758700468,2.6541378498077393,1.7583422660827637,-0.8285471796989441,0.054718485688658586,-0.182228876228661,-0.003923036940156038
3606,1623510973.7541292,0.0,0.00750244315713644,0.23938767611980438,-0.7812229990959167,0.08465463555273273,-0.8149787094568264,1.5592109735066646,0.5246742963790894,-0.258203387260437,1.1730848550796509,0.07934602303867239,-0.038779647713526,-0.025969235266383423
3607,1623510973.7642033,0.0,0.02419992908835411,0.26243674755096436,-0.7909001708030701,0.08705512013940722,-0.8197338126990561,1.5585450029979937,-2.8362350463867188,2.0736606121063232,-1.8384177684783936,0.15160254079435934,-0.17634902162690896,-0.057481030431492774
3608,1623510973.7739966,0.0,0.04919511079788208,0.26201382279396057,-0.7849642634391785,0.08436289326657292,-0.8204618476643366,1.5577630190561882,5.684815406799316,3.6768834590911865,-0.14145156741142273,0.051909226170902524,-0.1193339519098324,-0.058660391161597915
3609,1623510973.784434,0.0,0.04296218976378441,0.2769472301006317,-0.7840862274169922,0.09049898350158772,-0.8179490314023612,1.5583105402817183,1.793404221534729,-0.038758911192417145,0.3634837865829468,0.2596250434227502,0.07610137921975474,-0.021186204951417868
3610,1623510973.7944798,0.0,0.06517442315816879,0.2943529188632965,-0.7868895530700684,0.09141113948362367,-0.8218898819233498,1.5583082284973346,0.4437141716480255,2.1173362731933594,-0.7614355087280273,0.3085897826923909,-0.13092497645274173,0.010467942078383613
3611,1623510973.8930976,0.0,0.025745727121829987,0.3421787917613983,-0.8416528105735779,0.0982212596172979,-0.8285969434008389,1.5698813767746806,-1.4737619161605835,0.47150275111198425,-1.2290865182876587,0.530026317748012,-0.23245913498830928,-0.013192328958115698
3612,1623510973.90313,0.0,0.010737710632383823,0.3461770713329315,-0.8518184423446655,0.0992027575178784,-0.8368768836453858,1.5855687674828467,-1.277753233909607,-0.03343259170651436,-0.4770098924636841,0.5247594934385013,-0.22712786767810472,-0.06436282470359225
3613,1623510973.913429,0.0,-0.00041803281055763364,0.34636250138282776,-0.85631263256073,0.1002040288738099,-0.8453236332418808,1.601572199539199,-0.6215502619743347,-0.22944125533103943,-0.6325384974479675,0.5160571792793974,-0.2237462943068915,-0.11467719404080098
3614,1623510973.9231648,0.0,-0.011646868661046028,0.35064569115638733,-0.8655921816825867,0.1012042079823287,-0.8537611686125441,1.617558174083006,-0.934738039970398,0.6845556497573853,-0.9478567838668823,0.5072186175478491,-0.2224486854487833,-0.16420270855135907
3615,1623510973.9331417,0.0,-0.019001400098204613,0.35465702414512634,-0.8729214668273926,0.10221923501793924,-0.8623239614585442,1.6337814647059985,0.40962570905685425,0.8113220930099487,-0.5398604869842529,0.4975747368646487,-0.2264268444990344,-0.2170742165524665
3616,1623510973.943122,0.0,-0.03179200738668442,0.3648933172225952,-0.8821478486061096,0.10325274585544876,-0.871042684108495,1.6503001840018285,-2.5507442951202393,0.5620502233505249,-0.36728763580322266,0.49023866270914696,-0.24040177455870212,-0.271081757263188
3617,1623510973.9532633,0.0,-0.021981598809361458,0.3712781071662903,-0.8859149813652039,0.1042843236309843,-0.8797450994004534,1.66678800695195,2.446411371231079,2.150359630584717,-0.9116377830505371,0.4816045738815589,-0.26241424385709966,-0.33307680316769495
3618,1623510973.963368,0.0,-0.03988931328058243,0.37632817029953003,-0.8772616982460022,0.10533091937258741,-0.8885742066206987,1.6835158637332233,0.5726111531257629,-0.05793367326259613,2.4503369331359863,0.48135025517211555,-0.2874668119870028,-0.3970289312318964
3619,1623510973.9730785,0.0,-0.023559635505080223,0.39783528447151184,-0.8823019862174988,0.10638895533779762,-0.8974998238465132,1.7004265708877955,-6.59661865234375,1.2906911373138428,1.321156620979309,0.4873724395389976,-0.30878542171571516,-0.4667059336278768
3620,1623510973.9831464,0.0,-0.015498734079301357,0.3792130947113037,-0.8748379945755005,0.10745562446703331,-0.9064982706547545,1.7174752628684538,5.667770862579346,-0.29761818051338196,-3.133779287338257,0.5009522623176818,-0.3162889610131022,-0.5386792105452076
3621,1623510974.0740998,0.0,0.0749828889966011,0.4709608554840088,-0.8228597044944763,0.11726328743449647,-0.9892359548222092,1.874232236891128,2.5050008296966553,3.3093671798706055,-0.14038629829883575,0.685547848393387,-0.3367378732023884,-1.1821460768689067
3622,1623510974.0837498,0.0,0.07708188146352768,0.48168233036994934,-0.82474285364151,0.11844123890897347,-0.9991731822109552,1.8930595670407406,-1.1989237070083618,0.4544585347175598,0.23884785175323486,0.6962267992071733,-0.3173787777452093,-1.2384847347748487
3623,1623510974.0935261,0.0,0.08787865936756134,0.4991409182548523,-0.8124957084655762,0.12782839026368015,-0.8413622448791532,1.4623076531420471,-3.4732632637023926,1.77432119846344,1.872963547706604,0.7040282998229596,-0.30584501795462254,-1.2856321023195676
3624,1623510974.1036427,0.0,0.10444516688585281,0.515589714050293,-0.8144290447235107,0.12434895503881448,-0.8446368198186347,1.4571322349689109,-2.908673048019409,3.514963388442993,-1.558253288269043,0.7080558966077182,-0.3040795107952758,-1.3157906440220772
3625,1623510974.1135142,0.0,0.09416575729846954,0.5124290585517883,-0.8137416839599609,0.1276450791068743,-0.842533674279988,1.4516714975087905,0.2807287275791168,-2.496324062347412,-0.7646312713623047,0.38114906959998535,-0.1850054674983426,-0.9619097633868499
3626,1623510974.1236997,0.0,0.08757743239402771,0.4925575256347656,-0.8238154649734497,0.12650278890717753,-0.8395596107483867,1.4473179443389834,-2.576310634613037,-1.1359813213348389,-0.6208205819129944,0.1214524175191788,0.2082801555064882,-0.5091491088366675
3627,1623510974.1338773,0.0,0.061284247785806656,0.4693149924278259,-0.838320255279541,0.1274058795532788,-0.8338779219850756,1.4445122736383063,-1.4290207624435425,-2.3589048385620117,-1.245065450668335,-0.018111702738540316,0.42544880180762334,-0.3787686659327452
3628,1623510974.1436143,0.0,0.04764626547694206,0.4468085467815399,-0.8520442843437195,0.12700717940274647,-0.8293162942514583,1.4414293827760403,-0.8303421139717102,-1.7900537252426147,-0.9798147082328796,0.03596185356649324,0.5408884075509172,-0.3073975527107076
3629,1623510974.1534693,0.0,0.03670591488480568,0.4257696568965912,-0.8640721440315247,0.12625732442207324,-0.8258127010139887,1.4392174689702781,-0.7291420102119446,-2.467561960220337,-1.0266863107681274,-0.05458594258404863,0.4321852567209379,-0.2712934654973357
3630,1623510974.163822,0.0,0.024695856496691704,0.40830302238464355,-0.8764313459396362,0.12593540055189645,-0.8224988685304873,1.4367152672678318,-0.15709497034549713,-1.727203130722046,-0.9212251305580139,-0.04897927202070775,0.3634334911760502,-0.23927480471525842
3631,1623510974.2565045,0.0,-0.011415204033255577,0.29292652010917664,-0.9060564637184143,0.12031721141393227,-0.8040493500027658,1.4196606118222037,-0.15176865458488464,-2.0361297130584717,0.18878041207790375,-0.45055235255683623,1.1417132449162688,0.1260895531553368
3632,1623510974.2666068,0.0,-0.013880849815905094,0.2732240855693817,-0.9040262699127197,0.1189490217608277,-0.8013403448184024,1.41900806529328,-0.116614930331707,-2.2907280921936035,0.22712993621826172,-0.5150865628646313,1.1281535491198527,0.2225015526476382
3633,1623510974.27606,0.0,-0.015781747177243233,0.2509852349758148,-0.9014977812767029,0.11724049381131318,-0.7983729859175814,1.4185367631369017,-0.12407178431749344,-2.5495872497558594,0.2569573223590851,-0.16794948019492395,0.31363692399274073,-0.05787445621016531
3634,1623510974.286058,0.0,-0.01784633845090866,0.22658129036426544,-0.8986630439758301,0.11537012073825925,-0.7951965891599346,1.4182165873697374,-0.06654749810695648,-2.7690317630767822,0.2750668227672577,-0.19850610180464004,0.33870949997773603,-0.04183348968846247
3635,1623510974.2961228,0.0,-0.019643092527985573,0.20008856058120728,-0.8955361247062683,0.11326606216977819,-0.7917977472636262,1.4179436907577618,-0.037785355001688004,-2.988476276397705,0.3038289546966553,-0.21776591376048052,0.35627785763377573,-0.028378574842647004
3636,1623510974.3060524,0.0,-0.02115272730588913,0.17144599556922913,-0.8920978903770447,0.11089821553624798,-0.7882346250276657,1.4177713312211044,0.011216809041798115,-3.21750807762146,0.31448161602020264,-0.23012947154445182,0.35391129618914474,-0.02598343406438329
3637,1623510974.3161054,0.0,-0.022167081013321877,0.14111864566802979,-0.8886703252792358,0.1082531665435196,-0.7845531526166855,1.417387310345311,0.16781069338321686,-3.370906114578247,0.23352152109146118,-0.2537354402372997,0.36740028858463836,-0.029401589215835782
3638,1623510974.32606,0.0,-0.021524494513869286,0.11303962022066116,-0.8869726657867432,0.1054824380472417,-0.7814529791432631,1.4166010328129888,-0.02500218152999878,-2.1469173431396484,0.046034976840019226,-0.27990637741940766,0.3490982885816744,-0.05613890428088464
3639,1623510974.3360646,0.0,-0.02156013436615467,0.09510538727045059,-0.8861202001571655,0.10376391650900546,-0.779462264996728,1.4153403436266625,0.3478403687477112,-1.813489556312561,0.009815986268222332,-0.23492197376052748,0.27075157853808385,-0.09950067155785915
3640,1623510974.346359,0.0,-0.02027011290192604,0.08311883360147476,-0.887250542640686,0.10237664470921265,-0.7782825364129957,1.4141012016862784,0.37660253047943115,-1.2329204082489014,-0.1659526526927948,-0.15942990362651305,0.17036889040670158,-0.12522019833505516
3641,1623510974.4511864,0.0,-0.038988061249256134,-0.023383907973766327,-0.88279789686203,0.09473753262366523,-0.7639012610842417,1.4103987773045665,-0.2614908814430237,-0.3040097653865814,0.14297404885292053,-0.48981516619199006,0.8162673632778448,-0.047702667468572706
3642,1623510974.461062,0.0,-0.041088998317718506,-0.028715185821056366,-0.8813555240631104,0.09454865374207588,-0.7630924749325064,1.4104923065313053,-0.16987814009189606,-0.221984401345253,0.1312561333179474,-0.44082115434798685,0.8193284932825722,0.02355242571821696
3643,1623510974.4710853,0.0,-0.042850203812122345,-0.03280752897262573,-0.8801628947257996,0.09443481228001371,-0.7624598897350234,1.410521203645601,-0.15283390879631042,-0.04834629222750664,0.10036347061395645,-0.023608832959613812,0.08808778321324771,0.005317684654975419
3644,1623510974.4810076,0.0,-0.04432174935936928,-0.0352354533970356,-0.8792144060134888,0.09446076714373552,-0.762037695213159,1.410486598553957,-0.09957069903612137,0.12422655522823334,0.09397187829017639,-0.00417967595113837,0.052856233957571636,-0.0024556296345880782
3645,1623510974.491082,0.0,-0.04550311714410782,-0.035781726241111755,-0.8785409927368164,0.09464639505333519,-0.7618230743464914,1.4103783449237697,-0.054829586297273636,0.29573413729667664,0.09929820150136948,0.01069927152237741,0.031847204995421916,-0.009515015047268644
3646,1623510974.5010767,0.0,-0.04678764194250107,-0.034523043781518936,-0.8778324723243713,0.0950403319204275,-0.7617856924809905,1.4102209408707187,-0.04524220898747444,0.48535120487213135,0.08544976264238358,0.02625170498260784,0.011941287898941786,-0.016042035188933133
3647,1623510974.511119,0.0,-0.0479121208190918,-0.031027743592858315,-0.8768690824508667,0.09559402287843394,-0.762033497803278,1.4100308900833185,-0.006892687175422907,0.5769639611244202,0.11740770190954208,0.04630277546009356,-0.010882006453333605,-0.019565454483023482
3648,1623510974.521204,0.0,-0.048365868628025055,-0.02732638269662857,-0.8757789134979248,0.09609106683634794,-0.762369627124961,1.4097159572120233,0.15822330117225647,0.5237007141113281,0.16640986502170563,0.05480567685000559,-0.02963657770817309,-0.02593739421849043
3649,1623510974.5312696,0.0,-0.04857145622372627,-0.023673156276345253,-0.8746379613876343,0.09653871333764434,-0.7627110525133264,1.4093537203476467,0.006955750752240419,0.527961790561676,0.11953822523355484,0.04854110887876798,-0.03716315872870816,-0.035413864383756356
3650,1623510974.5413105,0.0,-0.048091139644384384,-0.02024717815220356,-0.8735771179199219,0.09690700975322446,-0.7631140678681936,1.4089450837320059,0.16994121670722961,0.4193047881126404,0.12379928678274155,0.043264327504601,-0.04003831741582005,-0.040585381712132856
3651,1623510974.6285238,0.0,-0.04816863313317299,0.009180022403597832,-0.8603641986846924,0.10015933063243224,-0.7664603380351701,1.40737116308806,-0.09104858338832855,0.1636413335800171,-0.07540516555309296,0.15935135365553807,-0.18549543779510863,-0.022510026817436142
3652,1623510974.6385026,0.0,-0.04796309396624565,0.011061469092965126,-0.8596417903900146,0.10032151679639449,-0.766721337878513,1.4074106133418978,0.10709060728549957,-0.052607350051403046,0.09610240906476974,0.15329621625563383,-0.18095618031299546,0.001084538768780275
3653,1623510974.64838,0.0,-0.048033539205789566,0.012019353918731213,-0.8596811890602112,0.10041435050391498,-0.7668604126818908,1.4074641137266788,-0.023936918005347252,-0.056868407875299454,-0.028533535078167915,0.014442047549548758,-0.021314474050481678,0.004493145697880321
3654,1623510974.6584644,0.0,-0.04774605855345726,0.012646326795220375,-0.8596956133842468,0.1004393708402877,-0.7669873429095986,1.4074955927890023,0.04956632852554321,-0.11439268290996552,-0.006162981037050486,0.004902616844449053,-0.012253665442614548,0.004028149525836109
3655,1623510974.668468,0.0,-0.04760265722870827,0.01263165008276701,-0.8596722483634949,0.10041378514868908,-0.7670226898544044,1.4075125283310943,0.0026946929283440113,-0.1932222545146942,-0.0029671876691281796,-0.000535535373538694,-0.007445002685290149,0.002040395296869882
3656,1623510974.6784668,0.0,-0.04718935489654541,0.011894909664988518,-0.8596797585487366,0.10029174206300992,-0.7670004660255936,1.4075037317401609,0.02932630479335785,-0.2262454628944397,-0.01255456730723381,-0.007852992273938774,-7.941926182106532e-07,-0.00022884237673966292
3657,1623510974.6884322,0.0,-0.047032203525304794,0.010674321092665195,-0.8596999049186707,0.10015135445431496,-0.7668987950209272,1.4074907989302519,0.00908628012984991,-0.24542021751403809,-0.01681562513113022,-0.013631829972780134,0.007064132040564269,-0.0018874440199555668
3658,1623510974.6985562,0.0,-0.046749334782361984,0.009022822603583336,-0.859769344329834,0.099955348328665,-0.7667595383610568,1.4074630563668953,-0.009023215621709824,-0.258203387260437,-0.017880890518426895,-0.017189478826649878,0.012725215341861754,-0.002906188723168173
3659,1623510974.709131,0.0,-0.04671812430024147,0.007157086860388517,-0.859870195388794,0.09977152889975274,-0.7665693599408061,1.4074286619440355,-0.006892687175422907,-0.258203387260437,-0.018946155905723572,-0.01910614581202001,0.01689825686374872,-0.0037995759008470097
3660,1623510974.718559,0.0,-0.046690840274095535,0.005148023832589388,-0.8600578308105469,0.09957197261420522,-0.7663619946477429,1.4073827574537754,-0.03458956256508827,-0.24648548662662506,-0.022141948342323303,-0.020546645401163112,0.020862693342486336,-0.004445508888010608
3661,1623510974.817916,0.0,-0.048640668392181396,-0.005479360464960337,-0.8609057068824768,0.09884100786027553,-0.7649115787161908,1.4070830379034622,0.020804189145565033,0.14233604073524475,0.039643388241529465,-0.04923315784377902,0.07619045064663486,-0.0035919955643778315
3662,1623510974.828074,0.0,-0.04846039041876793,-0.004753053188323975,-0.8606440424919128,0.09888843153831234,-0.765009218051627,1.4070779616747944,0.03358736261725426,0.12955287098884583,0.03644759580492973,-0.03567910649557842,0.060910788153275795,-0.001109426360561751
3663,1623510974.8380542,0.0,-0.04817961901426315,-0.003930632025003433,-0.8604090809822083,0.09893927643623199,-0.7651340298858165,1.4070783021237245,0.022934718057513237,0.14233604073524475,0.02259915880858898,0.004892755853717702,-0.010776649078420103,-0.00032784521148083957
3664,1623510974.847897,0.0,-0.04799085855484009,-0.0029345634393393993,-0.860085129737854,0.09901252636138436,-0.7652641048269683,1.4070747444482057,-0.06974329054355621,0.11357390880584717,0.04070865362882614,0.005656640026246237,-0.013941021565966343,-0.0003249558277632541
3665,1623510974.857924,0.0,-0.04776013642549515,-0.0019243306014686823,-0.8598586916923523,0.09908525142274324,-0.7654032627558357,1.4070689490487975,0.06554529070854187,0.12529180943965912,0.03112127259373665,0.007551168458380653,-0.013701883500929614,-0.00045545218482174614
3666,1623510974.8679018,0.0,-0.04770563542842865,-0.0008394104661419988,-0.8596844673156738,0.09918279383351952,-0.7655351631120637,1.4070605674065066,-0.022871654480695724,0.1167697012424469,0.02259915880858898,0.008357889963507831,-0.013620775414678616,-0.0004752141521233974
3667,1623510974.8778775,0.0,-0.04741423577070236,0.00035058893263339996,-0.859562337398529,0.09926345403839014,-0.7657033628974921,1.4070603867858993,0.0016294285887852311,0.08800756186246872,0.0012938702711835504,0.00874619326699561,-0.014604645812254268,-0.0004641132833713559
3668,1623510974.8879113,0.0,-0.047500114887952805,0.001326188794337213,-0.8595053553581238,0.09936313429479576,-0.7658088441569328,1.4070588242044475,0.00908628012984991,0.053919095546007156,0.011946515180170536,0.009059695814619136,-0.013264483135528027,-0.0002138271325795259
3669,1623510974.8978038,0.0,-0.04732605814933777,0.0020952632185071707,-0.859499990940094,0.09942078639121565,-0.76591383110698,1.4070552228394346,-0.01754533126950264,0.03474433347582817,0.005554927978664637,0.007649537202505306,-0.010263969908232213,-0.0001762035059968829
3670,1623510974.9078095,0.0,-0.04737168550491333,0.0026420981157571077,-0.8595218062400818,0.09948190863883177,-0.765969889808662,1.4070562845058916,0.012282073497772217,-0.021714679896831512,-0.007228245493024588,0.00613393430331913,-0.00773559942201927,-5.060720804876564e-05
3671,1623510975.002999,0.0,-0.04745321720838547,-0.0014403616078197956,-0.8603688478469849,0.09910230408924,-0.7655111256859087,1.4070368607943224,-0.0005011003231629729,-0.05899893864989281,-0.008293509483337402,-0.01663250435652766,0.02145763717105766,-0.00013455782646810345
3672,1623510975.0126579,0.0,-0.04753141477704048,-0.002188359387218952,-0.8604729771614075,0.09903894594690353,-0.7654210631402114,1.4070334384333971,0.00908628012984991,-0.04408523440361023,-0.006162981037050486,-0.0237344679769395,0.029488380551786632,-0.00038002975500637127
3673,1623510975.0228796,0.0,-0.047593895345926285,-0.0027616105508059263,-0.8605512976646423,0.09899448941130233,-0.7653496035264598,1.407031139426845,0.0037599573843181133,-0.001474655233323574,-0.005097716581076384,-0.005930552063406097,0.00853552815071105,-0.0002456492484425114
3674,1623510975.0329618,0.0,-0.04764941334724426,-0.0032285191118717194,-0.8605683445930481,0.0989566293572365,-0.7652903914236826,1.4070293589610032,-0.014349537901580334,0.008112724870443344,0.00022860581520944834,-0.004148852647717825,0.006403270354615884,-0.00011163251492979136
3675,1623510975.0430107,0.0,-0.047719139605760574,-0.0034402518067508936,-0.8605336546897888,0.09894245250330652,-0.7652608489070352,1.4070351605853892,0.0026946929283440113,0.03154854103922844,0.006620192434638739,-0.0020526380284481478,0.004160471262437896,7.086045855228566e-05
3676,1623510975.0527885,0.0,-0.047757215797901154,-0.003422872396185994,-0.8604899644851685,0.09894971966625682,-0.765257851143009,1.4070336328337394,0.00908628012984991,0.0517885647714138,0.009815986268222332,1.943979483198662e-05,0.0014227548072083377,0.00013099956340725344
3677,1623510975.0628262,0.0,-0.047736652195453644,-0.0033211656846106052,-0.8603556156158447,0.09895707749799738,-0.7652725869656098,1.4070332213722092,0.0037599573843181133,0.07309386134147644,0.017272837460041046,0.0009558983866860631,-0.0008448318401883108,-0.00015896860056272927
3678,1623510975.0727422,0.0,-0.047680504620075226,-0.003123087342828512,-0.8601993918418884,0.0989707043626033,-0.7652999752765456,1.4070354196355452,0.011216809041798115,0.04859277233481407,0.01620757207274437,0.0013678170990821296,-0.0024445070854245674,6.548494928799065e-05
3679,1623510975.0827804,0.0,-0.047595489770174026,-0.0027804288547486067,-0.8600782155990601,0.09899722004475002,-0.765345522524279,1.4070371935024668,0.010151544585824013,0.06457174569368362,0.017272837460041046,0.0020756637356123906,-0.003920274460845474,0.00012742275118395345
3680,1623510975.0928311,0.0,-0.047501079738140106,-0.0023803007788956165,-0.8599804043769836,0.09902553812963252,-0.7653983432151433,1.4070346427159068,0.02932630479335785,0.06776753813028336,0.017272837460041046,0.002930428504770861,-0.004994980096254226,-4.015252629573677e-05
3681,1623510975.184561,0.0,-0.047230083495378494,-0.00015137158334255219,-0.8598877787590027,0.09921026182817395,-0.7656761912011738,1.4070324500693654,-0.006892687175422907,-0.04301996901631355,-0.0029671876691281796,0.011518969228870296,-0.017472188128748747,-0.0001682857782830638
3682,1623510975.1943374,0.0,-0.047217339277267456,-0.0004128776490688324,-0.859948992729187,0.09918343290325873,-0.7656500743903575,1.4070324442937303,-0.004762158263474703,-0.04301996901631355,-0.005097716581076384,0.008875120619362074,-0.013714544177021148,-0.00019413982824974862
3683,1623510975.204315,0.0,-0.04718683660030365,-0.0007427447126246989,-0.8600049614906311,0.09914861823588987,-0.7656141201701715,1.40703239286557,0.0026946929283440113,-0.05367261543869972,-0.006162981037050486,-0.0030132734576844675,0.0030652370088197585,-5.704763452412703e-05
3684,1623510975.2142172,0.0,-0.04715520888566971,-0.0011113996151834726,-0.860063374042511,0.09910627649271524,-0.7655773269691295,1.4070291127911734,0.004825221840292215,-0.04301996901631355,-0.006162981037050486,-0.0039305842851287045,0.0037531762168217927,-0.0001175542868901782
3685,1623510975.224592,0.0,-0.04710118845105171,-0.0015162961790338159,-0.860119104385376,0.09906368286462001,-0.7655358365291787,1.4070246457566014,0.012282073497772217,-0.05047682300209999,-0.008293509483337402,-0.004248859047500475,0.003940161047353845,-0.00030612083224153947
3686,1623510975.2341824,0.0,-0.04708526283502579,-0.0018908486235886812,-0.8601885437965393,0.09902368896103061,-0.7654958289194693,1.4070262149313848,0.0005641641328111291,-0.021714679896831512,-0.008293509483337402,-0.00418883382195793,0.00410626458248406,-0.0001371036735946903
3687,1623510975.2444701,0.0,-0.04706911742687225,-0.0022702310234308243,-0.8602350950241089,0.09898738413145444,-0.7654558021588611,1.4070227697765763,-0.001566364779137075,-0.019584152847528458,-0.006162981037050486,-0.003773084938965879,0.004011949173355349,-8.439083732632584e-05
3688,1623510975.2544496,0.0,-0.04708719998598099,-0.002575298771262169,-0.8602686524391174,0.09896094552784812,-0.7654212738347659,1.4070203083562494,-0.003696893807500601,-0.00999677088111639,-0.0008366586407646537,-0.003050120232082057,0.003696967755001403,-0.00018146745312569367
3689,1623510975.2644026,0.0,-0.0470796637237072,-0.0028134630993008614,-0.8602874279022217,0.09893899754063804,-0.7653933341025001,1.4070229567244288,-0.004762158263474703,-0.001474655233323574,0.0023591346107423306,-0.0024459790518398176,0.003082200349157801,3.3218776056030385e-05
3690,1623510975.27442,0.0,-0.0471138097345829,-0.0029793826397508383,-0.8602889776229858,0.09892363190942856,-0.7653732792749027,1.407025748475607,-0.016480065882205963,0.010243253782391548,0.005554927978664637,-0.001780707700442563,0.002212198011333297,0.00013906556673998167
3691,1623510975.3710628,0.0,-0.046767931431531906,-0.0014720546314492822,-0.859869122505188,0.09903399381447023,-0.7655735632302781,1.4070255120512571,0.011216809041798115,0.001721138134598732,0.005554927978664637,0.005344516810021355,-0.010176846852811592,0.000189302101362752
3692,1623510975.381623,0.0,-0.04670720174908638,-0.0013739499263465405,-0.8598358631134033,0.099036960374164,-0.7655894468410459,1.4070265026127684,0.012282073497772217,-0.013192563317716122,0.00022860581520944834,0.006418364615622857,-0.012194502351761656,0.00015330462973693574
3693,1623510975.3911312,0.0,-0.046721599996089935,-0.0012865442549809813,-0.8598544597625732,0.09904651860355748,-0.7655997402373276,1.407027611361931,-0.003696893807500601,-0.012127299793064594,0.00022860581520944834,0.0006486982222653357,-0.001275105594613482,3.19340064928038e-05
3694,1623510975.4011345,0.0,-0.046693723648786545,-0.0013459151377901435,-0.8598545789718628,0.09903758252402783,-0.7655962326584078,1.4070244122550277,-0.016480065882205963,-0.024910472333431244,-0.0019019230967387557,-3.298477804965194e-05,-0.00017725065911714785,-9.841511604740359e-05
3695,1623510975.41111,0.0,-0.04667295515537262,-0.0014403811655938625,-0.8598912358283997,0.09902323670168373,-0.76558473836452,1.4070271083783212,-0.0005011003231629729,-0.02597573772072792,-0.0029671876691281796,-0.0012010547765636177,0.0009636753572297497,-6.480020529782872e-05
3696,1623510975.4211645,0.0,-0.04665999114513397,-0.0015725370030850172,-0.859926700592041,0.0990130515963797,-0.7655727366096201,1.4070254760664918,0.0016294285887852311,-0.0408894419670105,-0.004032452125102282,-0.0012683821897749162,0.0013231924429002444,-6.72200998046788e-06
3697,1623510975.4309742,0.0,-0.04662904143333435,-0.0018217499600723386,-0.8599628806114197,0.09898453975722299,-0.7655504696272963,1.407021454614374,-0.0005011003231629729,-0.02597573772072792,-0.005097716581076384,-0.0019345954961381478,0.0019574738263512474,-0.00024405415438800382
3698,1623510975.4411054,0.0,-0.046629033982753754,-0.0020050578750669956,-0.8600049614906311,0.09896634758095015,-0.7655276752529385,1.4070252675404222,-0.003696893807500601,-0.029171530157327652,-0.0019019230967387557,-0.0024400839016838053,0.002417454757067021,-0.0001077057439818134
3699,1623510975.451051,0.0,-0.04657517001032829,-0.002263749949634075,-0.8600068092346191,0.09893657001117233,-0.7655046296399972,1.4070252744798133,-0.006892687175422907,-0.023845210671424866,-0.0008366586407646537,-0.0024136135997846753,0.0022920617398913745,1.7886656375963216e-05
3700,1623510975.4610348,0.0,-0.04656725376844406,-0.00243820296600461,-0.860019326210022,0.0989176608622863,-0.765486103933384,1.4070223574434617,0.0005641641328111291,-0.011062035337090492,-0.0019019230967387557,-0.002483016440674965,0.002188533631756408,-0.00011555286283677526
3701,1623510975.5537422,0.0,-0.04646862670779228,-0.0027237548492848873,-0.8599164485931396,0.09888426290390441,-0.7654612199240665,1.4070207049205423,0.0016294285887852311,0.028352748602628708,0.006620192434638739,-0.002427122433447802,0.002013368195930177,-0.00018506510440434126
3702,1623510975.5638068,0.0,-0.04643615707755089,-0.0025807227939367294,-0.8598787784576416,0.09889250778753539,-0.7654809870134461,1.407022347355574,0.004825221840292215,0.021961163729429245,0.004489663522690535,-0.0009364874707152854,6.471120384301827e-05,-6.262583775667498e-05
3703,1623510975.5737488,0.0,-0.04642411321401596,-0.002465690253302455,-0.8598700761795044,0.0989057638114535,-0.7654951590726032,1.4070240001276324,-0.002631629351526499,-0.001474655233323574,0.004489663522690535,0.0011340325884020847,-0.0018440247290516605,6.425650942707274e-05
3704,1623510975.583615,0.0,-0.046406038105487823,-0.0023858281783759594,-0.859856128692627,0.0989118198905013,-0.7655069597194516,1.4070196830831385,0.0016294285887852311,0.007047460414469242,-0.007228245493024588,0.0008273320663924061,-0.0013180804905472505,9.743302200963721e-06
3705,1623510975.59373,0.0,-0.046388909220695496,-0.002325457753613591,-0.8598276972770691,0.0989127182048831,-0.7655155118793967,1.4070240018063074,0.0005641641328111291,0.002786402590572834,0.006620192434638739,0.0003775782991380091,-0.0008422202860789833,-7.719252927891557e-05
3706,1623510975.6035597,0.0,-0.0463847853243351,-0.0022890607360750437,-0.8598323464393616,0.09891707210484164,-0.7655186193745185,1.4070201550670307,0.006955750752240419,-0.005735713057219982,-0.008293509483337402,0.0003201614631730104,-0.0005823944484410699,2.1149554398345672e-05
3707,1623510975.6136534,0.0,-0.04636233299970627,-0.0022548148408532143,-0.8598618507385254,0.09891815076609455,-0.7655261565461311,1.4070245132102568,0.0016294285887852311,-0.008931506425142288,-0.005097716581076384,0.00018811001571314954,-0.0004102489183220565,1.0724797984658536e-05
3708,1623510975.623763,0.0,-0.04637446999549866,-0.002270917408168316,-0.8598777651786804,0.09891997082013584,-0.7655195988305855,1.407020076429002,-0.010088480077683926,-0.020649414509534836,-0.008293509483337402,1.4607531817608539e-05,-0.00012730120319877675,-5.247287527123325e-06
3709,1623510975.6338522,0.0,-0.04635292664170265,-0.002297590719535947,-0.8598742485046387,0.09890962686912677,-0.7655214603032235,1.407021260366202,0.0026946929283440113,-0.013192563317716122,-0.007228245493024588,-0.0003834507165591064,0.0004590885751663611,-9.273191642424227e-05
3710,1623510975.643778,0.0,-0.0463789626955986,-0.0024092388339340687,-0.8599220514297485,0.09890498450485258,-0.7655064580560695,1.40702168465971,-0.01754533126950264,-0.005735713057219982,0.0023591346107423306,-0.0008676811476640415,0.0008727311755926375,0.00013246449342879763
3711,1623510975.7381616,0.0,-0.04621247574687004,-0.0031977545004338026,-0.8599942326545715,0.09881192921165009,-0.7654323669505166,1.4070199254474205,0.004825221840292215,0.009177989326417446,0.0023591346107423306,-0.005474427746475988,0.004737271331620918,0.00013911585265535985
3712,1623510975.7485726,0.0,-0.046200573444366455,-0.0031152875162661076,-0.8599392771720886,0.09881855502777163,-0.7654441446839,1.4070220050528286,0.0026946929283440113,0.008112724870443344,0.006620192434638739,-0.005037899405495652,0.003599414962329762,2.3262700413793132e-05
3713,1623510975.7581139,0.0,-0.04616747796535492,-0.0030430350452661514,-0.8599199056625366,0.09881933515224858,-0.7654570586521359,1.4070197871247008,0.0005641641328111291,0.018765367567539215,0.005554927978664637,0.00037301345397223177,-0.001108489794117377,0.00011804466078263537
3714,1623510975.7681196,0.0,-0.04614364728331566,-0.0029305038042366505,-0.8599177598953247,0.09883034447054956,-0.7654726722427428,1.4070221085952412,-0.01221900898963213,0.023026425391435623,0.0012938702711835504,0.0005662371566960325,-0.0013738915088504743,-2.0488303888802996e-06
3715,1623510975.778101,0.0,-0.04612322524189949,-0.0028259195387363434,-0.8598870635032654,0.09883667040605942,-0.7654869676539986,1.4070198373624474,-0.001566364779137075,0.009177989326417446,0.0023591346107423306,0.0008892022250924466,-0.0013989035835267683,-0.00010362204225871178
3716,1623510975.7881272,0.0,-0.04610615596175194,-0.002741333795711398,-0.859886646270752,0.09884361645896445,-0.7654948344042652,1.4070203650532713,-0.003696893807500601,0.013439047150313854,0.0023591346107423306,0.000618043275581091,-0.0011759538388297964,2.116435623470536e-05
3717,1623510975.7980456,0.0,-0.04609222337603569,-0.002687199506908655,-0.8598911762237549,0.0988475159102645,-0.7655015704280059,1.4070210732691009,-0.003696893807500601,0.01130851823836565,-0.0008366586407646537,0.00043140998762844626,-0.000818042009596021,4.865933443265068e-05
3718,1623510975.808141,0.0,-0.04607208073139191,-0.002595848636701703,-0.8598868250846863,0.09885112965746151,-0.7655157157561492,1.4070203285830862,-0.001566364779137075,0.009177989326417446,0.00875072181224823,0.0004753188822629036,-0.0009329918919784687,4.947654723461962e-05
3719,1623510975.8180716,0.0,-0.04603632166981697,-0.002566973678767681,-0.8598765134811401,0.09885504737576627,-0.7655217942752774,1.4070195242897783,0.004825221840292215,-0.00999677088111639,0.010881250724196434,0.00040502783583773846,-0.0009076984634086464,-9.546944933851624e-05
3720,1623510975.8281698,0.0,-0.04602164030075073,-0.0025366079062223434,-0.859861433506012,0.0988522191326522,-0.7655239125082776,1.4070231938239508,-0.002631629351526499,-0.012127299793064594,0.0034243990667164326,-5.243169505744183e-06,-0.00040573556909382876,-2.3362128299381587e-05
3721,1623510975.9239895,0.0,-0.045925065875053406,-0.003279764438048005,-0.8600612282752991,0.09877238403740483,-0.7654509339232363,1.407018427744118,-0.003696893807500601,-0.005735713057219982,-0.0029671876691281796,-0.004083478048852141,0.003410433462660098,0.00017217101558899658
3722,1623510975.933843,0.0,-0.045914921909570694,-0.0033386058639734983,-0.8600452542304993,0.09876613871928513,-0.7654451895408081,1.4070167380154475,0.008021015673875809,-0.017453622072935104,-0.004032452125102282,-0.004292820576255965,0.003819894212854914,5.130513556964054e-05
3723,1623510975.9437273,0.0,-0.04590723291039467,-0.0033599704038351774,-0.8600034117698669,0.09876301994264891,-0.7654438927553361,1.4070183461769075,-0.0005011003231629729,0.00598219595849514,0.007685456890612841,-0.0004432320705211165,0.0004402926208087842,-3.341964396208378e-05
3724,1623510975.9537587,0.0,-0.045900557190179825,-0.00330664636567235,-0.8599928617477417,0.09876730057604197,-0.7654501676165832,1.4070207028251693,-0.004762158263474703,0.009177989326417446,0.004489663522690535,0.00014109881262758158,-0.00026162366082354015,3.0277277548461778e-05
3725,1623510975.9636621,0.0,-0.045899469405412674,-0.0033097215928137302,-0.8599625825881958,0.09876805899169916,-0.7654489472191178,1.407020749350138,0.0026946929283440113,0.013439047150313854,0.009815986268222332,0.00022408300452434667,-0.00042985802801002196,0.00010801119106013403
3726,1623510975.9736295,0.0,-0.045878201723098755,-0.003304187674075365,-0.8599475026130676,0.09876539660617592,-0.7654523815679843,1.4070167565195073,0.0005641641328111291,0.01983063295483589,0.0034243990667164326,-0.00010222662636916378,-5.6564131127135824e-05,-0.00010140516682837549
3727,1623510975.9836261,0.0,-0.04585643857717514,-0.003271348075941205,-0.8599264025688171,0.0987639674758161,-0.7654617494856311,1.407018810042921,0.005890486296266317,0.00598219595849514,0.0034243990667164326,-0.00014263591411941328,-0.0006192330917010815,-2.7834464851411465e-05
3728,1623510975.9937677,0.0,-0.04583524167537689,-0.003230721689760685,-0.8599321842193604,0.09876752047510871,-0.7654663590557983,1.4070227703108482,0.0037599573843181133,-0.001474655233323574,0.00022860581520944834,0.00016583977260017726,-0.0007218969305616084,0.00018294433449006324
3729,1623510976.0039606,0.0,-0.04581575095653534,-0.0032240087166428566,-0.8599079251289368,0.09876667992009489,-0.76547033653741,1.4070207721484531,0.015477865934371948,-0.00467044860124588,0.0012938702711835504,0.00017274412183144406,-0.00039995661946546257,5.38785876563209e-05
3730,1623510976.013649,0.0,-0.04581806808710098,-0.003217712976038456,-0.859916090965271,0.09876697320647243,-0.7654712384095468,1.40701769429012,0.0016294285887852311,0.00065587367862463,0.004489663522690535,-5.235949885170218e-05,-0.00017092713280822405,-0.0001445045900273418
